"","ItemID","classId","buildType","installId","playerName","playerId","timestamp","platform","sessionId","teacherId","type","unit","buildVersion","PlayerpostionX","PlayerpostionZ","PlayerpostionY","CamerarotationX","CamerarotationZ","CamerarotationY","QuestTableF","TasktableF","Scenenames","buildVersion.1","taskEventType","questID","taskKey","currentProgress"
"1","5c53619ae4194c47a14dccde",4,"Development","e0e8ba1d-a1a8-492c-a490-549b4a24c221","JG1 UX1",90,"2019-01-31 08:58:56","WindowsPlayer",NA,11,"TaskEvent",0,"0.11.141",66.7399978637695,-2.96000003814697,0.792359113693237,-1,5.96046447753906e-08,0,"U1 - Welcome to WAT247",NA,"U1,U1_Quest","0.11.141","TaskActiveEvent",74,"wakeup",NA
"2","5c5361e0e4194c47a14dce5c",4,"Development","e0e8ba1d-a1a8-492c-a490-549b4a24c221","JG1 UX1",90,"2019-01-31 09:00:15","WindowsPlayer",NA,11,"TaskEvent",0,"0.11.141",66.7399978637695,-2.96000003814697,0.792359113693237,0.966823399066925,-0.255445718765259,0,"U1 - Welcome to WAT247","74,wakeup","U1,U1_Quest","0.11.141","TaskProgressEvent",74,"wakeup",1
"3","5c5361e0e4194c47a14dce5d",4,"Development","e0e8ba1d-a1a8-492c-a490-549b4a24c221","JG1 UX1",90,"2019-01-31 09:00:15","WindowsPlayer",NA,11,"TaskEvent",0,"0.11.141",66.7399978637695,-2.96000003814697,0.792359113693237,0.966823399066925,-0.255445718765259,0,"U1 - Welcome to WAT247","74,wakeup","U1,U1_Quest","0.11.141","TaskActiveEvent",74,"arfRoom",NA
"4","5c5361e0e4194c47a14dce5e",4,"Development","e0e8ba1d-a1a8-492c-a490-549b4a24c221","JG1 UX1",90,"2019-01-31 09:00:15","WindowsPlayer",NA,11,"TaskEvent",0,"0.11.141",66.7399978637695,-2.96000003814697,0.792359113693237,0.966823399066925,-0.255445718765259,0,"U1 - Welcome to WAT247","74,wakeup;74,arfRoom","U1,U1_Quest","0.11.141","TaskCompleteEvent",74,"wakeup",NA
"5","5c536212e4194c47a14dcf8a",4,"Development","e0e8ba1d-a1a8-492c-a490-549b4a24c221","JG1 UX1",90,"2019-01-31 09:01:06","WindowsPlayer",NA,11,"TaskEvent",0,"0.11.141",0.14973247051239,-54.345832824707,0.984734356403351,-0.0349018163979053,-0.999390840530396,0,"U1 - Welcome to WAT247","74,arfRoom","U1,U1_Quest","0.11.141","TaskCompleteEvent",74,"arfRoom",NA
"6","5c536212e4194c47a14dcf8c",4,"Development","e0e8ba1d-a1a8-492c-a490-549b4a24c221","JG1 UX1",90,"2019-01-31 09:01:06","WindowsPlayer",NA,11,"TaskEvent",0,"0.11.141",0.14973247051239,-54.345832824707,0.984734356403351,-0.0349018163979053,-0.999390840530396,0,"U1 - Welcome to WAT247,U1 - An Amazing AI",NA,"U1,U1_Quest","0.11.141","TaskActiveEvent",77,"collectARF",NA
"7","5c536212e4194c47a14dcf8e",4,"Development","e0e8ba1d-a1a8-492c-a490-549b4a24c221","JG1 UX1",90,"2019-01-31 09:01:06","WindowsPlayer",NA,11,"TaskEvent",0,"0.11.141",0.14973247051239,-54.345832824707,0.984734356403351,-0.0349018163979053,-0.999390840530396,0,"U1 - An Amazing AI","77,collectARF","U1,U1_Quest","0.11.141","TaskProgressEvent",74,"arfRoom",1
"8","5c536281e4194c47a14dd11a",4,"Development","e0e8ba1d-a1a8-492c-a490-549b4a24c221","JG1 UX1",90,"2019-01-31 09:02:44","WindowsPlayer",NA,11,"TaskEvent",0,"0.11.141",0.453936964273453,-58.9781761169434,0.777678310871124,-0.0453653074800968,-0.99897038936615,0,"U1 - An Amazing AI","77,collectARF","U1,U1_Quest","0.11.141","TaskProgressEvent",77,"collectARF",1
"9","5c536281e4194c47a14dd11b",4,"Development","e0e8ba1d-a1a8-492c-a490-549b4a24c221","JG1 UX1",90,"2019-01-31 09:02:44","WindowsPlayer",NA,11,"TaskEvent",0,"0.11.141",0.453936964273453,-58.9781761169434,0.777678310871124,-0.0453653074800968,-0.99897038936615,0,"U1 - An Amazing AI","77,collectARF","U1,U1_Quest","0.11.141","TaskActiveEvent",77,"checkPoster",NA
"10","5c536281e4194c47a14dd11c",4,"Development","e0e8ba1d-a1a8-492c-a490-549b4a24c221","JG1 UX1",90,"2019-01-31 09:02:44","WindowsPlayer",NA,11,"TaskEvent",0,"0.11.141",0.453936964273453,-58.9781761169434,0.777678310871124,-0.0453653074800968,-0.99897038936615,0,"U1 - An Amazing AI","77,collectARF;77,checkPoster","U1,U1_Quest","0.11.141","TaskCompleteEvent",77,"collectARF",NA
"11","5c5362d6e4194c47a14dd205",4,"Development","e0e8ba1d-a1a8-492c-a490-549b4a24c221","JG1 UX1",90,"2019-01-31 09:04:09","WindowsPlayer",NA,11,"TaskEvent",0,"0.11.141",-3.61238980293274,-62.4347534179688,0.777678370475769,-0.985995709896088,0.166771233081818,0,"U1 - An Amazing AI","77,checkPoster","U1,U1_Quest","0.11.141","TaskProgressEvent",77,"checkPoster",1
"12","5c5362d6e4194c47a14dd206",4,"Development","e0e8ba1d-a1a8-492c-a490-549b4a24c221","JG1 UX1",90,"2019-01-31 09:04:09","WindowsPlayer",NA,11,"TaskEvent",0,"0.11.141",-3.61238980293274,-62.4347534179688,0.777678370475769,-0.985995709896088,0.166771233081818,0,"U1 - An Amazing AI","77,checkPoster","U1,U1_Quest","0.11.141","TaskActiveEvent",77,"trialArg",NA
"13","5c5362d6e4194c47a14dd207",4,"Development","e0e8ba1d-a1a8-492c-a490-549b4a24c221","JG1 UX1",90,"2019-01-31 09:04:09","WindowsPlayer",NA,11,"TaskEvent",0,"0.11.141",-3.61238980293274,-62.4347534179688,0.777678370475769,-0.985995709896088,0.166771233081818,0,"U1 - An Amazing AI","77,checkPoster;77,trialArg","U1,U1_Quest","0.11.141","TaskCompleteEvent",77,"checkPoster",NA
"14","5c536303e4194c47a14dd2a0",4,"Development","e0e8ba1d-a1a8-492c-a490-549b4a24c221","JG1 UX1",90,"2019-01-31 09:05:02","WindowsPlayer",NA,11,"TaskEvent",0,"0.11.141",-3.61238980293274,-62.4347534179688,0.777678370475769,-0.985995709896088,0.166771233081818,0,"U1 - An Amazing AI","77,trialArg","U1,U1_Quest","0.11.141","TaskCompleteEvent",77,"trialArg",NA
"15","5c536303e4194c47a14dd2a2",4,"Development","e0e8ba1d-a1a8-492c-a490-549b4a24c221","JG1 UX1",90,"2019-01-31 09:05:02","WindowsPlayer",NA,11,"TaskEvent",0,"0.11.141",-3.61238980293274,-62.4347534179688,0.777678370475769,-0.985995709896088,0.166771233081818,0,"U1 - An Amazing AI,U1 - Time to Argue!",NA,"U1,U1_Quest","0.11.141","TaskActiveEvent",78,"toppoTalk",NA
"16","5c536303e4194c47a14dd2a4",4,"Development","e0e8ba1d-a1a8-492c-a490-549b4a24c221","JG1 UX1",90,"2019-01-31 09:05:02","WindowsPlayer",NA,11,"TaskEvent",0,"0.11.141",-3.61238980293274,-62.4347534179688,0.777678370475769,-0.985995709896088,0.166771233081818,0,"U1 - Time to Argue!","78,toppoTalk","U1,U1_Quest","0.11.141","TaskProgressEvent",77,"trialArg",1
"17","5c536362e4194c47a14dd37e",4,"Development","e0e8ba1d-a1a8-492c-a490-549b4a24c221","JG1 UX1",90,"2019-01-31 09:06:42","WindowsPlayer",NA,11,"TaskEvent",0,"0.11.141",-68.1259002685547,0.488281041383743,0.792359113693237,0.999780774116516,-0.0209455490112305,0,"U1 - Time to Argue!","78,toppoTalk","U1,U1_Quest","0.11.141","TaskProgressEvent",78,"toppoTalk",1
"18","5c536362e4194c47a14dd37f",4,"Development","e0e8ba1d-a1a8-492c-a490-549b4a24c221","JG1 UX1",90,"2019-01-31 09:06:42","WindowsPlayer",NA,11,"TaskEvent",0,"0.11.141",-68.1259002685547,0.488281041383743,0.792359113693237,0.999780774116516,-0.0209455490112305,0,"U1 - Time to Argue!","78,toppoTalk","U1,U1_Quest","0.11.141","TaskActiveEvent",78,"completeArg",NA
"19","5c536362e4194c47a14dd380",4,"Development","e0e8ba1d-a1a8-492c-a490-549b4a24c221","JG1 UX1",90,"2019-01-31 09:06:42","WindowsPlayer",NA,11,"TaskEvent",0,"0.11.141",-68.1259002685547,0.488281041383743,0.792359113693237,0.999780774116516,-0.0209455490112305,0,"U1 - Time to Argue!","78,toppoTalk;78,completeArg","U1,U1_Quest","0.11.141","TaskCompleteEvent",78,"toppoTalk",NA
"20","5c5363dfe4194c47a14dd4c7",4,"Development","e0e8ba1d-a1a8-492c-a490-549b4a24c221","JG1 UX1",90,"2019-01-31 09:08:39","WindowsPlayer",NA,11,"TaskEvent",0,"0.11.141",-68.1259002685547,0.488281041383743,0.792359113693237,0.991894841194153,0.127062022686005,0,"U1 - Time to Argue!","78,completeArg","U1,U1_Quest","0.11.141","TaskCompleteEvent",78,"completeArg",NA
"21","5c5363dfe4194c47a14dd4c9",4,"Development","e0e8ba1d-a1a8-492c-a490-549b4a24c221","JG1 UX1",90,"2019-01-31 09:08:39","WindowsPlayer",NA,11,"TaskEvent",0,"0.11.141",-68.1259002685547,0.488281041383743,0.792359113693237,0.991894841194153,0.127062022686005,0,"U1 - Time to Argue!,U1 - Meet up with Jasper",NA,"U1,U1_Quest","0.11.141","TaskActiveEvent",79,"meetJasper",NA
"22","5c5363dfe4194c47a14dd4cb",4,"Development","e0e8ba1d-a1a8-492c-a490-549b4a24c221","JG1 UX1",90,"2019-01-31 09:08:39","WindowsPlayer",NA,11,"TaskEvent",0,"0.11.141",-68.1259002685547,0.488281041383743,0.792359113693237,0.991894841194153,0.127062022686005,0,"U1 - Meet up with Jasper","79,meetJasper","U1,U1_Quest","0.11.141","TaskProgressEvent",78,"completeArg",1
"23","5c53646be4194c47a14dd606",4,"Development","e0e8ba1d-a1a8-492c-a490-549b4a24c221","JG1 UX1",90,"2019-01-31 09:10:50","WindowsPlayer",NA,11,"TaskEvent",0,"0.11.141",22.3325271606445,1.6307418346405,0.787625193595886,0.997684180736542,-0.0680166482925415,0,"U1 - Meet up with Jasper","79,meetJasper","U1,U1_Quest","0.11.141","TaskProgressEvent",79,"meetJasper",1
"24","5c53646be4194c47a14dd607",4,"Development","e0e8ba1d-a1a8-492c-a490-549b4a24c221","JG1 UX1",90,"2019-01-31 09:10:50","WindowsPlayer",NA,11,"TaskEvent",0,"0.11.141",22.3325271606445,1.6307418346405,0.787625193595886,0.997684180736542,-0.0680166482925415,0,"U1 - Meet up with Jasper","79,meetJasper","U1,U1_Quest","0.11.141","TaskActiveEvent",79,"followJasper",NA
"25","5c53646be4194c47a14dd608",4,"Development","e0e8ba1d-a1a8-492c-a490-549b4a24c221","JG1 UX1",90,"2019-01-31 09:10:50","WindowsPlayer",NA,11,"TaskEvent",0,"0.11.141",22.3325271606445,1.6307418346405,0.787625193595886,0.997684180736542,-0.0680166482925415,0,"U1 - Meet up with Jasper","79,meetJasper;79,followJasper","U1,U1_Quest","0.11.141","TaskCompleteEvent",79,"meetJasper",NA
"26","5c53646be4194c47a14dd618",4,"Development","e0e8ba1d-a1a8-492c-a490-549b4a24c221","JG1 UX1",90,"2019-01-31 09:11:03","WindowsPlayer",NA,11,"TaskEvent",0,"0.11.141",35.611400604248,23.9559345245361,0.979737520217896,-0.481752663850784,0.876307249069214,0,"U1 - Meet up with Jasper","79,followJasper","U1,U1_Quest","0.11.141","TaskProgressEvent",79,"followJasper",1
"27","5c53646be4194c47a14dd619",4,"Development","e0e8ba1d-a1a8-492c-a490-549b4a24c221","JG1 UX1",90,"2019-01-31 09:11:03","WindowsPlayer",NA,11,"TaskEvent",0,"0.11.141",35.611400604248,23.9559345245361,0.979737520217896,-0.481752663850784,0.876307249069214,0,"U1 - Meet up with Jasper","79,followJasper","U1,U1_Quest","0.11.141","TaskActiveEvent",79,"jumpDebris",NA
"28","5c53646be4194c47a14dd61a",4,"Development","e0e8ba1d-a1a8-492c-a490-549b4a24c221","JG1 UX1",90,"2019-01-31 09:11:03","WindowsPlayer",NA,11,"TaskEvent",0,"0.11.141",35.611400604248,23.9559345245361,0.979737520217896,-0.481752663850784,0.876307249069214,0,"U1 - Meet up with Jasper","79,followJasper;79,jumpDebris","U1,U1_Quest","0.11.141","TaskCompleteEvent",79,"followJasper",NA
"29","5c53647fe4194c47a14dd651",4,"Development","e0e8ba1d-a1a8-492c-a490-549b4a24c221","JG1 UX1",90,"2019-01-31 09:11:21","WindowsPlayer",NA,11,"TaskEvent",0,"0.11.141",30.3600845336914,30.236213684082,2.0822422504425,-0.636077225208282,0.771625399589539,0,"U1 - Meet up with Jasper","79,jumpDebris","U1,U1_Quest","0.11.141","TaskProgressEvent",79,"jumpDebris",1
"30","5c53647fe4194c47a14dd652",4,"Development","e0e8ba1d-a1a8-492c-a490-549b4a24c221","JG1 UX1",90,"2019-01-31 09:11:21","WindowsPlayer",NA,11,"TaskEvent",0,"0.11.141",30.3600845336914,30.236213684082,2.0822422504425,-0.636077225208282,0.771625399589539,0,"U1 - Meet up with Jasper","79,jumpDebris","U1,U1_Quest","0.11.141","TaskActiveEvent",79,"escapePods",NA
"31","5c53647fe4194c47a14dd653",4,"Development","e0e8ba1d-a1a8-492c-a490-549b4a24c221","JG1 UX1",90,"2019-01-31 09:11:21","WindowsPlayer",NA,11,"TaskEvent",0,"0.11.141",30.3600845336914,30.236213684082,2.0822422504425,-0.636077225208282,0.771625399589539,0,"U1 - Meet up with Jasper","79,jumpDebris;79,escapePods","U1,U1_Quest","0.11.141","TaskCompleteEvent",79,"jumpDebris",NA
"32","5c536489e4194c47a14dd671",4,"Development","e0e8ba1d-a1a8-492c-a490-549b4a24c221","JG1 UX1",90,"2019-01-31 09:11:29","WindowsPlayer",NA,11,"TaskEvent",0,"0.11.141",-0.476606011390686,55.636848449707,0.980474591255188,-0.304032623767853,0.952661633491516,0,"U1 - Meet up with Jasper","79,escapePods","U1,U1_Quest","0.11.141","TaskProgressEvent",79,"escapePods",1
"33","5c536489e4194c47a14dd672",4,"Development","e0e8ba1d-a1a8-492c-a490-549b4a24c221","JG1 UX1",90,"2019-01-31 09:11:29","WindowsPlayer",NA,11,"TaskEvent",0,"0.11.141",-0.476606011390686,55.636848449707,0.980474591255188,-0.304032623767853,0.952661633491516,0,"U1 - Meet up with Jasper","79,escapePods","U1,U1_Quest","0.11.141","TaskActiveEvent",79,"enterPod",NA
"34","5c536489e4194c47a14dd673",4,"Development","e0e8ba1d-a1a8-492c-a490-549b4a24c221","JG1 UX1",90,"2019-01-31 09:11:29","WindowsPlayer",NA,11,"TaskEvent",0,"0.11.141",-0.476606011390686,55.636848449707,0.980474591255188,-0.304032623767853,0.952661633491516,0,"U1 - Meet up with Jasper","79,escapePods;79,enterPod","U1,U1_Quest","0.11.141","TaskCompleteEvent",79,"escapePods",NA
"35","5c5364a2e4194c47a14dd6ac",4,"Development","e0e8ba1d-a1a8-492c-a490-549b4a24c221","JG1 UX1",90,"2019-01-31 09:11:48","WindowsPlayer",NA,11,"TaskEvent",0,"0.11.141",2.14137053489685,74.1653671264648,0.980000019073486,-0.408330053091049,0.912834346294403,0,"U1 - Meet up with Jasper","79,enterPod","U1,U1_Quest","0.11.141","TaskCompleteEvent",79,"enterPod",NA
"36","5c5364a2e4194c47a14dd6ae",4,"Development","e0e8ba1d-a1a8-492c-a490-549b4a24c221","JG1 UX1",90,"2019-01-31 09:11:48","WindowsPlayer",NA,11,"TaskEvent",0,"0.11.141",2.14137053489685,74.1653671264648,0.980000019073486,-0.408330053091049,0.912834346294403,0,"",NA,"U1,U1_Quest","0.11.141","TaskProgressEvent",79,"enterPod",1
"37","5c5364b9e4194c47a14dd6dd",4,"Development","e0e8ba1d-a1a8-492c-a490-549b4a24c221","JG1 UX1",90,"2019-01-31 09:12:21","WindowsPlayer",NA,11,"TaskEvent",0,"0.11.141",675.669982910156,1129.66003417969,98.5059509277344,-0.0337118096649647,-0.999431610107422,0,"Find Toppo's Posters",NA,"U2,U2_Collectibles,U2_Quests","0.11.141","TaskActiveEvent",49,"poster1",NA
"38","5c5364b9e4194c47a14dd6de",4,"Development","e0e8ba1d-a1a8-492c-a490-549b4a24c221","JG1 UX1",90,"2019-01-31 09:12:21","WindowsPlayer",NA,11,"TaskEvent",0,"0.11.141",675.669982910156,1129.66003417969,98.5059509277344,-0.0337118096649647,-0.999431610107422,0,"Find Toppo's Posters","49,poster1","U2,U2_Collectibles,U2_Quests","0.11.141","TaskActiveEvent",49,"poster2",NA
"39","5c5364b9e4194c47a14dd6df",4,"Development","e0e8ba1d-a1a8-492c-a490-549b4a24c221","JG1 UX1",90,"2019-01-31 09:12:21","WindowsPlayer",NA,11,"TaskEvent",0,"0.11.141",675.669982910156,1129.66003417969,98.5059509277344,-0.0337118096649647,-0.999431610107422,0,"Find Toppo's Posters","49,poster1;49,poster2","U2,U2_Collectibles,U2_Quests","0.11.141","TaskActiveEvent",49,"poster3",NA
"40","5c5364b9e4194c47a14dd6e0",4,"Development","e0e8ba1d-a1a8-492c-a490-549b4a24c221","JG1 UX1",90,"2019-01-31 09:12:21","WindowsPlayer",NA,11,"TaskEvent",0,"0.11.141",675.669982910156,1129.66003417969,98.5059509277344,-0.0337118096649647,-0.999431610107422,0,"Find Toppo's Posters","49,poster1;49,poster2;49,poster3","U2,U2_Collectibles,U2_Quests","0.11.141","TaskActiveEvent",49,"poster4",NA
"41","5c5364b9e4194c47a14dd6e1",4,"Development","e0e8ba1d-a1a8-492c-a490-549b4a24c221","JG1 UX1",90,"2019-01-31 09:12:21","WindowsPlayer",NA,11,"TaskEvent",0,"0.11.141",675.669982910156,1129.66003417969,98.5059509277344,-0.0337118096649647,-0.999431610107422,0,"Find Toppo's Posters","49,poster1;49,poster2;49,poster3;49,poster4","U2,U2_Collectibles,U2_Quests","0.11.141","TaskActiveEvent",49,"poster5",NA
"42","5c5364b9e4194c47a14dd6e2",4,"Development","e0e8ba1d-a1a8-492c-a490-549b4a24c221","JG1 UX1",90,"2019-01-31 09:12:21","WindowsPlayer",NA,11,"TaskEvent",0,"0.11.141",675.669982910156,1129.66003417969,98.5059509277344,-0.0337118096649647,-0.999431610107422,0,"Find Toppo's Posters","49,poster1;49,poster2;49,poster3;49,poster4;49,poster5","U2,U2_Collectibles,U2_Quests","0.11.141","TaskActiveEvent",49,"poster6",NA
"43","5c5364ffe4194c47a14dd791",4,"Development","e0e8ba1d-a1a8-492c-a490-549b4a24c221","JG1 UX1",90,"2019-01-31 09:13:28","WindowsPlayer",NA,11,"TaskEvent",0,"0.11.141",667.549987792969,1171.86535644531,99.7214050292969,0.179971471428871,-0.983672022819519,0,"Find Toppo's Posters,What just happened?","49,poster1;49,poster2;49,poster3;49,poster4;49,poster5;49,poster6","U2,U2_Collectibles,U2_Quests","0.11.141","TaskActiveEvent",51,"pod",NA
"44","5c536509e4194c47a14dd7a3",4,"Development","e0e8ba1d-a1a8-492c-a490-549b4a24c221","JG1 UX1",90,"2019-01-31 09:13:37","WindowsPlayer",NA,11,"TaskEvent",0,"0.11.141",675.210876464844,1126.1494140625,98.193977355957,0.181688025593758,-0.983356475830078,0,"Find Toppo's Posters,What just happened?,Crash Diagnostics - Mountains","49,poster1;49,poster2;49,poster3;49,poster4;49,poster5;49,poster6;51,pod","U2,U2_Collectibles,U2_Quests","0.11.141","TaskActiveEvent",44,"your pod",NA
"45","5c536513e4194c47a14dd7cd",4,"Development","e0e8ba1d-a1a8-492c-a490-549b4a24c221","JG1 UX1",90,"2019-01-31 09:13:52","WindowsPlayer",NA,11,"TaskEvent",0,"0.11.141",675.372680664062,1125.26733398438,98.1188278198242,0.181688025593758,-0.983356475830078,0,"Find Toppo's Posters,What just happened?,Crash Diagnostics - Mountains","49,poster1;49,poster2;49,poster3;49,poster4;49,poster5;49,poster6;51,pod;44,your pod","U2,U2_Collectibles,U2_Quests","0.11.141","TaskCompleteEvent",44,"your pod",NA
"46","5c536513e4194c47a14dd7cf",4,"Development","e0e8ba1d-a1a8-492c-a490-549b4a24c221","JG1 UX1",90,"2019-01-31 09:13:52","WindowsPlayer",NA,11,"TaskEvent",0,"0.11.141",675.372680664062,1125.26733398438,98.1188278198242,0.181688025593758,-0.983356475830078,0,"Find Toppo's Posters,What just happened?","49,poster1;49,poster2;49,poster3;49,poster4;49,poster5;49,poster6;51,pod","U2,U2_Collectibles,U2_Quests","0.11.141","TaskProgressEvent",44,"your pod",1
"47","5c536536e4194c47a14dd810",4,"Development","e0e8ba1d-a1a8-492c-a490-549b4a24c221","JG1 UX1",90,"2019-01-31 09:14:26","WindowsPlayer",NA,11,"TaskEvent",0,"0.11.141",675.372680664062,1125.26733398438,98.1188278198242,-0.0284782815724611,-0.999594688415527,0,"Find Toppo's Posters,What just happened?","49,poster1;49,poster2;49,poster3;49,poster4;49,poster5;49,poster6;51,pod","U2,U2_Collectibles,U2_Quests","0.11.141","TaskProgressEvent",51,"pod",1
"48","5c536536e4194c47a14dd811",4,"Development","e0e8ba1d-a1a8-492c-a490-549b4a24c221","JG1 UX1",90,"2019-01-31 09:14:26","WindowsPlayer",NA,11,"TaskEvent",0,"0.11.141",675.372680664062,1125.26733398438,98.1188278198242,-0.0284782815724611,-0.999594688415527,0,"Find Toppo's Posters,What just happened?","49,poster1;49,poster2;49,poster3;49,poster4;49,poster5;49,poster6;51,pod","U2,U2_Collectibles,U2_Quests","0.11.141","TaskActiveEvent",51,"scrap",NA
"49","5c536536e4194c47a14dd812",4,"Development","e0e8ba1d-a1a8-492c-a490-549b4a24c221","JG1 UX1",90,"2019-01-31 09:14:26","WindowsPlayer",NA,11,"TaskEvent",0,"0.11.141",675.372680664062,1125.26733398438,98.1188278198242,-0.0284782815724611,-0.999594688415527,0,"Find Toppo's Posters,What just happened?","49,poster1;49,poster2;49,poster3;49,poster4;49,poster5;49,poster6;51,pod;51,scrap","U2,U2_Collectibles,U2_Quests","0.11.141","TaskCompleteEvent",51,"pod",NA
"50","5c53654fe4194c47a14dd858",4,"Development","e0e8ba1d-a1a8-492c-a490-549b4a24c221","JG1 UX1",90,"2019-01-31 09:14:49","WindowsPlayer",NA,11,"TaskEvent",0,"0.11.141",642.536987304688,1207.30139160156,107.791450500488,-0.498004972934723,0.86717414855957,0,"Find Toppo's Posters,What just happened?","49,poster1;49,poster2;49,poster3;49,poster4;49,poster5;49,poster6;51,scrap","U2,U2_Collectibles,U2_Quests","0.11.141","TaskProgressEvent",51,"scrap",1
"51","5c53655ee4194c47a14dd86e",4,"Development","e0e8ba1d-a1a8-492c-a490-549b4a24c221","JG1 UX1",90,"2019-01-31 09:15:01","WindowsPlayer",NA,11,"TaskEvent",0,"0.11.141",657.557800292969,1243.966796875,107.767517089844,-0.498970955610275,-0.866618633270264,0,"Find Toppo's Posters,What just happened?","49,poster1;49,poster2;49,poster3;49,poster4;49,poster5;49,poster6;51,scrap","U2,U2_Collectibles,U2_Quests","0.11.141","TaskProgressEvent",51,"scrap",2
"52","5c536568e4194c47a14dd896",4,"Development","e0e8ba1d-a1a8-492c-a490-549b4a24c221","JG1 UX1",90,"2019-01-31 09:15:15","WindowsPlayer",NA,11,"TaskEvent",0,"0.11.141",712.841552734375,1216.76013183594,107.511917114258,0.996682941913605,0.0813829302787781,0,"Find Toppo's Posters,What just happened?","49,poster1;49,poster2;49,poster3;49,poster4;49,poster5;49,poster6;51,scrap","U2,U2_Collectibles,U2_Quests","0.11.141","TaskProgressEvent",51,"scrap",3
"53","5c536568e4194c47a14dd897",4,"Development","e0e8ba1d-a1a8-492c-a490-549b4a24c221","JG1 UX1",90,"2019-01-31 09:15:15","WindowsPlayer",NA,11,"TaskEvent",0,"0.11.141",712.841552734375,1216.76013183594,107.511917114258,0.996682941913605,0.0813829302787781,0,"Find Toppo's Posters,What just happened?","49,poster1;49,poster2;49,poster3;49,poster4;49,poster5;49,poster6;51,scrap","U2,U2_Collectibles,U2_Quests","0.11.141","TaskActiveEvent",51,"hoverboard",NA
"54","5c536568e4194c47a14dd89a",4,"Development","e0e8ba1d-a1a8-492c-a490-549b4a24c221","JG1 UX1",90,"2019-01-31 09:15:15","WindowsPlayer",NA,11,"TaskEvent",0,"0.11.141",712.841552734375,1216.76013183594,107.511917114258,0.996682941913605,0.0813829302787781,0,"Find Toppo's Posters,What just happened?","49,poster1;49,poster2;49,poster3;49,poster4;49,poster5;49,poster6;51,scrap;51,hoverboard","U2,U2_Collectibles,U2_Quests","0.11.141","TaskCompleteEvent",51,"scrap",NA
"55","5c5365a4e4194c47a14dd926",4,"Development","e0e8ba1d-a1a8-492c-a490-549b4a24c221","JG1 UX1",90,"2019-01-31 09:16:16","WindowsPlayer",NA,11,"TaskEvent",0,"0.11.141",675.291564941406,1124.14331054688,97.9673309326172,0.249840423464775,-0.968287110328674,0,"Find Toppo's Posters,What just happened?","49,poster1;49,poster2;49,poster3;49,poster4;49,poster5;49,poster6;51,hoverboard","U2,U2_Collectibles,U2_Quests","0.11.141","TaskProgressEvent",51,"hoverboard",1
"56","5c5365a4e4194c47a14dd927",4,"Development","e0e8ba1d-a1a8-492c-a490-549b4a24c221","JG1 UX1",90,"2019-01-31 09:16:16","WindowsPlayer",NA,11,"TaskEvent",0,"0.11.141",675.291564941406,1124.14331054688,97.9673309326172,0.249840423464775,-0.968287110328674,0,"Find Toppo's Posters,What just happened?","49,poster1;49,poster2;49,poster3;49,poster4;49,poster5;49,poster6;51,hoverboard","U2,U2_Collectibles,U2_Quests","0.11.141","TaskActiveEvent",51,"communications",NA
"57","5c5365a4e4194c47a14dd928",4,"Development","e0e8ba1d-a1a8-492c-a490-549b4a24c221","JG1 UX1",90,"2019-01-31 09:16:16","WindowsPlayer",NA,11,"TaskEvent",0,"0.11.141",675.291564941406,1124.14331054688,97.9673309326172,0.249840423464775,-0.968287110328674,0,"Find Toppo's Posters,What just happened?","49,poster1;49,poster2;49,poster3;49,poster4;49,poster5;49,poster6;51,hoverboard;51,communications","U2,U2_Collectibles,U2_Quests","0.11.141","TaskCompleteEvent",51,"hoverboard",NA
"58","5c5365efe4194c47a14dd9de",4,"Development","e0e8ba1d-a1a8-492c-a490-549b4a24c221","JG1 UX1",90,"2019-01-31 09:17:31","WindowsPlayer",NA,11,"TaskEvent",0,"0.11.141",727.79541015625,1514.42419433594,125.257843017578,0.512521922588348,0.858674168586731,0,"Find Toppo's Posters,What just happened?","49,poster1;49,poster2;49,poster3;49,poster4;49,poster5;49,poster6;51,communications","U2,U2_Collectibles,U2_Quests","0.11.141","TaskProgressEvent",49,"poster2",1
"59","5c5365efe4194c47a14dd9df",4,"Development","e0e8ba1d-a1a8-492c-a490-549b4a24c221","JG1 UX1",90,"2019-01-31 09:17:31","WindowsPlayer",NA,11,"TaskEvent",0,"0.11.141",727.79541015625,1514.42419433594,125.257843017578,0.512521922588348,0.858674168586731,0,"Find Toppo's Posters,What just happened?","49,poster1;49,poster2;49,poster3;49,poster4;49,poster5;49,poster6;51,communications","U2,U2_Collectibles,U2_Quests","0.11.141","TaskCompleteEvent",49,"poster2",NA
"60","5c536603e4194c47a14dda17",4,"Development","e0e8ba1d-a1a8-492c-a490-549b4a24c221","JG1 UX1",90,"2019-01-31 09:17:54","WindowsPlayer",NA,11,"TaskEvent",0,"0.11.141",702.118286132812,1526.67736816406,123.251609802246,0.793013632297516,-0.609203934669495,0,"Find Toppo's Posters,What just happened?","49,poster1;49,poster3;49,poster4;49,poster5;49,poster6;51,communications","U2,U2_Collectibles,U2_Quests","0.11.141","TaskCompleteEvent",51,"communications",NA
"61","5c536603e4194c47a14dda19",4,"Development","e0e8ba1d-a1a8-492c-a490-549b4a24c221","JG1 UX1",90,"2019-01-31 09:17:54","WindowsPlayer",NA,11,"TaskEvent",0,"0.11.141",702.118286132812,1526.67736816406,123.251609802246,0.793013632297516,-0.609203934669495,0,"Find Toppo's Posters,What just happened?,Find the Team","49,poster1;49,poster3;49,poster4;49,poster5;49,poster6","U2,U2_Collectibles,U2_Quests","0.11.141","TaskActiveEvent",20,"Find the team",NA
"62","5c536603e4194c47a14dda1e",4,"Development","e0e8ba1d-a1a8-492c-a490-549b4a24c221","JG1 UX1",90,"2019-01-31 09:17:54","WindowsPlayer",NA,11,"TaskEvent",0,"0.11.141",702.118286132812,1526.67736816406,123.251609802246,0.793013632297516,-0.609203934669495,0,"Find Toppo's Posters,Find the Team","49,poster1;49,poster3;49,poster4;49,poster5;49,poster6;20,Find the team","U2,U2_Collectibles,U2_Quests","0.11.141","TaskProgressEvent",51,"communications",1
"63","5c53666ce4194c47a14ddb35",4,"Development","e0e8ba1d-a1a8-492c-a490-549b4a24c221","JG1 UX1",90,"2019-01-31 09:19:36","WindowsPlayer",NA,11,"TaskEvent",0,"0.11.141",1006.46276855469,1762.74523925781,120.606796264648,0.848676562309265,-0.528911828994751,0,"Find Toppo's Posters,Find the Team","49,poster1;49,poster3;49,poster4;49,poster5;49,poster6;20,Find the team","U2,U2_Collectibles,U2_Quests","0.11.141","TaskProgressEvent",20,"Find the team",1
"64","5c53666ce4194c47a14ddb36",4,"Development","e0e8ba1d-a1a8-492c-a490-549b4a24c221","JG1 UX1",90,"2019-01-31 09:19:36","WindowsPlayer",NA,11,"TaskEvent",0,"0.11.141",1006.46276855469,1762.74523925781,120.606796264648,0.848676562309265,-0.528911828994751,0,"Find Toppo's Posters,Find the Team","49,poster1;49,poster3;49,poster4;49,poster5;49,poster6;20,Find the team","U2,U2_Collectibles,U2_Quests","0.11.141","TaskActiveEvent",20,"Talk with Dr. Topo",NA
"65","5c53666ce4194c47a14ddb37",4,"Development","e0e8ba1d-a1a8-492c-a490-549b4a24c221","JG1 UX1",90,"2019-01-31 09:19:36","WindowsPlayer",NA,11,"TaskEvent",0,"0.11.141",1006.46276855469,1762.74523925781,120.606796264648,0.848676562309265,-0.528911828994751,0,"Find Toppo's Posters,Find the Team","49,poster1;49,poster3;49,poster4;49,poster5;49,poster6;20,Find the team;20,Talk with Dr. Topo","U2,U2_Collectibles,U2_Quests","0.11.141","TaskCompleteEvent",20,"Find the team",NA
"66","5c53667be4194c47a14ddb6a",4,"Development","e0e8ba1d-a1a8-492c-a490-549b4a24c221","JG1 UX1",90,"2019-01-31 09:19:49","WindowsPlayer",NA,11,"TaskEvent",0,"0.11.141",1062.82153320312,1758.73413085938,105.276649475098,-0.239075645804405,-0.971001386642456,0,"Find Toppo's Posters,Find the Team","49,poster1;49,poster3;49,poster4;49,poster5;49,poster6;20,Talk with Dr. Topo","U2,U2_Collectibles,U2_Quests","0.11.141","TaskCompleteEvent",20,"Talk with Dr. Topo",NA
"67","5c53667be4194c47a14ddb6c",4,"Development","e0e8ba1d-a1a8-492c-a490-549b4a24c221","JG1 UX1",90,"2019-01-31 09:19:49","WindowsPlayer",NA,11,"TaskEvent",0,"0.11.141",1062.82153320312,1758.73413085938,105.276649475098,-0.239075645804405,-0.971001386642456,0,"Find Toppo's Posters,Find the Team,Settling WAT247","49,poster1;49,poster3;49,poster4;49,poster5;49,poster6","U2,U2_Collectibles,U2_Quests","0.11.141","TaskActiveEvent",22,"Talk to Anderson",NA
"68","5c53667be4194c47a14ddb6e",4,"Development","e0e8ba1d-a1a8-492c-a490-549b4a24c221","JG1 UX1",90,"2019-01-31 09:19:49","WindowsPlayer",NA,11,"TaskEvent",0,"0.11.141",1062.82153320312,1758.73413085938,105.276649475098,-0.239075645804405,-0.971001386642456,0,"Find Toppo's Posters,Settling WAT247","49,poster1;49,poster3;49,poster4;49,poster5;49,poster6;22,Talk to Anderson","U2,U2_Collectibles,U2_Quests","0.11.141","TaskProgressEvent",20,"Talk with Dr. Topo",1
"69","5c536699e4194c47a14ddba1",4,"Development","e0e8ba1d-a1a8-492c-a490-549b4a24c221","JG1 UX1",90,"2019-01-31 09:20:13","WindowsPlayer",NA,11,"TaskEvent",0,"0.11.141",1062.82153320312,1758.73413085938,105.276649475098,-0.239075645804405,-0.971001386642456,0,"Find Toppo's Posters,Settling WAT247,Crash Diagnostics - Mountains","49,poster1;49,poster3;49,poster4;49,poster5;49,poster6;22,Talk to Anderson","U2,U2_Collectibles,U2_Quests","0.11.141","TaskActiveEvent",46,"jasper",NA
"70","5c53671ce4194c47a14ddd12",4,"Development","e0e8ba1d-a1a8-492c-a490-549b4a24c221","JG1 UX1",90,"2019-01-31 09:22:31","WindowsPlayer",NA,11,"TaskEvent",0,"0.11.141",1042.13623046875,1739.36486816406,104.703239440918,0.952491343021393,-0.304565191268921,0,"Find Toppo's Posters,Settling WAT247,Crash Diagnostics - Mountains","49,poster1;49,poster3;49,poster4;49,poster5;49,poster6;22,Talk to Anderson;46,jasper","U2,U2_Collectibles,U2_Quests","0.11.141","TaskProgressEvent",22,"Talk to Anderson",1
"71","5c53671ce4194c47a14ddd13",4,"Development","e0e8ba1d-a1a8-492c-a490-549b4a24c221","JG1 UX1",90,"2019-01-31 09:22:31","WindowsPlayer",NA,11,"TaskEvent",0,"0.11.141",1042.13623046875,1739.36486816406,104.703239440918,0.952491343021393,-0.304565191268921,0,"Find Toppo's Posters,Settling WAT247,Crash Diagnostics - Mountains","49,poster1;49,poster3;49,poster4;49,poster5;49,poster6;22,Talk to Anderson;46,jasper","U2,U2_Collectibles,U2_Quests","0.11.141","TaskActiveEvent",22,"Talk to Sam",NA
"72","5c53671ce4194c47a14ddd14",4,"Development","e0e8ba1d-a1a8-492c-a490-549b4a24c221","JG1 UX1",90,"2019-01-31 09:22:31","WindowsPlayer",NA,11,"TaskEvent",0,"0.11.141",1042.13623046875,1739.36486816406,104.703239440918,0.952491343021393,-0.304565191268921,0,"Find Toppo's Posters,Settling WAT247,Crash Diagnostics - Mountains","49,poster1;49,poster3;49,poster4;49,poster5;49,poster6;22,Talk to Anderson;46,jasper;22,Talk to Sam","U2,U2_Collectibles,U2_Quests","0.11.141","TaskCompleteEvent",22,"Talk to Anderson",NA
"73","5c536735e4194c47a14ddd48",4,"Development","e0e8ba1d-a1a8-492c-a490-549b4a24c221","JG1 UX1",90,"2019-01-31 09:22:53","WindowsPlayer",NA,11,"TaskEvent",0,"0.11.141",1058.19519042969,1734.40844726562,100.075187683105,0.988672733306885,-0.150087475776672,0,"Find Toppo's Posters,Settling WAT247,Crash Diagnostics - Mountains","49,poster1;49,poster3;49,poster4;49,poster5;49,poster6;46,jasper;22,Talk to Sam","U2,U2_Collectibles,U2_Quests","0.11.141","TaskProgressEvent",22,"Talk to Sam",1
"74","5c536735e4194c47a14ddd49",4,"Development","e0e8ba1d-a1a8-492c-a490-549b4a24c221","JG1 UX1",90,"2019-01-31 09:22:53","WindowsPlayer",NA,11,"TaskEvent",0,"0.11.141",1058.19519042969,1734.40844726562,100.075187683105,0.988672733306885,-0.150087475776672,0,"Find Toppo's Posters,Settling WAT247,Crash Diagnostics - Mountains","49,poster1;49,poster3;49,poster4;49,poster5;49,poster6;46,jasper;22,Talk to Sam","U2,U2_Collectibles,U2_Quests","0.11.141","TaskActiveEvent",22,"Talk to Bill",NA
"75","5c536735e4194c47a14ddd4a",4,"Development","e0e8ba1d-a1a8-492c-a490-549b4a24c221","JG1 UX1",90,"2019-01-31 09:22:53","WindowsPlayer",NA,11,"TaskEvent",0,"0.11.141",1058.19519042969,1734.40844726562,100.075187683105,0.988672733306885,-0.150087475776672,0,"Find Toppo's Posters,Settling WAT247,Crash Diagnostics - Mountains","49,poster1;49,poster3;49,poster4;49,poster5;49,poster6;46,jasper;22,Talk to Sam;22,Talk to Bill","U2,U2_Collectibles,U2_Quests","0.11.141","TaskCompleteEvent",22,"Talk to Sam",NA
"76","5c536744e4194c47a14ddd67",4,"Development","e0e8ba1d-a1a8-492c-a490-549b4a24c221","JG1 UX1",90,"2019-01-31 09:23:11","WindowsPlayer",NA,11,"TaskEvent",0,"0.11.141",1052.13635253906,1729.84619140625,100.307899475098,-0.803150415420532,-0.595776796340942,0,"Find Toppo's Posters,Settling WAT247,Crash Diagnostics - Mountains","49,poster1;49,poster3;49,poster4;49,poster5;49,poster6;46,jasper;22,Talk to Bill","U2,U2_Collectibles,U2_Quests","0.11.141","TaskProgressEvent",22,"Talk to Bill",1
"77","5c536744e4194c47a14ddd68",4,"Development","e0e8ba1d-a1a8-492c-a490-549b4a24c221","JG1 UX1",90,"2019-01-31 09:23:11","WindowsPlayer",NA,11,"TaskEvent",0,"0.11.141",1052.13635253906,1729.84619140625,100.307899475098,-0.803150415420532,-0.595776796340942,0,"Find Toppo's Posters,Settling WAT247,Crash Diagnostics - Mountains","49,poster1;49,poster3;49,poster4;49,poster5;49,poster6;46,jasper;22,Talk to Bill","U2,U2_Collectibles,U2_Quests","0.11.141","TaskActiveEvent",22,"Sample the east waterfall",NA
"78","5c536744e4194c47a14ddd69",4,"Development","e0e8ba1d-a1a8-492c-a490-549b4a24c221","JG1 UX1",90,"2019-01-31 09:23:11","WindowsPlayer",NA,11,"TaskEvent",0,"0.11.141",1052.13635253906,1729.84619140625,100.307899475098,-0.803150415420532,-0.595776796340942,0,"Find Toppo's Posters,Settling WAT247,Crash Diagnostics - Mountains","49,poster1;49,poster3;49,poster4;49,poster5;49,poster6;46,jasper;22,Talk to Bill;22,Sample the east waterfall","U2,U2_Collectibles,U2_Quests","0.11.141","TaskCompleteEvent",22,"Talk to Bill",NA
"79","5c5367b2e4194c47a14dde79",4,"Development","e0e8ba1d-a1a8-492c-a490-549b4a24c221","JG1 UX1",90,"2019-01-31 09:25:02","WindowsPlayer",NA,11,"TaskEvent",0,"0.11.141",1665.97961425781,289.758087158203,52.1840782165527,-0.0894498452544212,-0.995991587638855,0,"Find Toppo's Posters,Settling WAT247,Crash Diagnostics - Mountains","49,poster1;49,poster3;49,poster4;49,poster5;49,poster6;46,jasper;22,Sample the east waterfall","U2,U2_Collectibles,U2_Quests,U2_LeftWaterfall","0.11.141","TaskProgressEvent",22,"Sample the east waterfall",1
"80","5c5367b2e4194c47a14dde7a",4,"Development","e0e8ba1d-a1a8-492c-a490-549b4a24c221","JG1 UX1",90,"2019-01-31 09:25:02","WindowsPlayer",NA,11,"TaskEvent",0,"0.11.141",1665.97961425781,289.758087158203,52.1840782165527,-0.0894498452544212,-0.995991587638855,0,"Find Toppo's Posters,Settling WAT247,Crash Diagnostics - Mountains","49,poster1;49,poster3;49,poster4;49,poster5;49,poster6;46,jasper;22,Sample the east waterfall","U2,U2_Collectibles,U2_Quests,U2_LeftWaterfall","0.11.141","TaskActiveEvent",22,"Sample the west waterfall",NA
"81","5c5367b2e4194c47a14dde7b",4,"Development","e0e8ba1d-a1a8-492c-a490-549b4a24c221","JG1 UX1",90,"2019-01-31 09:25:02","WindowsPlayer",NA,11,"TaskEvent",0,"0.11.141",1665.97961425781,289.758087158203,52.1840782165527,-0.0894498452544212,-0.995991587638855,0,"Find Toppo's Posters,Settling WAT247,Crash Diagnostics - Mountains","49,poster1;49,poster3;49,poster4;49,poster5;49,poster6;46,jasper;22,Sample the east waterfall;22,Sample the west waterfall","U2,U2_Collectibles,U2_Quests,U2_LeftWaterfall","0.11.141","TaskCompleteEvent",22,"Sample the east waterfall",NA
"82","5c5367f3e4194c47a14ddf0c",4,"Development","e0e8ba1d-a1a8-492c-a490-549b4a24c221","JG1 UX1",90,"2019-01-31 09:26:09","WindowsPlayer",NA,11,"TaskEvent",0,"0.11.141",0,-50,0.980000019073486,-0.140901297330856,0.990023672580719,0,"Find Toppo's Posters,Settling WAT247,Crash Diagnostics - Mountains,Welcome to CREi","49,poster1;49,poster3;49,poster4;49,poster5;49,poster6;46,jasper;22,Sample the west waterfall","CREi","0.11.141","TaskActiveEvent",84,"Spawn a Component",NA
"83","5c53681be4194c47a14ddf6f",4,"Development","e0e8ba1d-a1a8-492c-a490-549b4a24c221","JG1 UX1",90,"2019-01-31 09:26:47","WindowsPlayer",NA,11,"TaskEvent",0,"0.11.141",0.772858142852783,-39.1133270263672,0.980000019073486,0.956813633441925,0.290702283382416,0,"Find Toppo's Posters,Settling WAT247,Crash Diagnostics - Mountains,Welcome to CREi","49,poster1;49,poster3;49,poster4;49,poster5;49,poster6;46,jasper;22,Sample the west waterfall;84,Spawn a Component","CREi","0.11.141","TaskProgressEvent",84,"Spawn a Component",1
"84","5c53681be4194c47a14ddf70",4,"Development","e0e8ba1d-a1a8-492c-a490-549b4a24c221","JG1 UX1",90,"2019-01-31 09:26:47","WindowsPlayer",NA,11,"TaskEvent",0,"0.11.141",0.772858142852783,-39.1133270263672,0.980000019073486,0.956813633441925,0.290702283382416,0,"Find Toppo's Posters,Settling WAT247,Crash Diagnostics - Mountains,Welcome to CREi","49,poster1;49,poster3;49,poster4;49,poster5;49,poster6;46,jasper;22,Sample the west waterfall;84,Spawn a Component","CREi","0.11.141","TaskActiveEvent",84,"Identify a Component",NA
"85","5c53681be4194c47a14ddf71",4,"Development","e0e8ba1d-a1a8-492c-a490-549b4a24c221","JG1 UX1",90,"2019-01-31 09:26:47","WindowsPlayer",NA,11,"TaskEvent",0,"0.11.141",0.772858142852783,-39.1133270263672,0.980000019073486,0.956813633441925,0.290702283382416,0,"Find Toppo's Posters,Settling WAT247,Crash Diagnostics - Mountains,Welcome to CREi","49,poster1;49,poster3;49,poster4;49,poster5;49,poster6;46,jasper;22,Sample the west waterfall;84,Spawn a Component;84,Identify a Component","CREi","0.11.141","TaskCompleteEvent",84,"Spawn a Component",NA
"86","5c53686be4194c47a14de033",4,"Development","e0e8ba1d-a1a8-492c-a490-549b4a24c221","JG1 UX1",90,"2019-01-31 09:28:07","WindowsPlayer",NA,11,"TaskEvent",0,"0.11.141",0.146922305226326,-33.8237113952637,0.980000078678131,-0.537299335002899,0.843391597270966,0,"Find Toppo's Posters,Settling WAT247,Crash Diagnostics - Mountains,Welcome to CREi","49,poster1;49,poster3;49,poster4;49,poster5;49,poster6;46,jasper;22,Sample the west waterfall;84,Identify a Component","CREi","0.11.141","TaskProgressEvent",84,"Identify a Component",1
"87","5c53686be4194c47a14de034",4,"Development","e0e8ba1d-a1a8-492c-a490-549b4a24c221","JG1 UX1",90,"2019-01-31 09:28:07","WindowsPlayer",NA,11,"TaskEvent",0,"0.11.141",0.146922305226326,-33.8237113952637,0.980000078678131,-0.537299335002899,0.843391597270966,0,"Find Toppo's Posters,Settling WAT247,Crash Diagnostics - Mountains,Welcome to CREi","49,poster1;49,poster3;49,poster4;49,poster5;49,poster6;46,jasper;22,Sample the west waterfall;84,Identify a Component","CREi","0.11.141","TaskActiveEvent",84,"And all the rest",NA
"88","5c53686be4194c47a14de035",4,"Development","e0e8ba1d-a1a8-492c-a490-549b4a24c221","JG1 UX1",90,"2019-01-31 09:28:07","WindowsPlayer",NA,11,"TaskEvent",0,"0.11.141",0.146922305226326,-33.8237113952637,0.980000078678131,-0.537299335002899,0.843391597270966,0,"Find Toppo's Posters,Settling WAT247,Crash Diagnostics - Mountains,Welcome to CREi","49,poster1;49,poster3;49,poster4;49,poster5;49,poster6;46,jasper;22,Sample the west waterfall;84,Identify a Component;84,And all the rest","CREi","0.11.141","TaskCompleteEvent",84,"Identify a Component",NA
"89","5c536884e4194c47a14de077",4,"Development","e0e8ba1d-a1a8-492c-a490-549b4a24c221","JG1 UX1",90,"2019-01-31 09:28:31","WindowsPlayer",NA,11,"TaskEvent",0,"0.11.141",0.170000001788139,-38.7799987792969,0.980000019073486,-0.562083661556244,-0.827080607414246,0,"Find Toppo's Posters,Settling WAT247,Crash Diagnostics - Mountains,Welcome to CREi","49,poster1;49,poster3;49,poster4;49,poster5;49,poster6;46,jasper;22,Sample the west waterfall;84,And all the rest","CREi","0.11.141","TaskProgressEvent",84,"And all the rest",1
"90","5c536884e4194c47a14de078",4,"Development","e0e8ba1d-a1a8-492c-a490-549b4a24c221","JG1 UX1",90,"2019-01-31 09:28:31","WindowsPlayer",NA,11,"TaskEvent",0,"0.11.141",0.170000001788139,-38.7799987792969,0.980000019073486,-0.562083661556244,-0.827080607414246,0,"Find Toppo's Posters,Settling WAT247,Crash Diagnostics - Mountains,Welcome to CREi","49,poster1;49,poster3;49,poster4;49,poster5;49,poster6;46,jasper;22,Sample the west waterfall;84,And all the rest","CREi","0.11.141","TaskActiveEvent",84,"Finish fixing ARF",NA
"91","5c536884e4194c47a14de079",4,"Development","e0e8ba1d-a1a8-492c-a490-549b4a24c221","JG1 UX1",90,"2019-01-31 09:28:31","WindowsPlayer",NA,11,"TaskEvent",0,"0.11.141",0.170000001788139,-38.7799987792969,0.980000019073486,-0.562083661556244,-0.827080607414246,0,"Find Toppo's Posters,Settling WAT247,Crash Diagnostics - Mountains,Welcome to CREi","49,poster1;49,poster3;49,poster4;49,poster5;49,poster6;46,jasper;22,Sample the west waterfall;84,And all the rest;84,Finish fixing ARF","CREi","0.11.141","TaskCompleteEvent",84,"And all the rest",NA
"92","5c53691fe4194c47a14de3fa",4,"Development","e0e8ba1d-a1a8-492c-a490-549b4a24c221","JG1 UX1",90,"2019-01-31 09:31:07","WindowsPlayer",NA,11,"TaskEvent",0,"0.11.141",0.170000001788139,-38.7799987792969,0.980000019073486,-0.471011012792587,0.882127344608307,0,"Find Toppo's Posters,Settling WAT247,Crash Diagnostics - Mountains,Welcome to CREi","49,poster1;49,poster3;49,poster4;49,poster5;49,poster6;46,jasper;22,Sample the west waterfall;84,Finish fixing ARF","CREi","0.11.141","TaskCompleteEvent",84,"Finish fixing ARF",NA
"93","5c53691fe4194c47a14de3fc",4,"Development","e0e8ba1d-a1a8-492c-a490-549b4a24c221","JG1 UX1",90,"2019-01-31 09:31:07","WindowsPlayer",NA,11,"TaskEvent",0,"0.11.141",0.170000001788139,-38.7799987792969,0.980000019073486,-0.471011012792587,0.882127344608307,0,"Find Toppo's Posters,Settling WAT247,Crash Diagnostics - Mountains","49,poster1;49,poster3;49,poster4;49,poster5;49,poster6;46,jasper;22,Sample the west waterfall","CREi","0.11.141","TaskProgressEvent",84,"Finish fixing ARF",1
"94","5c5369fde4194c47a14de620",4,"Development","e0e8ba1d-a1a8-492c-a490-549b4a24c221","JG1 UX1",90,"2019-01-31 09:34:48","WindowsPlayer",NA,11,"TaskEvent",0,"0.11.141",269.460052490234,297.972930908203,52.4878997802734,0.995884418487549,0.0906333327293396,0,"Find Toppo's Posters,Settling WAT247,Crash Diagnostics - Mountains","49,poster1;49,poster3;49,poster4;49,poster5;49,poster6;46,jasper;22,Sample the west waterfall","U2,U2_Collectibles,U2_Quests,U2_RightWaterfall","0.11.141","TaskCompleteEvent",22,"Sample the west waterfall",NA
"95","5c5369fde4194c47a14de625",4,"Development","e0e8ba1d-a1a8-492c-a490-549b4a24c221","JG1 UX1",90,"2019-01-31 09:34:48","WindowsPlayer",NA,11,"TaskEvent",0,"0.11.141",269.460052490234,297.972930908203,52.4878997802734,0.995884418487549,0.0906333327293396,0,"Find Toppo's Posters,Settling WAT247,Crash Diagnostics - Mountains,The Largest Watershed","49,poster1;49,poster3;49,poster4;49,poster5;49,poster6;46,jasper","U2,U2_Collectibles,U2_Quests,U2_RightWaterfall","0.11.141","TaskActiveEvent",28,"Talk to Holo-Toppo",NA
"96","5c5369fde4194c47a14de627",4,"Development","e0e8ba1d-a1a8-492c-a490-549b4a24c221","JG1 UX1",90,"2019-01-31 09:34:48","WindowsPlayer",NA,11,"TaskEvent",0,"0.11.141",269.460052490234,297.972930908203,52.4878997802734,0.995884418487549,0.0906333327293396,0,"Find Toppo's Posters,Crash Diagnostics - Mountains,The Largest Watershed","49,poster1;49,poster3;49,poster4;49,poster5;49,poster6;46,jasper;28,Talk to Holo-Toppo","U2,U2_Collectibles,U2_Quests,U2_RightWaterfall","0.11.141","TaskProgressEvent",22,"Sample the west waterfall",1
"97","5c536a89e4194c47a14de77e",4,"Development","e0e8ba1d-a1a8-492c-a490-549b4a24c221","JG1 UX1",90,"2019-01-31 09:37:10","WindowsPlayer",NA,11,"TaskEvent",0,"0.11.141",261.883544921875,294.230804443359,53.7768592834473,-0.625243663787842,0.780429601669312,0,"Find Toppo's Posters,Crash Diagnostics - Mountains,The Largest Watershed","49,poster1;49,poster3;49,poster4;49,poster5;49,poster6;46,jasper;28,Talk to Holo-Toppo","U2,U2_Collectibles,U2_Quests,U2_RightWaterfall","0.11.141","TaskProgressEvent",28,"Talk to Holo-Toppo",1
"98","5c536a89e4194c47a14de77f",4,"Development","e0e8ba1d-a1a8-492c-a490-549b4a24c221","JG1 UX1",90,"2019-01-31 09:37:10","WindowsPlayer",NA,11,"TaskEvent",0,"0.11.141",261.883544921875,294.230804443359,53.7768592834473,-0.625243663787842,0.780429601669312,0,"Find Toppo's Posters,Crash Diagnostics - Mountains,The Largest Watershed","49,poster1;49,poster3;49,poster4;49,poster5;49,poster6;46,jasper;28,Talk to Holo-Toppo","U2,U2_Collectibles,U2_Quests,U2_RightWaterfall","0.11.141","TaskActiveEvent",28,"Argue which watershed is bigger",NA
"99","5c536a89e4194c47a14de782",4,"Development","e0e8ba1d-a1a8-492c-a490-549b4a24c221","JG1 UX1",90,"2019-01-31 09:37:10","WindowsPlayer",NA,11,"TaskEvent",0,"0.11.141",261.883544921875,294.230804443359,53.7768592834473,-0.625243663787842,0.780429601669312,0,"Find Toppo's Posters,Crash Diagnostics - Mountains,The Largest Watershed","49,poster1;49,poster3;49,poster4;49,poster5;49,poster6;46,jasper;28,Talk to Holo-Toppo;28,Argue which watershed is bigger","U2,U2_Collectibles,U2_Quests,U2_RightWaterfall","0.11.141","TaskCompleteEvent",28,"Talk to Holo-Toppo",NA
"100","5c536af7e4194c47a14de88d",4,"Development","e0e8ba1d-a1a8-492c-a490-549b4a24c221","JG1 UX1",90,"2019-01-31 09:38:59","WindowsPlayer",NA,11,"TaskEvent",0,"0.11.141",261.883544921875,294.230804443359,53.7768592834473,-0.972370266914368,0.233444154262543,0,"Find Toppo's Posters,Crash Diagnostics - Mountains,The Largest Watershed","49,poster1;49,poster3;49,poster4;49,poster5;49,poster6;46,jasper;28,Argue which watershed is bigger","U2,U2_Collectibles,U2_Quests,U2_RightWaterfall","0.11.141","TaskCompleteEvent",28,"Argue which watershed is bigger",NA
"101","5c536af7e4194c47a14de88f",4,"Development","e0e8ba1d-a1a8-492c-a490-549b4a24c221","JG1 UX1",90,"2019-01-31 09:38:59","WindowsPlayer",NA,11,"TaskEvent",0,"0.11.141",261.883544921875,294.230804443359,53.7768592834473,-0.972370266914368,0.233444154262543,0,"Find Toppo's Posters,Crash Diagnostics - Mountains,The Largest Watershed,Welcome home","49,poster1;49,poster3;49,poster4;49,poster5;49,poster6;46,jasper","U2,U2_Collectibles,U2_Quests,U2_RightWaterfall","0.11.141","TaskActiveEvent",58,"Speak with Toppo",NA
"102","5c536af7e4194c47a14de894",4,"Development","e0e8ba1d-a1a8-492c-a490-549b4a24c221","JG1 UX1",90,"2019-01-31 09:38:59","WindowsPlayer",NA,11,"TaskEvent",0,"0.11.141",261.883544921875,294.230804443359,53.7768592834473,-0.972370266914368,0.233444154262543,0,"Find Toppo's Posters,Crash Diagnostics - Mountains,Welcome home","49,poster1;49,poster3;49,poster4;49,poster5;49,poster6;46,jasper;58,Speak with Toppo","U2,U2_Collectibles,U2_Quests,U2_RightWaterfall","0.11.141","TaskProgressEvent",28,"Argue which watershed is bigger",1
"103","5c536b5be4194c47a14de975",4,"Development","e0e8ba1d-a1a8-492c-a490-549b4a24c221","JG1 UX1",90,"2019-01-31 09:40:38","WindowsPlayer",NA,11,"TaskEvent",0,"0.11.141",91.6363220214844,104.995094299316,77.9805450439453,-0.392336905002594,-0.919821619987488,0,"Find Toppo's Posters,Crash Diagnostics - Mountains,Welcome home","49,poster1;49,poster3;49,poster4;49,poster5;49,poster6;46,jasper;58,Speak with Toppo","Player_Base","0.11.141","TaskProgressEvent",58,"Speak with Toppo",1
"104","5c536b5be4194c47a14de976",4,"Development","e0e8ba1d-a1a8-492c-a490-549b4a24c221","JG1 UX1",90,"2019-01-31 09:40:38","WindowsPlayer",NA,11,"TaskEvent",0,"0.11.141",91.6363220214844,104.995094299316,77.9805450439453,-0.392336905002594,-0.919821619987488,0,"Find Toppo's Posters,Crash Diagnostics - Mountains,Welcome home","49,poster1;49,poster3;49,poster4;49,poster5;49,poster6;46,jasper;58,Speak with Toppo","Player_Base","0.11.141","TaskActiveEvent",58,"Jasper's Proposal",NA
"105","5c536b5be4194c47a14de977",4,"Development","e0e8ba1d-a1a8-492c-a490-549b4a24c221","JG1 UX1",90,"2019-01-31 09:40:38","WindowsPlayer",NA,11,"TaskEvent",0,"0.11.141",91.6363220214844,104.995094299316,77.9805450439453,-0.392336905002594,-0.919821619987488,0,"Find Toppo's Posters,Crash Diagnostics - Mountains,Welcome home","49,poster1;49,poster3;49,poster4;49,poster5;49,poster6;46,jasper;58,Speak with Toppo;58,Jasper's Proposal","Player_Base","0.11.141","TaskCompleteEvent",58,"Speak with Toppo",NA
"106","5c536b93e4194c47a14dea00",4,"Development","e0e8ba1d-a1a8-492c-a490-549b4a24c221","JG1 UX1",90,"2019-01-31 09:41:36","WindowsPlayer",NA,11,"TaskEvent",0,"0.11.141",91.3809585571289,106.69164276123,77.9805450439453,0.599023461341858,0.800731480121613,0,"Find Toppo's Posters,Crash Diagnostics - Mountains,Welcome home","49,poster1;49,poster3;49,poster4;49,poster5;49,poster6;46,jasper;58,Jasper's Proposal","Player_Base","0.11.141","TaskProgressEvent",58,"Jasper's Proposal",1
"107","5c536b93e4194c47a14dea01",4,"Development","e0e8ba1d-a1a8-492c-a490-549b4a24c221","JG1 UX1",90,"2019-01-31 09:41:36","WindowsPlayer",NA,11,"TaskEvent",0,"0.11.141",91.3809585571289,106.69164276123,77.9805450439453,0.599023461341858,0.800731480121613,0,"Find Toppo's Posters,Crash Diagnostics - Mountains,Welcome home","49,poster1;49,poster3;49,poster4;49,poster5;49,poster6;46,jasper;58,Jasper's Proposal","Player_Base","0.11.141","TaskActiveEvent",58,"Head to bed",NA
"108","5c536b93e4194c47a14dea02",4,"Development","e0e8ba1d-a1a8-492c-a490-549b4a24c221","JG1 UX1",90,"2019-01-31 09:41:36","WindowsPlayer",NA,11,"TaskEvent",0,"0.11.141",91.3809585571289,106.69164276123,77.9805450439453,0.599023461341858,0.800731480121613,0,"Find Toppo's Posters,Crash Diagnostics - Mountains,Welcome home","49,poster1;49,poster3;49,poster4;49,poster5;49,poster6;46,jasper;58,Jasper's Proposal;58,Head to bed","Player_Base","0.11.141","TaskCompleteEvent",58,"Jasper's Proposal",NA
"109","5c536c24e4194c47a14deb7f",4,"Development","e0e8ba1d-a1a8-492c-a490-549b4a24c221","JG1 UX1",90,"2019-01-31 09:44:04","WindowsPlayer",NA,11,"TaskEvent",0,"0.11.141",141.218460083008,128.179122924805,77.9805450439453,-0.739631950855255,0.673011541366577,0,"Find Toppo's Posters,Crash Diagnostics - Mountains,Welcome home","49,poster1;49,poster3;49,poster4;49,poster5;49,poster6;46,jasper;58,Head to bed","Player_Base","0.11.141","TaskCompleteEvent",58,"Head to bed",NA
"110","5c536c24e4194c47a14deb81",4,"Development","e0e8ba1d-a1a8-492c-a490-549b4a24c221","JG1 UX1",90,"2019-01-31 09:44:04","WindowsPlayer",NA,11,"TaskEvent",0,"0.11.141",141.218460083008,128.179122924805,77.9805450439453,-0.739631950855255,0.673011541366577,0,"Find Toppo's Posters,Crash Diagnostics - Mountains","49,poster1;49,poster3;49,poster4;49,poster5;49,poster6;46,jasper","Player_Base","0.11.141","TaskProgressEvent",58,"Head to bed",1
"111","5c536c24e4194c47a14deb83",4,"Development","e0e8ba1d-a1a8-492c-a490-549b4a24c221","JG1 UX1",90,"2019-01-31 09:44:04","WindowsPlayer",NA,11,"TaskEvent",0,"0.11.141",141.218460083008,128.179122924805,77.9805450439453,-0.739631950855255,0.673011541366577,0,"Find Toppo's Posters,Crash Diagnostics - Mountains,Good Morning!","49,poster1;49,poster3;49,poster4;49,poster5;49,poster6;46,jasper","Player_Base","0.11.141","TaskActiveEvent",57,"Meet up with Sam",NA
"112","5c66e756e4194c47a15887b5",4,"Development","e0e8ba1d-a1a8-492c-a490-549b4a24c221","JG1 UX1",90,"2019-02-15 04:22:42","WindowsPlayer",NA,11,"TaskEvent",0,"0.11.141",6.34999990463257,616.760009765625,55.9760322570801,-0.607375860214233,-0.794414758682251,0,"Find Toppo's Posters,Crash Diagnostics - Mountains,Sam’s supplies,History of WAT247","49,poster1;49,poster3;49,poster4;49,poster5;49,poster6;46,jasper;27,Talk with Sam","U3,U3_Collectibles,U3_Quests,U3_RiverSpline","0.11.141","TaskActiveEvent",74,"wakeup",NA
"113","5c66e756e4194c47a15887b6",4,"Development","e0e8ba1d-a1a8-492c-a490-549b4a24c221","JG1 UX1",90,"2019-02-15 04:22:42","WindowsPlayer",NA,11,"TaskEvent",0,"0.11.141",6.34999990463257,616.760009765625,55.9760322570801,-0.607375860214233,-0.794414758682251,0,"Find Toppo's Posters,Crash Diagnostics - Mountains,Sam’s supplies,History of WAT247","49,poster1;49,poster3;49,poster4;49,poster5;49,poster6;46,jasper;27,Talk with Sam;50,watershed;50,dissolved materials","U3,U3_Collectibles,U3_Quests,U3_RiverSpline","0.11.141","TaskProgressEvent",74,"wakeup",1
"114","5c66e756e4194c47a15887b7",4,"Development","e0e8ba1d-a1a8-492c-a490-549b4a24c221","JG1 UX1",90,"2019-02-15 04:22:42","WindowsPlayer",NA,11,"TaskEvent",0,"0.11.141",6.34999990463257,616.760009765625,55.9760322570801,-0.607375860214233,-0.794414758682251,0,"Find Toppo's Posters,Crash Diagnostics - Mountains,Sam’s supplies,History of WAT247","49,poster1;49,poster3;49,poster4;49,poster5;49,poster6;46,jasper;27,Talk with Sam;50,watershed;50,dissolved materials;50,infiltration","U3,U3_Collectibles,U3_Quests,U3_RiverSpline","0.11.141","TaskActiveEvent",74,"arfRoom",NA
"115","5c66e756e4194c47a15887b8",4,"Development","e0e8ba1d-a1a8-492c-a490-549b4a24c221","JG1 UX1",90,"2019-02-15 04:22:42","WindowsPlayer",NA,11,"TaskEvent",0,"0.11.141",6.34999990463257,616.760009765625,55.9760322570801,-0.607375860214233,-0.794414758682251,0,"Find Toppo's Posters,Crash Diagnostics - Mountains,Sam’s supplies","49,poster1;49,poster3;49,poster4;49,poster5;49,poster6;46,jasper;27,Talk with Sam","U3,U3_Collectibles,U3_Quests,U3_RiverSpline","0.11.141","TaskCompleteEvent",74,"wakeup",NA
"116","5c66e756e4194c47a15887b9",4,"Development","e0e8ba1d-a1a8-492c-a490-549b4a24c221","JG1 UX1",90,"2019-02-15 04:22:42","WindowsPlayer",NA,11,"TaskEvent",0,"0.11.141",6.34999990463257,616.760009765625,55.9760322570801,-0.607375860214233,-0.794414758682251,0,"Find Toppo's Posters,Crash Diagnostics - Mountains,Sam’s supplies,History of WAT247","49,poster1;49,poster3;49,poster4;49,poster5;49,poster6;46,jasper;27,Talk with Sam;50,watershed","U3,U3_Collectibles,U3_Quests,U3_RiverSpline","0.11.141","TaskCompleteEvent",74,"arfRoom",NA
"117","5c66e757e4194c47a15887be",4,"Development","e0e8ba1d-a1a8-492c-a490-549b4a24c221","JG1 UX1",90,"2019-02-15 04:22:42","WindowsPlayer",NA,11,"TaskEvent",0,"0.11.141",6.34999990463257,616.760009765625,55.9760322570801,-0.607375860214233,-0.794414758682251,0,"Good Morning!,Find Toppo's Posters,Crash Diagnostics - Mountains","57,Meet up with Sam;49,poster1;49,poster3;49,poster4;49,poster5;49,poster6;46,jasper","U3,U3_Collectibles,U3_Quests,U3_RiverSpline","0.11.141","TaskActiveEvent",77,"collectARF",NA
"118","5c66e757e4194c47a15887c0",4,"Development","e0e8ba1d-a1a8-492c-a490-549b4a24c221","JG1 UX1",90,"2019-02-15 04:22:42","WindowsPlayer",NA,11,"TaskEvent",0,"0.11.141",6.34999990463257,616.760009765625,55.9760322570801,-0.607375860214233,-0.794414758682251,0,"Good Morning!,Find Toppo's Posters,Crash Diagnostics - Mountains,Sam’s supplies","49,poster1;49,poster3;49,poster4;49,poster5;49,poster6;46,jasper","U3,U3_Collectibles,U3_Quests,U3_RiverSpline","0.11.141","TaskProgressEvent",74,"arfRoom",1
"119","5c66e77fe4194c47a15887fb",4,"Development","e0e8ba1d-a1a8-492c-a490-549b4a24c221","JG1 UX1",90,"2019-02-15 04:23:22","WindowsPlayer",NA,11,"TaskEvent",0,"0.11.141",0.870275855064392,617.844421386719,55.9760322570801,-0.709570288658142,-0.704634428024292,0,"Find Toppo's Posters,Crash Diagnostics - Mountains,Sam’s supplies,History of WAT247","49,poster1;49,poster3;49,poster4;49,poster5;49,poster6;46,jasper;27,Talk with Sam;50,watershed;50,dissolved materials;50,infiltration;50,energy","U3,U3_Collectibles,U3_Quests,U3_RiverSpline","0.11.141","TaskProgressEvent",77,"collectARF",1
"120","5c66e77fe4194c47a15887fc",4,"Development","e0e8ba1d-a1a8-492c-a490-549b4a24c221","JG1 UX1",90,"2019-02-15 04:23:22","WindowsPlayer",NA,11,"TaskEvent",0,"0.11.141",0.870275855064392,617.844421386719,55.9760322570801,-0.709570288658142,-0.704634428024292,0,"Find Toppo's Posters,Crash Diagnostics - Mountains,Sam’s supplies,History of WAT247","49,poster1;49,poster3;49,poster4;49,poster5;49,poster6;46,jasper;27,Talk with Sam;50,watershed;50,dissolved materials;50,infiltration;50,energy","U3,U3_Collectibles,U3_Quests,U3_RiverSpline","0.11.141","TaskActiveEvent",77,"checkPoster",NA
"121","5c66e77fe4194c47a15887ff",4,"Development","e0e8ba1d-a1a8-492c-a490-549b4a24c221","JG1 UX1",90,"2019-02-15 04:23:22","WindowsPlayer",NA,11,"TaskEvent",0,"0.11.141",0.870275855064392,617.844421386719,55.9760322570801,-0.709570288658142,-0.704634428024292,0,"Find Toppo's Posters,Crash Diagnostics - Mountains,Sam’s supplies,History of WAT247","49,poster1;49,poster3;49,poster4;49,poster5;49,poster6;46,jasper;27,Talk with Sam;50,watershed;50,dissolved materials;50,infiltration;50,energy;27,Find the supplies","U3,U3_Collectibles,U3_Quests,U3_RiverSpline","0.11.141","TaskCompleteEvent",77,"collectARF",NA
"122","5c66e798e4194c47a1588826",4,"Development","e0e8ba1d-a1a8-492c-a490-549b4a24c221","JG1 UX1",90,"2019-02-15 04:23:45","WindowsPlayer",NA,11,"TaskEvent",0,"0.11.141",-0.841309010982513,615.276977539062,55.9760322570801,0.592013955116272,-0.805927991867065,0,"Find Toppo's Posters,Crash Diagnostics - Mountains,Sam’s supplies,History of WAT247","49,poster1;49,poster3;49,poster4;49,poster5;49,poster6;46,jasper;50,watershed;50,dissolved materials;50,infiltration;50,energy;27,Find the supplies","U3,U3_Collectibles,U3_Quests,U3_RiverSpline","0.11.141","TaskProgressEvent",77,"checkPoster",1
"123","5c66e798e4194c47a1588827",4,"Development","e0e8ba1d-a1a8-492c-a490-549b4a24c221","JG1 UX1",90,"2019-02-15 04:23:45","WindowsPlayer",NA,11,"TaskEvent",0,"0.11.141",-0.841309010982513,615.276977539062,55.9760322570801,0.592013955116272,-0.805927991867065,0,"Find Toppo's Posters,Crash Diagnostics - Mountains,Sam’s supplies,History of WAT247","49,poster1;49,poster3;49,poster4;49,poster5;49,poster6;46,jasper;50,watershed;50,dissolved materials;50,infiltration;50,energy;27,Find the supplies","U3,U3_Collectibles,U3_Quests,U3_RiverSpline","0.11.141","TaskActiveEvent",77,"trialArg",NA
"124","5c66e829e4194c47a15888cc",4,"Development","e0e8ba1d-a1a8-492c-a490-549b4a24c221","JG1 UX1",90,"2019-02-15 04:26:06","WindowsPlayer",NA,11,"TaskEvent",0,"0.11.141",-179.6767578125,139.844970703125,94.5456085205078,-0.180518269538879,-0.983572006225586,0,"Find Toppo's Posters,Crash Diagnostics - Mountains,Sam’s supplies,History of WAT247","49,poster1;49,poster4;49,poster5;49,poster6;46,jasper;50,watershed;50,dissolved materials;50,infiltration;50,energy;27,Find the supplies","U3,U3_Collectibles,U3_Quests,U3_RiverSpline","0.11.141","TaskCompleteEvent",77,"checkPoster",NA
"125","5c66e829e4194c47a15888d2",4,"Development","e0e8ba1d-a1a8-492c-a490-549b4a24c221","JG1 UX1",90,"2019-02-15 04:26:06","WindowsPlayer",NA,11,"TaskEvent",0,"0.11.141",-179.6767578125,139.844970703125,94.5456085205078,-0.180518269538879,-0.983572006225586,0,"Find Toppo's Posters,Crash Diagnostics - Mountains,Sam’s supplies,History of WAT247","49,poster1;49,poster4;49,poster5;49,poster6;46,jasper;50,watershed;50,dissolved materials;50,infiltration;50,energy;27,Find the supplies","U3,U3_Collectibles,U3_Quests,U3_RiverSpline","0.11.141","TaskCompleteEvent",77,"trialArg",NA
"126","5c66e829e4194c47a15888d3",4,"Development","e0e8ba1d-a1a8-492c-a490-549b4a24c221","JG1 UX1",90,"2019-02-15 04:26:06","WindowsPlayer",NA,11,"TaskEvent",0,"0.11.141",-179.6767578125,139.844970703125,94.5456085205078,-0.180518269538879,-0.983572006225586,0,"Find Toppo's Posters,Crash Diagnostics - Mountains,Sam’s supplies,History of WAT247","49,poster1;49,poster4;49,poster5;49,poster6;46,jasper;50,watershed;50,dissolved materials;50,infiltration;50,energy;27,Find the supplies;27,Deliver crates","U3,U3_Collectibles,U3_Quests,U3_RiverSpline","0.11.141","TaskActiveEvent",78,"toppoTalk",NA
"127","5c66e8c4e4194c47a15889bf",4,"Development","e0e8ba1d-a1a8-492c-a490-549b4a24c221","JG1 UX1",90,"2019-02-15 04:28:39","WindowsPlayer",NA,11,"TaskEvent",0,"0.11.141",48.3935165405273,96.2724914550781,57.6407051086426,0.771622717380524,0.636080622673035,0,"Find Toppo's Posters,Crash Diagnostics - Mountains,Sam’s supplies,History of WAT247","49,poster1;49,poster4;49,poster5;49,poster6;46,jasper;50,watershed;50,dissolved materials;50,infiltration;50,energy;27,Deliver crates","U3,U3_Collectibles,U3_Quests,U3_RiverSpline","0.11.141","TaskProgressEvent",77,"trialArg",1
"128","5c66e8d3e4194c47a15889ef",4,"Development","e0e8ba1d-a1a8-492c-a490-549b4a24c221","JG1 UX1",90,"2019-02-15 04:29:00","WindowsPlayer",NA,11,"TaskEvent",0,"0.11.141",51.6782035827637,87.9714736938477,59.5893936157227,0.433660864830017,-0.901076197624207,0,"Find Toppo's Posters,Crash Diagnostics - Mountains,Sam’s supplies,History of WAT247","49,poster1;49,poster4;49,poster5;49,poster6;46,jasper;50,watershed;50,dissolved materials;50,infiltration;50,energy;27,Deliver crates","U3,U3_Collectibles,U3_Quests,U3_RiverSpline","0.11.141","TaskProgressEvent",78,"toppoTalk",1
"129","5c66e905e4194c47a1588a3c",4,"Development","e0e8ba1d-a1a8-492c-a490-549b4a24c221","JG1 UX1",90,"2019-02-15 04:29:54","WindowsPlayer",NA,11,"TaskEvent",0,"0.11.141",110.037994384766,-45.2801208496094,55.3175659179688,0.998026609420776,0.0627919435501099,0,"Find Toppo's Posters,Crash Diagnostics - Mountains,Sam’s supplies,History of WAT247","49,poster1;49,poster4;49,poster5;49,poster6;46,jasper;50,watershed;50,dissolved materials;50,infiltration;50,energy;27,Deliver crates","U3,U3_Collectibles,U3_Quests,U3_RiverSpline","0.11.141","TaskActiveEvent",78,"completeArg",NA
"130","5c66e937e4194c47a1588a8b",4,"Development","e0e8ba1d-a1a8-492c-a490-549b4a24c221","JG1 UX1",90,"2019-02-15 04:30:43","WindowsPlayer",NA,11,"TaskEvent",0,"0.11.141",-307.222808837891,-212.899429321289,63.6305809020996,-0.822144985198975,0.569278240203857,0,"Find Toppo's Posters,Crash Diagnostics - Mountains,Sam’s supplies,History of WAT247,Sam’s base is polluted!","49,poster1;49,poster4;49,poster5;49,poster6;46,jasper;50,watershed;50,dissolved materials;50,infiltration;50,energy","U3,U3_Collectibles,U3_Quests,U3_RiverSpline","0.11.141","TaskCompleteEvent",78,"toppoTalk",NA
"131","5c66e937e4194c47a1588a97",4,"Development","e0e8ba1d-a1a8-492c-a490-549b4a24c221","JG1 UX1",90,"2019-02-15 04:30:43","WindowsPlayer",NA,11,"TaskEvent",0,"0.11.141",-307.222808837891,-212.899429321289,63.6305809020996,-0.822144985198975,0.569278240203857,0,"Find Toppo's Posters,Crash Diagnostics - Mountains,Sam’s supplies,History of WAT247","49,poster1;49,poster4;49,poster5;49,poster6;46,jasper;50,watershed;50,dissolved materials;50,infiltration;50,energy;27,Deliver crates","U3,U3_Collectibles,U3_Quests,U3_RiverSpline","0.11.141","TaskCompleteEvent",78,"completeArg",NA
"132","5c66e937e4194c47a1588a9c",4,"Development","e0e8ba1d-a1a8-492c-a490-549b4a24c221","JG1 UX1",90,"2019-02-15 04:30:43","WindowsPlayer",NA,11,"TaskEvent",0,"0.11.141",-307.222808837891,-212.899429321289,63.6305809020996,-0.822144985198975,0.569278240203857,0,"Find Toppo's Posters,Crash Diagnostics - Mountains,History of WAT247,Sam’s base is polluted!","49,poster1;49,poster4;49,poster5;49,poster6;46,jasper;50,watershed;50,dissolved materials;50,infiltration;50,energy;24,Return to Sam","U3,U3_Collectibles,U3_Quests,U3_RiverSpline","0.11.141","TaskActiveEvent",79,"meetJasper",NA
"133","5c66e996e4194c47a1588b49",4,"Development","e0e8ba1d-a1a8-492c-a490-549b4a24c221","JG1 UX1",90,"2019-02-15 04:32:16","WindowsPlayer",NA,11,"TaskEvent",0,"0.11.141",-2.1213743686676,618.491394042969,55.9760322570801,0.826097548007965,0.56352710723877,0,"Find Toppo's Posters,Crash Diagnostics - Mountains,History of WAT247,Sam’s base is polluted!","49,poster1;49,poster4;49,poster5;49,poster6;46,jasper;50,watershed;50,dissolved materials;50,infiltration;50,energy;24,Return to Sam;24,Test the base's water","U3,U3_Collectibles,U3_Quests,U3_RiverSpline","0.11.141","TaskProgressEvent",78,"completeArg",1
"134","5c66e996e4194c47a1588b4c",4,"Development","e0e8ba1d-a1a8-492c-a490-549b4a24c221","JG1 UX1",90,"2019-02-15 04:32:16","WindowsPlayer",NA,11,"TaskEvent",0,"0.11.141",-2.1213743686676,618.491394042969,55.9760322570801,0.826097548007965,0.56352710723877,0,"Find Toppo's Posters,Crash Diagnostics - Mountains,History of WAT247,Sam’s base is polluted!","49,poster1;49,poster4;49,poster5;49,poster6;46,jasper;50,watershed;50,dissolved materials;50,infiltration;50,energy;24,Return to Sam","U3,U3_Collectibles,U3_Quests,U3_RiverSpline","0.11.141","TaskProgressEvent",79,"meetJasper",1
"135","5c66e996e4194c47a1588b4d",4,"Development","e0e8ba1d-a1a8-492c-a490-549b4a24c221","JG1 UX1",90,"2019-02-15 04:32:16","WindowsPlayer",NA,11,"TaskEvent",0,"0.11.141",-2.1213743686676,618.491394042969,55.9760322570801,0.826097548007965,0.56352710723877,0,"Find Toppo's Posters,Crash Diagnostics - Mountains,History of WAT247,Sam’s base is polluted!","49,poster1;49,poster4;49,poster5;49,poster6;46,jasper;50,watershed;50,dissolved materials;50,infiltration;50,energy;24,Return to Sam","U3,U3_Collectibles,U3_Quests,U3_RiverSpline","0.11.141","TaskActiveEvent",79,"followJasper",NA
"136","5c66e9bfe4194c47a1588b94",4,"Development","e0e8ba1d-a1a8-492c-a490-549b4a24c221","JG1 UX1",90,"2019-02-15 04:32:54","WindowsPlayer",NA,11,"TaskEvent",0,"0.11.141",107.366851806641,584.01171875,54.9800033569336,-0.988494217395782,0.151258766651154,0,"Find Toppo's Posters,Crash Diagnostics - Mountains,History of WAT247,Sam’s base is polluted!","49,poster1;49,poster4;49,poster5;49,poster6;46,jasper;50,watershed;50,dissolved materials;50,infiltration;50,energy;24,Test the base's water","U3,U3_Collectibles,U3_Quests,U3_RiverSpline","0.11.141","TaskCompleteEvent",79,"meetJasper",NA
"137","5c66e9bfe4194c47a1588b9a",4,"Development","e0e8ba1d-a1a8-492c-a490-549b4a24c221","JG1 UX1",90,"2019-02-15 04:32:54","WindowsPlayer",NA,11,"TaskEvent",0,"0.11.141",107.366851806641,584.01171875,54.9800033569336,-0.988494217395782,0.151258766651154,0,"Find Toppo's Posters,Crash Diagnostics - Mountains,History of WAT247,Sam’s base is polluted!","49,poster1;49,poster4;49,poster5;49,poster6;46,jasper;50,watershed;50,dissolved materials;50,infiltration;50,energy;24,Test the base's water","U3,U3_Collectibles,U3_Quests,U3_RiverSpline","0.11.141","TaskProgressEvent",79,"followJasper",1
"138","5c66e9bfe4194c47a1588b9f",4,"Development","e0e8ba1d-a1a8-492c-a490-549b4a24c221","JG1 UX1",90,"2019-02-15 04:32:54","WindowsPlayer",NA,11,"TaskEvent",0,"0.11.141",107.366851806641,584.01171875,54.9800033569336,-0.988494217395782,0.151258766651154,0,"Find Toppo's Posters,Crash Diagnostics - Mountains,History of WAT247,Sam’s base is polluted!","49,poster1;49,poster4;49,poster5;49,poster6;46,jasper;50,watershed;50,dissolved materials;50,infiltration;50,energy;24,Test the base's water;24,Trace the pollutant","U3,U3_Collectibles,U3_Quests,U3_RiverSpline","0.11.141","TaskActiveEvent",79,"jumpDebris",NA
"139","5c66ea7de4194c47a1588dd1",4,"Development","e0e8ba1d-a1a8-492c-a490-549b4a24c221","JG1 UX1",90,"2019-02-15 04:36:05","WindowsPlayer",NA,11,"TaskEvent",0,"0.11.141",638.997009277344,-304.532501220703,54.9799995422363,0.14262580871582,0.98977667093277,0,"Find Toppo's Posters,Crash Diagnostics - Mountains,History of WAT247,Sam’s base is polluted!","49,poster1;49,poster4;49,poster5;49,poster6;46,jasper;50,watershed;50,dissolved materials;50,infiltration;50,energy;24,Trace the pollutant;24,Open the Claimer System","U3,U3_Collectibles,U3_Quests,U3_RiverSpline","0.11.141","TaskCompleteEvent",79,"followJasper",NA
"140","5c66ea7de4194c47a1588dda",4,"Development","e0e8ba1d-a1a8-492c-a490-549b4a24c221","JG1 UX1",90,"2019-02-15 04:36:05","WindowsPlayer",NA,11,"TaskEvent",0,"0.11.141",638.997009277344,-304.532501220703,54.9799995422363,0.14262580871582,0.98977667093277,0,"Find Toppo's Posters,Crash Diagnostics - Mountains,History of WAT247,Sam’s base is polluted!","49,poster1;49,poster4;49,poster5;49,poster6;46,jasper;50,watershed;50,dissolved materials;50,infiltration;50,energy;24,Trace the pollutant","U3,U3_Collectibles,U3_Quests,U3_RiverSpline","0.11.141","TaskProgressEvent",79,"jumpDebris",1
"141","5c66ea7de4194c47a1588ddf",4,"Development","e0e8ba1d-a1a8-492c-a490-549b4a24c221","JG1 UX1",90,"2019-02-15 04:36:05","WindowsPlayer",NA,11,"TaskEvent",0,"0.11.141",638.997009277344,-304.532501220703,54.9799995422363,0.14262580871582,0.98977667093277,0,"Find Toppo's Posters,Crash Diagnostics - Mountains,History of WAT247,Sam’s base is polluted!","49,poster1;49,poster4;49,poster5;49,poster6;46,jasper;50,watershed;50,dissolved materials;50,infiltration;50,energy;24,Trace the pollutant","U3,U3_Collectibles,U3_Quests,U3_RiverSpline","0.11.141","TaskActiveEvent",79,"escapePods",NA
"142","5c66eaaae4194c47a1588e20",4,"Development","e0e8ba1d-a1a8-492c-a490-549b4a24c221","JG1 UX1",90,"2019-02-15 04:36:48","WindowsPlayer",NA,11,"TaskEvent",0,"0.11.141",657.020446777344,-255.571990966797,54.9799995422363,-0.792287707328796,-0.610147595405579,0,"Find Toppo's Posters,Crash Diagnostics - Mountains,History of WAT247,Sam’s base is polluted!","49,poster1;49,poster4;49,poster5;49,poster6;46,jasper;50,watershed;50,dissolved materials;50,infiltration;50,energy;24,Open the Claimer System","U3,U3_Collectibles,U3_Quests,U3_RiverSpline","0.11.141","TaskCompleteEvent",79,"jumpDebris",NA
"143","5c66eaaae4194c47a1588e22",4,"Development","e0e8ba1d-a1a8-492c-a490-549b4a24c221","JG1 UX1",90,"2019-02-15 04:36:48","WindowsPlayer",NA,11,"TaskEvent",0,"0.11.141",657.020446777344,-255.571990966797,54.9799995422363,-0.792287707328796,-0.610147595405579,0,"Find Toppo's Posters,Crash Diagnostics - Mountains,History of WAT247,The Pollutant","49,poster1;49,poster4;49,poster5;49,poster6;46,jasper;50,watershed;50,dissolved materials;50,infiltration;50,energy;0,Convince Bill the pollutant is nearby","U3,U3_Collectibles,U3_Quests,U3_RiverSpline","0.11.141","TaskProgressEvent",79,"escapePods",1
"144","5c66eaaae4194c47a1588e2d",4,"Development","e0e8ba1d-a1a8-492c-a490-549b4a24c221","JG1 UX1",90,"2019-02-15 04:36:48","WindowsPlayer",NA,11,"TaskEvent",0,"0.11.141",657.020446777344,-255.571990966797,54.9799995422363,-0.792287707328796,-0.610147595405579,0,"Find Toppo's Posters,Crash Diagnostics - Mountains,History of WAT247,Sam’s base is polluted!,The Pollutant","49,poster1;49,poster4;49,poster5;49,poster6;46,jasper;50,watershed;50,dissolved materials;50,infiltration;50,energy","U3,U3_Collectibles,U3_Quests,U3_RiverSpline","0.11.141","TaskActiveEvent",79,"enterPod",NA
"145","5c66eb2ce4194c47a1588f11",4,"Development","e0e8ba1d-a1a8-492c-a490-549b4a24c221","JG1 UX1",90,"2019-02-15 04:38:59","WindowsPlayer",NA,11,"TaskEvent",0,"0.11.141",616.864135742188,-228.751815795898,64.6943588256836,0.976296663284302,-0.216436743736267,0,"Find Toppo's Posters,Crash Diagnostics - Mountains,History of WAT247,The Pollutant","49,poster1;49,poster4;49,poster5;49,poster6;46,jasper;50,watershed;50,dissolved materials;50,infiltration;50,energy;0,Convince Bill the pollutant is nearby","U3,U3_Collectibles,U3_Quests,U3_RiverSpline","0.11.141","TaskCompleteEvent",79,"escapePods",NA
"146","5c66eb2ce4194c47a1588f13",4,"Development","e0e8ba1d-a1a8-492c-a490-549b4a24c221","JG1 UX1",90,"2019-02-15 04:38:59","WindowsPlayer",NA,11,"TaskEvent",0,"0.11.141",616.864135742188,-228.751815795898,64.6943588256836,0.976296663284302,-0.216436743736267,0,"Find Toppo's Posters,Crash Diagnostics - Mountains,History of WAT247,The Pollutant","49,poster1;49,poster4;49,poster5;49,poster6;46,jasper;50,watershed;50,dissolved materials;50,infiltration;50,energy;0,Convince Bill the pollutant is nearby","U3,U3_Collectibles,U3_Quests,U3_RiverSpline","0.11.141","TaskCompleteEvent",79,"enterPod",NA
"147","5c66eb2ce4194c47a1588f23",4,"Development","e0e8ba1d-a1a8-492c-a490-549b4a24c221","JG1 UX1",90,"2019-02-15 04:38:59","WindowsPlayer",NA,11,"TaskEvent",0,"0.11.141",616.864135742188,-228.751815795898,64.6943588256836,0.976296663284302,-0.216436743736267,0,"Find Toppo's Posters,Crash Diagnostics - Mountains,History of WAT247,The Pollutant","49,poster1;49,poster4;49,poster5;49,poster6;46,jasper;50,watershed;50,dissolved materials;50,infiltration;50,energy;0,Convince Bill the pollutant is nearby;0,Identify pollutant","U3,U3_Collectibles,U3_Quests,U3_RiverSpline","0.11.141","TaskProgressEvent",79,"enterPod",1
"148","5c66eb5ee4194c47a1588f4f",4,"Development","e0e8ba1d-a1a8-492c-a490-549b4a24c221","JG1 UX1",90,"2019-02-15 04:39:46","WindowsPlayer",NA,11,"TaskEvent",0,"0.11.141",616.864135742188,-228.751815795898,64.6943588256836,0.976296663284302,-0.216436743736267,0,"Find Toppo's Posters,Crash Diagnostics - Mountains,History of WAT247,The Pollutant","49,poster1;49,poster4;49,poster5;49,poster6;46,jasper;50,watershed;50,dissolved materials;50,infiltration;50,energy;0,Identify pollutant","U3,U3_Collectibles,U3_Quests,U3_RiverSpline","0.11.141","TaskActiveEvent",49,"poster1",NA
"149","5c66eb5ee4194c47a1588f52",4,"Development","e0e8ba1d-a1a8-492c-a490-549b4a24c221","JG1 UX1",90,"2019-02-15 04:39:46","WindowsPlayer",NA,11,"TaskEvent",0,"0.11.141",616.864135742188,-228.751815795898,64.6943588256836,0.976296663284302,-0.216436743736267,0,"Find Toppo's Posters,Crash Diagnostics - Mountains,History of WAT247,The Pollutant","49,poster1;49,poster4;49,poster5;49,poster6;46,jasper;50,watershed;50,dissolved materials;50,infiltration;50,energy;0,Identify pollutant","U3,U3_Collectibles,U3_Quests,U3_RiverSpline","0.11.141","TaskActiveEvent",49,"poster2",NA
"150","5c66eb5ee4194c47a1588f53",4,"Development","e0e8ba1d-a1a8-492c-a490-549b4a24c221","JG1 UX1",90,"2019-02-15 04:39:46","WindowsPlayer",NA,11,"TaskEvent",0,"0.11.141",616.864135742188,-228.751815795898,64.6943588256836,0.976296663284302,-0.216436743736267,0,"Find Toppo's Posters,Crash Diagnostics - Mountains,History of WAT247,The Pollutant","49,poster1;49,poster4;49,poster5;49,poster6;46,jasper;50,watershed;50,dissolved materials;50,infiltration;50,energy;0,Identify pollutant;0,Talk with Sam","U3,U3_Collectibles,U3_Quests,U3_RiverSpline","0.11.141","TaskActiveEvent",49,"poster3",NA
"151","5c66eb81e4194c47a1588f8e",4,"Development","e0e8ba1d-a1a8-492c-a490-549b4a24c221","JG1 UX1",90,"2019-02-15 04:40:28","WindowsPlayer",NA,11,"TaskEvent",0,"0.11.141",5.54998779296875,626.559997558594,56.9300003051758,-0.772620797157288,-0.633005142211914,-0.0486011281609535,"Find Toppo's Posters,Crash Diagnostics - Mountains,History of WAT247,The Pollutant","49,poster1;49,poster4;49,poster5;49,poster6;46,jasper;50,watershed;50,dissolved materials;50,infiltration;50,energy;0,Talk with Sam","U3,U3_Collectibles,U3_Quests,U3_RiverSpline","0.11.141","TaskActiveEvent",49,"poster4",NA
"152","5c66eb81e4194c47a1588f90",4,"Development","e0e8ba1d-a1a8-492c-a490-549b4a24c221","JG1 UX1",90,"2019-02-15 04:40:28","WindowsPlayer",NA,11,"TaskEvent",0,"0.11.141",5.54998779296875,626.559997558594,56.9300003051758,-0.772620797157288,-0.633005142211914,-0.0486011281609535,"Find Toppo's Posters,Crash Diagnostics - Mountains,History of WAT247,The Pollutant,Alien Gardens","49,poster1;49,poster4;49,poster5;49,poster6;46,jasper;50,watershed;50,dissolved materials;50,infiltration;50,energy","U3,U3_Collectibles,U3_Quests,U3_RiverSpline","0.11.141","TaskActiveEvent",49,"poster5",NA
"153","5c66eb82e4194c47a1588f98",4,"Development","e0e8ba1d-a1a8-492c-a490-549b4a24c221","JG1 UX1",90,"2019-02-15 04:40:28","WindowsPlayer",NA,11,"TaskEvent",0,"0.11.141",5.54998779296875,626.559997558594,56.9300003051758,-0.772620797157288,-0.633005142211914,-0.0486011281609535,"Find Toppo's Posters,Crash Diagnostics - Mountains,History of WAT247,Alien Gardens","49,poster1;49,poster4;49,poster5;49,poster6;46,jasper;50,watershed;50,dissolved materials;50,infiltration;50,energy;86,Talk to Sam","U3,U3_Collectibles,U3_Quests,U3_RiverSpline","0.11.141","TaskActiveEvent",49,"poster6",NA
"154","5c66eb95e4194c47a1588fba",4,"Development","e0e8ba1d-a1a8-492c-a490-549b4a24c221","JG1 UX1",90,"2019-02-15 04:40:49","WindowsPlayer",NA,11,"TaskEvent",0,"0.11.141",-1.44714534282684,617.407775878906,55.9760322570801,0.580700576305389,0.814117193222046,0,"Find Toppo's Posters,Crash Diagnostics - Mountains,History of WAT247,Alien Gardens","49,poster1;49,poster4;49,poster5;49,poster6;46,jasper;50,watershed;50,dissolved materials;50,infiltration;50,energy;86,Talk to Sam","U3,U3_Collectibles,U3_Quests,U3_RiverSpline","0.11.141","TaskActiveEvent",51,"pod",NA
"155","5c66eb95e4194c47a1588fbb",4,"Development","e0e8ba1d-a1a8-492c-a490-549b4a24c221","JG1 UX1",90,"2019-02-15 04:40:49","WindowsPlayer",NA,11,"TaskEvent",0,"0.11.141",-1.44714534282684,617.407775878906,55.9760322570801,0.580700576305389,0.814117193222046,0,"Find Toppo's Posters,Crash Diagnostics - Mountains,History of WAT247,Alien Gardens","49,poster1;49,poster4;49,poster5;49,poster6;46,jasper;50,watershed;50,dissolved materials;50,infiltration;50,energy;86,Talk to Sam;86,Examine a Garden","U3,U3_Collectibles,U3_Quests,U3_RiverSpline","0.11.141","TaskActiveEvent",44,"your pod",NA
"156","5c66eb95e4194c47a1588fc1",4,"Development","e0e8ba1d-a1a8-492c-a490-549b4a24c221","JG1 UX1",90,"2019-02-15 04:40:49","WindowsPlayer",NA,11,"TaskEvent",0,"0.11.141",-1.44714534282684,617.407775878906,55.9760322570801,0.580700576305389,0.814117193222046,0,"Find Toppo's Posters,Crash Diagnostics - Mountains,History of WAT247,Alien Gardens","49,poster1;49,poster4;49,poster5;49,poster6;46,jasper;50,watershed;50,dissolved materials;50,infiltration;50,energy;86,Talk to Sam","U3,U3_Collectibles,U3_Quests,U3_RiverSpline","0.11.141","TaskCompleteEvent",44,"your pod",NA
"157","5c66ebd7e4194c47a158900f",4,"Development","e0e8ba1d-a1a8-492c-a490-549b4a24c221","JG1 UX1",90,"2019-02-15 04:41:55","WindowsPlayer",NA,11,"TaskEvent",0,"0.11.141",-236.2646484375,4.58915996551514,64.6203918457031,-0.377838432788849,-0.92587149143219,0,"Find Toppo's Posters,Crash Diagnostics - Mountains,History of WAT247,Alien Gardens","49,poster1;49,poster4;49,poster5;49,poster6;46,jasper;50,watershed;50,dissolved materials;50,infiltration;50,energy;86,Examine a Garden","U3,U3_Collectibles,U3_Quests,U3_RiverSpline","0.11.141","TaskProgressEvent",44,"your pod",1
"158","5c66ebd7e4194c47a1589016",4,"Development","e0e8ba1d-a1a8-492c-a490-549b4a24c221","JG1 UX1",90,"2019-02-15 04:41:55","WindowsPlayer",NA,11,"TaskEvent",0,"0.11.141",-236.2646484375,4.58915996551514,64.6203918457031,-0.377838432788849,-0.92587149143219,0,"Find Toppo's Posters,Crash Diagnostics - Mountains,History of WAT247,Alien Gardens","49,poster1;49,poster4;49,poster5;49,poster6;46,jasper;50,watershed;50,dissolved materials;50,infiltration;50,energy;86,Examine a Garden;86,Check out the Supertree","U3,U3_Collectibles,U3_Quests,U3_RiverSpline","0.11.141","TaskProgressEvent",51,"pod",1
"159","5c66ebd7e4194c47a158901c",4,"Development","e0e8ba1d-a1a8-492c-a490-549b4a24c221","JG1 UX1",90,"2019-02-15 04:41:55","WindowsPlayer",NA,11,"TaskEvent",0,"0.11.141",-236.2646484375,4.58915996551514,64.6203918457031,-0.377838432788849,-0.92587149143219,0,"Find Toppo's Posters,Crash Diagnostics - Mountains,History of WAT247,Alien Gardens","49,poster1;49,poster4;49,poster5;49,poster6;46,jasper;50,watershed;50,dissolved materials;50,infiltration;50,energy;86,Examine a Garden","U3,U3_Collectibles,U3_Quests,U3_RiverSpline","0.11.141","TaskActiveEvent",51,"scrap",NA
"160","5c66ec27e4194c47a15890ae",4,"Development","e0e8ba1d-a1a8-492c-a490-549b4a24c221","JG1 UX1",90,"2019-02-15 04:43:08","WindowsPlayer",NA,11,"TaskEvent",0,"0.11.141",-628.486572265625,-345.006805419922,73.1013336181641,-0.484806776046753,-0.874621272087097,0,"Find Toppo's Posters,Crash Diagnostics - Mountains,History of WAT247,Alien Gardens","49,poster1;49,poster4;49,poster5;49,poster6;46,jasper;50,watershed;50,dissolved materials;50,infiltration;50,energy;86,Check out the Supertree","U3,U3_Collectibles,U3_Quests,U3_RiverSpline","0.11.141","TaskCompleteEvent",51,"pod",NA
"161","5c66ec27e4194c47a15890b6",4,"Development","e0e8ba1d-a1a8-492c-a490-549b4a24c221","JG1 UX1",90,"2019-02-15 04:43:08","WindowsPlayer",NA,11,"TaskEvent",0,"0.11.141",-628.486572265625,-345.006805419922,73.1013336181641,-0.484806776046753,-0.874621272087097,0,"Find Toppo's Posters,Crash Diagnostics - Mountains,History of WAT247,Alien Gardens,The Ruins","49,poster1;49,poster4;49,poster5;49,poster6;46,jasper;50,watershed;50,dissolved materials;50,infiltration;50,energy","U3,U3_Collectibles,U3_Quests,U3_RiverSpline","0.11.141","TaskProgressEvent",51,"scrap",1
"162","5c66ec27e4194c47a15890b9",4,"Development","e0e8ba1d-a1a8-492c-a490-549b4a24c221","JG1 UX1",90,"2019-02-15 04:43:08","WindowsPlayer",NA,11,"TaskEvent",0,"0.11.141",-628.486572265625,-345.006805419922,73.1013336181641,-0.484806776046753,-0.874621272087097,0,"Find Toppo's Posters,Crash Diagnostics - Mountains,History of WAT247,The Ruins","49,poster1;49,poster4;49,poster5;49,poster6;46,jasper;50,watershed;50,dissolved materials;50,infiltration;50,energy;87,Gain Acces to the Ruins","U3,U3_Collectibles,U3_Quests,U3_RiverSpline","0.11.141","TaskProgressEvent",51,"scrap",2
"163","5c66ec4ae4194c47a15890f4",4,"Development","e0e8ba1d-a1a8-492c-a490-549b4a24c221","JG1 UX1",90,"2019-02-15 04:43:48","WindowsPlayer",NA,11,"TaskEvent",0,"0.11.141",-558.167846679688,-461.608734130859,74.6543426513672,-0.855363190174103,-0.518028855323792,0,"Find Toppo's Posters,Crash Diagnostics - Mountains,History of WAT247,The Ruins","49,poster1;49,poster4;49,poster5;49,poster6;46,jasper;50,watershed;50,dissolved materials;50,infiltration;50,energy;87,Gain Acces to the Ruins","U3,U3_Collectibles,U3_Quests,U3_RiverSpline","0.11.141","TaskProgressEvent",51,"scrap",3
"164","5c66ec4ae4194c47a15890f5",4,"Development","e0e8ba1d-a1a8-492c-a490-549b4a24c221","JG1 UX1",90,"2019-02-15 04:43:48","WindowsPlayer",NA,11,"TaskEvent",0,"0.11.141",-558.167846679688,-461.608734130859,74.6543426513672,-0.855363190174103,-0.518028855323792,0,"Find Toppo's Posters,Crash Diagnostics - Mountains,History of WAT247,The Ruins","49,poster1;49,poster4;49,poster5;49,poster6;46,jasper;50,watershed;50,dissolved materials;50,infiltration;50,energy;87,Gain Acces to the Ruins;87,Pickup the Key","U3,U3_Collectibles,U3_Quests,U3_RiverSpline","0.11.141","TaskActiveEvent",51,"hoverboard",NA
"165","5c66ec4ae4194c47a15890f7",4,"Development","e0e8ba1d-a1a8-492c-a490-549b4a24c221","JG1 UX1",90,"2019-02-15 04:43:48","WindowsPlayer",NA,11,"TaskEvent",0,"0.11.141",-558.167846679688,-461.608734130859,74.6543426513672,-0.855363190174103,-0.518028855323792,0,"Find Toppo's Posters,Crash Diagnostics - Mountains,History of WAT247,The Ruins","49,poster1;49,poster4;49,poster5;49,poster6;46,jasper;50,watershed;50,dissolved materials;50,infiltration;50,energy;87,Gain Acces to the Ruins","U3,U3_Collectibles,U3_Quests,U3_RiverSpline","0.11.141","TaskCompleteEvent",51,"scrap",NA
"166","5c66ec4fe4194c47a15890fe",4,"Development","e0e8ba1d-a1a8-492c-a490-549b4a24c221","JG1 UX1",90,"2019-02-15 04:43:56","WindowsPlayer",NA,11,"TaskEvent",0,"0.11.141",-558.528747558594,-460.83984375,74.5438766479492,0.641448080539703,0.767166495323181,0,"Find Toppo's Posters,Crash Diagnostics - Mountains,History of WAT247,The Ruins","49,poster1;49,poster4;49,poster5;49,poster6;46,jasper;50,watershed;50,dissolved materials;50,infiltration;50,energy;87,Pickup the Key","U3,U3_Collectibles,U3_Quests,U3_RiverSpline","0.11.141","TaskProgressEvent",51,"hoverboard",1
"167","5c66ec4fe4194c47a1589107",4,"Development","e0e8ba1d-a1a8-492c-a490-549b4a24c221","JG1 UX1",90,"2019-02-15 04:43:56","WindowsPlayer",NA,11,"TaskEvent",0,"0.11.141",-558.528747558594,-460.83984375,74.5438766479492,0.641448080539703,0.767166495323181,0,"Find Toppo's Posters,Crash Diagnostics - Mountains,History of WAT247,The Ruins","49,poster1;49,poster4;49,poster5;49,poster6;46,jasper;50,watershed;50,dissolved materials;50,infiltration;50,energy;87,Pickup the Key","U3,U3_Collectibles,U3_Quests,U3_RiverSpline","0.11.141","TaskActiveEvent",51,"communications",NA
"168","5c66ec4fe4194c47a1589109",4,"Development","e0e8ba1d-a1a8-492c-a490-549b4a24c221","JG1 UX1",90,"2019-02-15 04:43:56","WindowsPlayer",NA,11,"TaskEvent",0,"0.11.141",-558.528747558594,-460.83984375,74.5438766479492,0.641448080539703,0.767166495323181,0,"Find Toppo's Posters,Crash Diagnostics - Mountains,History of WAT247,The Ruins","49,poster1;49,poster4;49,poster5;49,poster6;46,jasper;50,watershed;50,dissolved materials;50,infiltration;50,energy;87,Pickup the Key;87,Unlock the door","U3,U3_Collectibles,U3_Quests,U3_RiverSpline","0.11.141","TaskCompleteEvent",51,"hoverboard",NA
"169","5c66ec95e4194c47a158914f",4,"Development","e0e8ba1d-a1a8-492c-a490-549b4a24c221","JG1 UX1",90,"2019-02-15 04:45:02","WindowsPlayer",NA,11,"TaskEvent",0,"0.11.141",-558.528747558594,-460.83984375,74.5438766479492,0.630674302577972,0.776047646999359,0,"Find Toppo's Posters,Crash Diagnostics - Mountains,History of WAT247,The Ruins","49,poster1;49,poster4;49,poster5;49,poster6;46,jasper;50,watershed;50,dissolved materials;50,infiltration;50,energy;87,Unlock the door","U3,U3_Collectibles,U3_Quests,U3_RiverSpline","0.11.141","TaskProgressEvent",49,"poster2",1
"170","5c66ec95e4194c47a1589150",4,"Development","e0e8ba1d-a1a8-492c-a490-549b4a24c221","JG1 UX1",90,"2019-02-15 04:45:02","WindowsPlayer",NA,11,"TaskEvent",0,"0.11.141",-558.528747558594,-460.83984375,74.5438766479492,0.630674302577972,0.776047646999359,0,"Find Toppo's Posters,Crash Diagnostics - Mountains,History of WAT247,The Ruins","49,poster1;49,poster4;49,poster5;49,poster6;46,jasper;50,watershed;50,dissolved materials;50,infiltration;50,energy;87,Unlock the door;87,Enter the ruins","U3,U3_Collectibles,U3_Quests,U3_RiverSpline","0.11.141","TaskCompleteEvent",49,"poster2",NA
"171","5c66ec95e4194c47a1589159",4,"Development","e0e8ba1d-a1a8-492c-a490-549b4a24c221","JG1 UX1",90,"2019-02-15 04:45:02","WindowsPlayer",NA,11,"TaskEvent",0,"0.11.141",-558.528747558594,-460.83984375,74.5438766479492,0.630674302577972,0.776047646999359,0,"Find Toppo's Posters,Crash Diagnostics - Mountains,History of WAT247,The Ruins","49,poster1;49,poster4;49,poster5;49,poster6;46,jasper;50,watershed;50,dissolved materials;50,infiltration;50,energy;87,Unlock the door","U3,U3_Collectibles,U3_Quests,U3_RiverSpline","0.11.141","TaskCompleteEvent",51,"communications",NA
"172","5c66ecbfe4194c47a1589177",4,"Development","e0e8ba1d-a1a8-492c-a490-549b4a24c221","JG1 UX1",90,"2019-02-15 04:45:17","WindowsPlayer",NA,11,"TaskEvent",0,"0.11.141",-561.267395019531,-461.240997314453,74.2812576293945,-0.130523964762688,-0.991445183753967,0,"Find Toppo's Posters,Crash Diagnostics - Mountains,History of WAT247,The Ruins","49,poster1;49,poster4;49,poster5;49,poster6;46,jasper;50,watershed;50,dissolved materials;50,infiltration;50,energy;87,Enter the ruins","U3,U3_Collectibles,U3_Quests,U3_RiverSpline","0.11.141","TaskActiveEvent",20,"Find the team",NA
"173","5c66ecbfe4194c47a1589178",4,"Development","e0e8ba1d-a1a8-492c-a490-549b4a24c221","JG1 UX1",90,"2019-02-15 04:45:17","WindowsPlayer",NA,11,"TaskEvent",0,"0.11.141",-561.267395019531,-461.240997314453,74.2812576293945,-0.130523964762688,-0.991445183753967,0,"Find Toppo's Posters,Crash Diagnostics - Mountains,History of WAT247,The Ruins,Collect all the Pumps in the Alien Facility","49,poster1;49,poster4;49,poster5;49,poster6;46,jasper;50,watershed;50,dissolved materials;50,infiltration;50,energy","U3,U3_Collectibles,U3_Quests,U3_RiverSpline,U3_Dungeon_Side_Quest","0.11.141","TaskProgressEvent",51,"communications",1
"174","5c66ecbfe4194c47a1589190",4,"Development","e0e8ba1d-a1a8-492c-a490-549b4a24c221","JG1 UX1",90,"2019-02-15 04:45:17","WindowsPlayer",NA,11,"TaskEvent",0,"0.11.141",-561.267395019531,-461.240997314453,74.2812576293945,-0.130523964762688,-0.991445183753967,0,"Find Toppo's Posters,Crash Diagnostics - Mountains,History of WAT247,Collect all the Pumps in the Alien Facility","49,poster1;49,poster4;49,poster5;49,poster6;46,jasper;50,watershed;50,dissolved materials;50,infiltration;50,energy;75,Pump1","U3,U3_Collectibles,U3_Quests,U3_RiverSpline,U3_Dungeon_Side_Quest","0.11.141","TaskProgressEvent",20,"Find the team",1
"175","5c66ef3be4194c47a15897ea",4,"Development","e0e8ba1d-a1a8-492c-a490-549b4a24c221","JG1 UX1",90,"2019-02-15 04:56:24","WindowsPlayer",NA,11,"TaskEvent",0,"0.11.141",-162.822250366211,-108.100189208984,52.364631652832,-0.498482942581177,0.86689954996109,0,"Find Toppo's Posters,Crash Diagnostics - Mountains,History of WAT247,Collect all the Pumps in the Alien Facility","49,poster1;49,poster4;49,poster5;49,poster6;46,jasper;50,watershed;50,dissolved materials;50,infiltration;50,energy;75,Pump1","U3_Dungeon_Side_Quest","0.11.141","TaskActiveEvent",20,"Talk with Dr. Topo",NA
"176","5c66ef3be4194c47a15897eb",4,"Development","e0e8ba1d-a1a8-492c-a490-549b4a24c221","JG1 UX1",90,"2019-02-15 04:56:24","WindowsPlayer",NA,11,"TaskEvent",0,"0.11.141",-162.822250366211,-108.100189208984,52.364631652832,-0.498482942581177,0.86689954996109,0,"Find Toppo's Posters,Crash Diagnostics - Mountains,History of WAT247,Collect all the Pumps in the Alien Facility","49,poster1;49,poster4;49,poster5;49,poster6;46,jasper;50,watershed;50,dissolved materials;50,infiltration;50,energy;75,Pump1","U3_Dungeon_Side_Quest","0.11.141","TaskCompleteEvent",20,"Find the team",NA
"177","5c66ef3be4194c47a15897f4",4,"Development","e0e8ba1d-a1a8-492c-a490-549b4a24c221","JG1 UX1",90,"2019-02-15 04:56:24","WindowsPlayer",NA,11,"TaskEvent",0,"0.11.141",-162.822250366211,-108.100189208984,52.364631652832,-0.498482942581177,0.86689954996109,0,"Find Toppo's Posters,Crash Diagnostics - Mountains,History of WAT247,Collect all the Pumps in the Alien Facility","49,poster1;49,poster4;49,poster5;49,poster6;46,jasper;50,watershed;50,dissolved materials;50,infiltration;50,energy;75,Pump1;75,Pump2","U3_Dungeon_Side_Quest","0.11.141","TaskCompleteEvent",20,"Talk with Dr. Topo",NA
"178","5c66ef40e4194c47a15897ff",4,"Development","e0e8ba1d-a1a8-492c-a490-549b4a24c221","JG1 UX1",90,"2019-02-15 04:56:31","WindowsPlayer",NA,11,"TaskEvent",0,"0.11.141",-156.119812011719,-110.815864562988,52.7040481567383,-0.829040586948395,-0.559188604354858,0,"Find Toppo's Posters,Crash Diagnostics - Mountains,History of WAT247,Collect all the Pumps in the Alien Facility","49,poster1;49,poster4;49,poster5;49,poster6;46,jasper;50,watershed;50,dissolved materials;50,infiltration;50,energy;75,Pump4","U3_Dungeon_Side_Quest","0.11.141","TaskActiveEvent",22,"Talk to Anderson",NA
"179","5c66ef40e4194c47a1589800",4,"Development","e0e8ba1d-a1a8-492c-a490-549b4a24c221","JG1 UX1",90,"2019-02-15 04:56:31","WindowsPlayer",NA,11,"TaskEvent",0,"0.11.141",-156.119812011719,-110.815864562988,52.7040481567383,-0.829040586948395,-0.559188604354858,0,"Find Toppo's Posters,Crash Diagnostics - Mountains,History of WAT247,Collect all the Pumps in the Alien Facility","49,poster1;49,poster4;49,poster5;49,poster6;46,jasper;50,watershed;50,dissolved materials;50,infiltration;50,energy;75,Pump4","U3_Dungeon_Side_Quest","0.11.141","TaskProgressEvent",20,"Talk with Dr. Topo",1
"180","5c66ef41e4194c47a1589807",4,"Development","e0e8ba1d-a1a8-492c-a490-549b4a24c221","JG1 UX1",90,"2019-02-15 04:56:31","WindowsPlayer",NA,11,"TaskEvent",0,"0.11.141",-156.119812011719,-110.815864562988,52.7040481567383,-0.829040586948395,-0.559188604354858,0,"Find Toppo's Posters,Crash Diagnostics - Mountains,History of WAT247,Collect all the Pumps in the Alien Facility","49,poster1;49,poster4;49,poster5;49,poster6;46,jasper;50,watershed;50,dissolved materials;50,infiltration;50,energy;75,Pump4;75,BackToGardens","U3_Dungeon_Side_Quest","0.11.141","TaskActiveEvent",46,"jasper",NA
"181","5c66ef54e4194c47a1589850",4,"Development","e0e8ba1d-a1a8-492c-a490-549b4a24c221","JG1 UX1",90,"2019-02-15 04:56:26","WindowsPlayer",NA,11,"TaskEvent",0,"0.11.141",-159.412796020508,-93.6914367675781,53.0436096191406,0.38752081990242,0.921860933303833,0,"Find Toppo's Posters,Crash Diagnostics - Mountains,History of WAT247,Collect all the Pumps in the Alien Facility","49,poster1;49,poster4;49,poster5;49,poster6;46,jasper;50,watershed;50,dissolved materials;50,infiltration;50,energy;75,Pump2","U3_Dungeon_Side_Quest","0.11.141","TaskProgressEvent",22,"Talk to Anderson",1
"182","5c66ef54e4194c47a1589851",4,"Development","e0e8ba1d-a1a8-492c-a490-549b4a24c221","JG1 UX1",90,"2019-02-15 04:56:26","WindowsPlayer",NA,11,"TaskEvent",0,"0.11.141",-159.412796020508,-93.6914367675781,53.0436096191406,0.38752081990242,0.921860933303833,0,"Find Toppo's Posters,Crash Diagnostics - Mountains,History of WAT247,Collect all the Pumps in the Alien Facility","49,poster1;49,poster4;49,poster5;49,poster6;46,jasper;50,watershed;50,dissolved materials;50,infiltration;50,energy;75,Pump2","U3_Dungeon_Side_Quest","0.11.141","TaskActiveEvent",22,"Talk to Sam",NA
"183","5c66ef55e4194c47a1589858",4,"Development","e0e8ba1d-a1a8-492c-a490-549b4a24c221","JG1 UX1",90,"2019-02-15 04:56:26","WindowsPlayer",NA,11,"TaskEvent",0,"0.11.141",-159.412796020508,-93.6914367675781,53.0436096191406,0.38752081990242,0.921860933303833,0,"Find Toppo's Posters,Crash Diagnostics - Mountains,History of WAT247,Collect all the Pumps in the Alien Facility","49,poster1;49,poster4;49,poster5;49,poster6;46,jasper;50,watershed;50,dissolved materials;50,infiltration;50,energy;75,Pump2;75,Pump3","U3_Dungeon_Side_Quest","0.11.141","TaskCompleteEvent",22,"Talk to Anderson",NA
"184","5c66ef67e4194c47a1589888",4,"Development","e0e8ba1d-a1a8-492c-a490-549b4a24c221","JG1 UX1",90,"2019-02-15 04:56:29","WindowsPlayer",NA,11,"TaskEvent",0,"0.11.141",-145.591720581055,-102.698211669922,53.0691146850586,0.449313849210739,-0.893373966217041,0,"Find Toppo's Posters,Crash Diagnostics - Mountains,History of WAT247,Collect all the Pumps in the Alien Facility","49,poster1;49,poster4;49,poster5;49,poster6;46,jasper;50,watershed;50,dissolved materials;50,infiltration;50,energy;75,Pump3","U3_Dungeon_Side_Quest","0.11.141","TaskProgressEvent",22,"Talk to Sam",1
"185","5c66ef67e4194c47a158988b",4,"Development","e0e8ba1d-a1a8-492c-a490-549b4a24c221","JG1 UX1",90,"2019-02-15 04:56:29","WindowsPlayer",NA,11,"TaskEvent",0,"0.11.141",-145.591720581055,-102.698211669922,53.0691146850586,0.449313849210739,-0.893373966217041,0,"Find Toppo's Posters,Crash Diagnostics - Mountains,History of WAT247,Collect all the Pumps in the Alien Facility","49,poster1;49,poster4;49,poster5;49,poster6;46,jasper;50,watershed;50,dissolved materials;50,infiltration;50,energy;75,Pump3","U3_Dungeon_Side_Quest","0.11.141","TaskActiveEvent",22,"Talk to Bill",NA
"186","5c66ef67e4194c47a158988c",4,"Development","e0e8ba1d-a1a8-492c-a490-549b4a24c221","JG1 UX1",90,"2019-02-15 04:56:29","WindowsPlayer",NA,11,"TaskEvent",0,"0.11.141",-145.591720581055,-102.698211669922,53.0691146850586,0.449313849210739,-0.893373966217041,0,"Find Toppo's Posters,Crash Diagnostics - Mountains,History of WAT247,Collect all the Pumps in the Alien Facility","49,poster1;49,poster4;49,poster5;49,poster6;46,jasper;50,watershed;50,dissolved materials;50,infiltration;50,energy;75,Pump3;75,Pump4","U3_Dungeon_Side_Quest","0.11.141","TaskCompleteEvent",22,"Talk to Sam",NA
"187","5c66ef6ce4194c47a15898a8",4,"Development","e0e8ba1d-a1a8-492c-a490-549b4a24c221","JG1 UX1",90,"2019-02-15 04:57:04","WindowsPlayer",NA,11,"TaskEvent",0,"0.11.141",-201.779205322266,-123.203269958496,56.4889984130859,-0.224957495927811,-0.974368929862976,0,"Find Toppo's Posters,Crash Diagnostics - Mountains,History of WAT247,Collect all the Pumps in the Alien Facility","49,poster1;49,poster4;49,poster5;49,poster6;46,jasper;50,watershed;50,dissolved materials;50,infiltration;50,energy;75,BackToGardens","U3_Dungeon_Side_Quest","0.11.141","TaskProgressEvent",22,"Talk to Bill",1
"188","5c66ef6ce4194c47a15898aa",4,"Development","e0e8ba1d-a1a8-492c-a490-549b4a24c221","JG1 UX1",90,"2019-02-15 04:57:04","WindowsPlayer",NA,11,"TaskEvent",0,"0.11.141",-201.779205322266,-123.203269958496,56.4889984130859,-0.224957495927811,-0.974368929862976,0,"Find Toppo's Posters,Crash Diagnostics - Mountains,History of WAT247,Collect all the Pumps in the Alien Facility,Strange Gardening","49,poster1;49,poster4;49,poster5;49,poster6;46,jasper;50,watershed;50,dissolved materials;50,infiltration;50,energy","U3_Dungeon_Side_Quest","0.11.141","TaskActiveEvent",22,"Sample the east waterfall",NA
"189","5c66ef6ce4194c47a15898ac",4,"Development","e0e8ba1d-a1a8-492c-a490-549b4a24c221","JG1 UX1",90,"2019-02-15 04:57:04","WindowsPlayer",NA,11,"TaskEvent",0,"0.11.141",-201.779205322266,-123.203269958496,56.4889984130859,-0.224957495927811,-0.974368929862976,0,"Find Toppo's Posters,Crash Diagnostics - Mountains,History of WAT247,Strange Gardening","49,poster1;49,poster4;49,poster5;49,poster6;46,jasper;50,watershed;50,dissolved materials;50,infiltration;50,energy;25,Install Pumps","U3_Dungeon_Side_Quest","0.11.141","TaskCompleteEvent",22,"Talk to Bill",NA
"190","5c66efade4194c47a1589939",4,"Development","e0e8ba1d-a1a8-492c-a490-549b4a24c221","JG1 UX1",90,"2019-02-15 04:58:20","WindowsPlayer",NA,11,"TaskEvent",0,"0.11.141",-565.031005859375,219.580581665039,57.0790939331055,-0.25713261961937,0.966376125812531,0,"Find Toppo's Posters,Crash Diagnostics - Mountains,History of WAT247,Strange Gardening","49,poster1;49,poster4;49,poster5;49,poster6;46,jasper;50,watershed;50,dissolved materials;50,infiltration;50,energy;25,Install Pumps","U3,U3_Collectibles,U3_Quests,U3_RiverSpline","0.11.141","TaskProgressEvent",22,"Sample the east waterfall",1
"191","5c66efe9e4194c47a1589983",4,"Development","e0e8ba1d-a1a8-492c-a490-549b4a24c221","JG1 UX1",90,"2019-02-15 04:59:21","WindowsPlayer",NA,11,"TaskEvent",0,"0.11.141",-487.227508544922,-303.468475341797,58.9317893981934,0.857167541980743,0.515037536621094,0,"Find Toppo's Posters,Crash Diagnostics - Mountains,History of WAT247,Strange Gardening","49,poster1;49,poster4;49,poster5;49,poster6;46,jasper;50,watershed;50,dissolved materials;50,infiltration;50,energy;25,Install Pumps","U3,U3_Collectibles,U3_Quests,U3_RiverSpline","0.11.141","TaskActiveEvent",22,"Sample the west waterfall",NA
"192","5c66f00ce4194c47a15899c6",4,"Development","e0e8ba1d-a1a8-492c-a490-549b4a24c221","JG1 UX1",90,"2019-02-15 04:59:52","WindowsPlayer",NA,11,"TaskEvent",0,"0.11.141",-245.058013916016,-20.3804302215576,54.9799995422363,-0.366500824689865,0.930417716503143,0,"Find Toppo's Posters,Crash Diagnostics - Mountains,History of WAT247,Strange Gardening","49,poster1;49,poster4;49,poster5;49,poster6;46,jasper;50,watershed;50,dissolved materials;50,infiltration;50,energy;25,Install Pumps","U3,U3_Collectibles,U3_Quests,U3_RiverSpline","0.11.141","TaskCompleteEvent",22,"Sample the east waterfall",NA
"193","5c66f039e4194c47a1589a11",4,"Development","e0e8ba1d-a1a8-492c-a490-549b4a24c221","JG1 UX1",90,"2019-02-15 05:00:34","WindowsPlayer",NA,11,"TaskEvent",0,"0.11.141",-423.072998046875,365.596435546875,57.3961563110352,-0.744310915470123,0.66783332824707,0,"Find Toppo's Posters,Crash Diagnostics - Mountains,History of WAT247,Strange Gardening","49,poster1;49,poster4;49,poster5;49,poster6;46,jasper;50,watershed;50,dissolved materials;50,infiltration;50,energy;25,Install Pumps","U3,U3_Collectibles,U3_Quests,U3_RiverSpline","0.11.141","TaskActiveEvent",84,"Spawn a Component",NA
"194","5c66f039e4194c47a1589a13",4,"Development","e0e8ba1d-a1a8-492c-a490-549b4a24c221","JG1 UX1",90,"2019-02-15 05:00:34","WindowsPlayer",NA,11,"TaskEvent",0,"0.11.141",-423.072998046875,365.596435546875,57.3961563110352,-0.744310915470123,0.66783332824707,0,"Find Toppo's Posters,Crash Diagnostics - Mountains,History of WAT247,Strange Gardening,Back at your base","49,poster1;49,poster4;49,poster5;49,poster6;46,jasper;50,watershed;50,dissolved materials;50,infiltration;50,energy","U3,U3_Collectibles,U3_Quests,U3_RiverSpline","0.11.141","TaskProgressEvent",84,"Spawn a Component",1
"195","5c66f039e4194c47a1589a1a",4,"Development","e0e8ba1d-a1a8-492c-a490-549b4a24c221","JG1 UX1",90,"2019-02-15 05:00:34","WindowsPlayer",NA,11,"TaskEvent",0,"0.11.141",-423.072998046875,365.596435546875,57.3961563110352,-0.744310915470123,0.66783332824707,0,"Find Toppo's Posters,Crash Diagnostics - Mountains,History of WAT247,Back at your base","49,poster1;49,poster4;49,poster5;49,poster6;46,jasper;50,watershed;50,dissolved materials;50,infiltration;50,energy;56,Head to bed","U3,U3_Collectibles,U3_Quests,U3_RiverSpline","0.11.141","TaskActiveEvent",84,"Identify a Component",NA
"196","5c66f0bbe4194c47a1589ae6",4,"Development","e0e8ba1d-a1a8-492c-a490-549b4a24c221","JG1 UX1",90,"2019-02-15 05:02:47","WindowsPlayer",NA,11,"TaskEvent",0,"0.11.141",-563.418762207031,-460.935638427734,73.8990325927734,-0.929776310920715,-0.368124485015869,0,"Find Toppo's Posters,Crash Diagnostics - Mountains,History of WAT247,Back at your base","49,poster1;49,poster4;49,poster5;49,poster6;46,jasper;50,watershed;50,dissolved materials;50,infiltration;50,energy;56,Head to bed","U3,U3_Collectibles,U3_Quests,U3_RiverSpline","0.11.141","TaskCompleteEvent",84,"Spawn a Component",NA
"197","5c66f0bbe4194c47a1589ae7",4,"Development","e0e8ba1d-a1a8-492c-a490-549b4a24c221","JG1 UX1",90,"2019-02-15 05:02:47","WindowsPlayer",NA,11,"TaskEvent",0,"0.11.141",-563.418762207031,-460.935638427734,73.8990325927734,-0.929776310920715,-0.368124485015869,0,"Find Toppo's Posters,Crash Diagnostics - Mountains,History of WAT247,Back at your base","49,poster1;49,poster4;49,poster5;49,poster6;46,jasper;50,watershed;50,dissolved materials;50,infiltration;50,energy;56,Head to bed","U3,U3_Collectibles,U3_Quests,U3_RiverSpline","0.11.141","TaskProgressEvent",84,"Identify a Component",1
"198","5c66f1aee4194c47a1589d29",4,"Development","e0e8ba1d-a1a8-492c-a490-549b4a24c221","JG1 UX1",90,"2019-02-15 05:06:48","WindowsPlayer",NA,11,"TaskEvent",0,"0.11.141",5.80457544326782,-3.75229525566101,0.981012523174286,0.797255277633667,-0.603641986846924,0,"Find Toppo's Posters,Crash Diagnostics - Mountains,History of WAT247,Back at your base","49,poster1;49,poster4;49,poster5;49,poster6;46,jasper;50,watershed;50,infiltration;50,energy;56,Head to bed","PB_PlayerRoom","0.11.141","TaskActiveEvent",84,"And all the rest",NA
"199","5c66f1aee4194c47a1589d2a",4,"Development","e0e8ba1d-a1a8-492c-a490-549b4a24c221","JG1 UX1",90,"2019-02-15 05:06:48","WindowsPlayer",NA,11,"TaskEvent",0,"0.11.141",5.80457544326782,-3.75229525566101,0.981012523174286,0.797255277633667,-0.603641986846924,0,"Find Toppo's Posters,Crash Diagnostics - Mountains,History of WAT247","49,poster1;49,poster4;49,poster5;49,poster6;46,jasper;50,watershed;50,infiltration;50,energy","PB_PlayerRoom","0.11.141","TaskCompleteEvent",84,"Identify a Component",NA
"200","5c66f1afe4194c47a1589d33",4,"Development","e0e8ba1d-a1a8-492c-a490-549b4a24c221","JG1 UX1",90,"2019-02-15 05:06:50","WindowsPlayer",NA,11,"TaskEvent",0,"0.11.141",5.80457544326782,-3.75229525566101,0.981012523174286,-0.124141626060009,-0.99226438999176,0,"Find Toppo's Posters,Crash Diagnostics - Mountains,History of WAT247,Second Day at Base","49,poster1;49,poster4;49,poster5;49,poster6;46,jasper;50,watershed;50,infiltration;50,energy","PB_PlayerRoom","0.11.141","TaskProgressEvent",84,"And all the rest",1
"201","5c66f1dfe4194c47a1589d73",4,"Development","e0e8ba1d-a1a8-492c-a490-549b4a24c221","JG1 UX1",90,"2019-02-15 05:07:22","WindowsPlayer",NA,11,"TaskEvent",0,"0.11.141",-59.1598777770996,-153.497589111328,58.9669380187988,0.918665766716003,-0.395035862922668,0,"Find Toppo's Posters,Crash Diagnostics - Mountains,History of WAT247,Second Day at Base","49,poster1;49,poster4;49,poster5;49,poster6;46,jasper;50,watershed;50,infiltration;50,energy;59,Get Ready","Player_Base","0.11.141","TaskActiveEvent",84,"Finish fixing ARF",NA
"202","5c66f1dfe4194c47a1589d75",4,"Development","e0e8ba1d-a1a8-492c-a490-549b4a24c221","JG1 UX1",90,"2019-02-15 05:07:22","WindowsPlayer",NA,11,"TaskEvent",0,"0.11.141",-59.1598777770996,-153.497589111328,58.9669380187988,0.918665766716003,-0.395035862922668,0,"Find Toppo's Posters,Crash Diagnostics - Mountains,History of WAT247,Second Day at Base","49,poster1;49,poster4;49,poster5;49,poster6;46,jasper;50,watershed;50,infiltration;50,energy;59,Get Ready","Player_Base","0.11.141","TaskCompleteEvent",84,"And all the rest",NA
"203","5c66f1dfe4194c47a1589d76",4,"Development","e0e8ba1d-a1a8-492c-a490-549b4a24c221","JG1 UX1",90,"2019-02-15 05:07:22","WindowsPlayer",NA,11,"TaskEvent",0,"0.11.141",-59.1598777770996,-153.497589111328,58.9669380187988,0.918665766716003,-0.395035862922668,0,"Find Toppo's Posters,Crash Diagnostics - Mountains,History of WAT247,Second Day at Base","49,poster1;49,poster4;49,poster5;49,poster6;46,jasper;50,watershed;50,infiltration;50,energy;59,Get Ready;59,Head to the Desert","Player_Base","0.11.141","TaskCompleteEvent",84,"Finish fixing ARF",NA
"204","5c66f1e4e4194c47a1589d89",4,"Development","e0e8ba1d-a1a8-492c-a490-549b4a24c221","JG1 UX1",90,"2019-02-15 05:07:40","WindowsPlayer",NA,11,"TaskEvent",0,"0.11.141",-587.252014160156,758.656433105469,63.2577056884766,0.0878125727176666,-0.996135354042053,0.00187259505037218,"Find Toppo's Posters,Crash Diagnostics - Mountains,History of WAT247,Second Day at Base","49,poster1;49,poster4;49,poster5;49,poster6;46,jasper;50,watershed;50,infiltration;50,energy;59,Head to the Desert","U4,U4_Collectibles,U4_Quests,U4_MilitaryBase","0.11.141","TaskProgressEvent",84,"Finish fixing ARF",1
"205","5c66f1e4e4194c47a1589d8a",4,"Development","e0e8ba1d-a1a8-492c-a490-549b4a24c221","JG1 UX1",90,"2019-02-15 05:07:40","WindowsPlayer",NA,11,"TaskEvent",0,"0.11.141",-587.252014160156,758.656433105469,63.2577056884766,0.0878125727176666,-0.996135354042053,0.00187259505037218,"Find Toppo's Posters,Crash Diagnostics - Mountains,History of WAT247,Second Day at Base","49,poster1;49,poster4;49,poster5;49,poster6;46,jasper;50,watershed;50,infiltration;50,energy;59,Head to the Desert;59,Talk To Anderson","U4,U4_Collectibles,U4_Quests,U4_MilitaryBase","0.11.141","TaskCompleteEvent",22,"Sample the west waterfall",NA
"206","5c66f1e4e4194c47a1589d96",4,"Development","e0e8ba1d-a1a8-492c-a490-549b4a24c221","JG1 UX1",90,"2019-02-15 05:07:40","WindowsPlayer",NA,11,"TaskEvent",0,"0.11.141",-587.252014160156,758.656433105469,63.2577056884766,0.0878125727176666,-0.996135354042053,0.00187259505037218,"Find Toppo's Posters,Crash Diagnostics - Mountains,History of WAT247,Second Day at Base","49,poster1;49,poster4;49,poster5;49,poster6;46,jasper;50,watershed;50,infiltration;50,energy;59,Head to the Desert","U4,U4_Collectibles,U4_Quests,U4_MilitaryBase","0.11.141","TaskActiveEvent",28,"Talk to Holo-Toppo",NA
"207","5c66f1f8e4194c47a1589db6",4,"Development","e0e8ba1d-a1a8-492c-a490-549b4a24c221","JG1 UX1",90,"2019-02-15 05:08:02","WindowsPlayer",NA,11,"TaskEvent",0,"0.11.141",-586.197998046875,752.761535644531,63.0429153442383,0.189719334244728,-0.981830060482025,0.00404573185369372,"Find Toppo's Posters,Crash Diagnostics - Mountains,History of WAT247,Second Day at Base","49,poster1;49,poster4;49,poster5;49,poster6;46,jasper;50,watershed;50,infiltration;50,energy;59,Talk To Anderson","U4,U4_Collectibles,U4_Quests,U4_MilitaryBase","0.11.141","TaskProgressEvent",22,"Sample the west waterfall",1
"208","5c66f1f8e4194c47a1589dbe",4,"Development","e0e8ba1d-a1a8-492c-a490-549b4a24c221","JG1 UX1",90,"2019-02-15 05:08:02","WindowsPlayer",NA,11,"TaskEvent",0,"0.11.141",-586.197998046875,752.761535644531,63.0429153442383,0.189719334244728,-0.981830060482025,0.00404573185369372,"Find Toppo's Posters,Crash Diagnostics - Mountains,History of WAT247,Alien Village","49,poster1;49,poster4;49,poster5;49,poster6;46,jasper;50,watershed;50,infiltration;50,energy;2,Find the Ruins","U4,U4_Collectibles,U4_Quests,U4_MilitaryBase","0.11.141","TaskProgressEvent",28,"Talk to Holo-Toppo",1
"209","5c66f1f8e4194c47a1589dc0",4,"Development","e0e8ba1d-a1a8-492c-a490-549b4a24c221","JG1 UX1",90,"2019-02-15 05:08:02","WindowsPlayer",NA,11,"TaskEvent",0,"0.11.141",-586.197998046875,752.761535644531,63.0429153442383,0.189719334244728,-0.981830060482025,0.00404573185369372,"Find Toppo's Posters,Crash Diagnostics - Mountains,History of WAT247,Second Day at Base,Alien Village","49,poster1;49,poster4;49,poster5;49,poster6;46,jasper;50,watershed;50,infiltration;50,energy","U4,U4_Collectibles,U4_Quests,U4_MilitaryBase","0.11.141","TaskActiveEvent",28,"Argue which watershed is bigger",NA
"210","5c66f202e4194c47a1589dc2",4,"Development","e0e8ba1d-a1a8-492c-a490-549b4a24c221","JG1 UX1",90,"2019-02-15 05:08:06","WindowsPlayer",NA,11,"TaskEvent",0,"0.11.141",-593.698059082031,736.800170898438,62.2178115844727,-0.681346476078033,-0.731816649436951,-0.0145295318216085,"Find Toppo's Posters,Crash Diagnostics - Mountains,History of WAT247,Alien Village","49,poster1;49,poster4;49,poster5;49,poster6;46,jasper;50,watershed;50,infiltration;50,energy;2,Find the Ruins","U4,U4_Collectibles,U4_Quests,U4_MilitaryBase","0.11.141","TaskCompleteEvent",28,"Talk to Holo-Toppo",NA
"211","5c66f202e4194c47a1589dc3",4,"Development","e0e8ba1d-a1a8-492c-a490-549b4a24c221","JG1 UX1",90,"2019-02-15 05:08:06","WindowsPlayer",NA,11,"TaskEvent",0,"0.11.141",-593.698059082031,736.800170898438,62.2178115844727,-0.681346476078033,-0.731816649436951,-0.0145295318216085,"Find Toppo's Posters,Crash Diagnostics - Mountains,History of WAT247,Alien Village","49,poster1;49,poster4;49,poster5;49,poster6;46,jasper;50,watershed;50,infiltration;50,energy;2,Find the Ruins","U4,U4_Collectibles,U4_Quests,U4_MilitaryBase","0.11.141","TaskCompleteEvent",28,"Argue which watershed is bigger",NA
"212","5c66f2b2e4194c47a1589ef9",4,"Development","e0e8ba1d-a1a8-492c-a490-549b4a24c221","JG1 UX1",90,"2019-02-15 05:11:03","WindowsPlayer",NA,11,"TaskEvent",0,"0.11.141",193.209197998047,-598.764404296875,41.2950248718262,0.790391087532043,-0.612370610237122,0.0168549008667469,"Find Toppo's Posters,Crash Diagnostics - Mountains,History of WAT247,Alien Village","49,poster1;49,poster5;49,poster6;46,jasper;50,watershed;50,infiltration;50,energy;2,Find the Ruins;2,Unlock the Door","U4,U4_Collectibles,U4_Quests,U4_AlienRuins","0.11.141","TaskActiveEvent",58,"Speak with Toppo",NA
"213","5c66f2b2e4194c47a1589f03",4,"Development","e0e8ba1d-a1a8-492c-a490-549b4a24c221","JG1 UX1",90,"2019-02-15 05:11:03","WindowsPlayer",NA,11,"TaskEvent",0,"0.11.141",193.209197998047,-598.764404296875,41.2950248718262,0.790391087532043,-0.612370610237122,0.0168549008667469,"Find Toppo's Posters,Crash Diagnostics - Mountains,History of WAT247,Alien Village","49,poster1;49,poster5;49,poster6;46,jasper;50,watershed;50,infiltration;50,energy;2,Find the Ruins","U4,U4_Collectibles,U4_Quests,U4_AlienRuins","0.11.141","TaskProgressEvent",28,"Argue which watershed is bigger",1
"214","5c66f2b2e4194c47a1589f07",4,"Development","e0e8ba1d-a1a8-492c-a490-549b4a24c221","JG1 UX1",90,"2019-02-15 05:11:03","WindowsPlayer",NA,11,"TaskEvent",0,"0.11.141",193.209197998047,-598.764404296875,41.2950248718262,0.790391087532043,-0.612370610237122,0.0168549008667469,"Find Toppo's Posters,Crash Diagnostics - Mountains,History of WAT247,Alien Village","49,poster1;49,poster5;49,poster6;46,jasper;50,watershed;50,infiltration;50,energy;2,Find the Ruins","U4,U4_Collectibles,U4_Quests,U4_AlienRuins","0.11.141","TaskProgressEvent",58,"Speak with Toppo",1
"215","5c66f2d5e4194c47a1589f38",4,"Development","e0e8ba1d-a1a8-492c-a490-549b4a24c221","JG1 UX1",90,"2019-02-15 05:11:44","WindowsPlayer",NA,11,"TaskEvent",0,"0.11.141",172.367431640625,-686.894836425781,40.9909858703613,-0.278275936841965,-0.960482835769653,-0.00593414809554815,"Find Toppo's Posters,Crash Diagnostics - Mountains,History of WAT247,Alien Village","49,poster1;49,poster5;49,poster6;46,jasper;50,watershed;50,infiltration;50,energy;2,Unlock the Door","U4,U4_Collectibles,U4_Quests,U4_AlienRuins","0.11.141","TaskActiveEvent",58,"Jasper's Proposal",NA
"216","5c66f2d5e4194c47a1589f3d",4,"Development","e0e8ba1d-a1a8-492c-a490-549b4a24c221","JG1 UX1",90,"2019-02-15 05:11:44","WindowsPlayer",NA,11,"TaskEvent",0,"0.11.141",172.367431640625,-686.894836425781,40.9909858703613,-0.278275936841965,-0.960482835769653,-0.00593414809554815,"Find Toppo's Posters,Crash Diagnostics - Mountains,History of WAT247,Alien Village","49,poster1;49,poster5;49,poster6;46,jasper;50,watershed;50,infiltration;50,energy;2,Unlock the Door","U4,U4_Collectibles,U4_Quests,U4_AlienRuins","0.11.141","TaskCompleteEvent",58,"Speak with Toppo",NA
"217","5c66f2d5e4194c47a1589f3e",4,"Development","e0e8ba1d-a1a8-492c-a490-549b4a24c221","JG1 UX1",90,"2019-02-15 05:11:44","WindowsPlayer",NA,11,"TaskEvent",0,"0.11.141",172.367431640625,-686.894836425781,40.9909858703613,-0.278275936841965,-0.960482835769653,-0.00593414809554815,"Find Toppo's Posters,Crash Diagnostics - Mountains,History of WAT247,Alien Village","49,poster1;49,poster5;49,poster6;46,jasper;50,watershed;50,infiltration;50,energy;2,Unlock the Door;2,Enter the Building","U4,U4_Collectibles,U4_Quests,U4_AlienRuins","0.11.141","TaskProgressEvent",58,"Jasper's Proposal",1
"218","5c66f2e9e4194c47a1589f65",4,"Development","e0e8ba1d-a1a8-492c-a490-549b4a24c221","JG1 UX1",90,"2019-02-15 05:12:03","WindowsPlayer",NA,11,"TaskEvent",0,"0.11.141",158.332580566406,-683.151245117188,40.9909858703613,0.000679103948641568,-1.00000011920929,1.44972545967903e-05,"Find Toppo's Posters,Crash Diagnostics - Mountains,History of WAT247,Alien Village","49,poster1;49,poster5;49,poster6;46,jasper;50,watershed;50,infiltration;50,energy;2,Enter the Building","U4,U4_Collectibles,U4_Quests,U4_AlienRuins","0.11.141","TaskActiveEvent",58,"Head to bed",NA
"219","5c66f2e9e4194c47a1589f66",4,"Development","e0e8ba1d-a1a8-492c-a490-549b4a24c221","JG1 UX1",90,"2019-02-15 05:12:03","WindowsPlayer",NA,11,"TaskEvent",0,"0.11.141",158.332580566406,-683.151245117188,40.9909858703613,0.000679103948641568,-1.00000011920929,1.44972545967903e-05,"Find Toppo's Posters,Crash Diagnostics - Mountains,History of WAT247,Alien Village","49,poster1;49,poster5;49,poster6;46,jasper;50,watershed;50,infiltration;50,energy;2,Enter the Building","U4,U4_Collectibles,U4_Quests,U4_AlienRuins","0.11.141","TaskCompleteEvent",58,"Jasper's Proposal",NA
"220","5c66f2f6e4194c47a1589f7d",4,"Development","e0e8ba1d-a1a8-492c-a490-549b4a24c221","JG1 UX1",90,"2019-02-15 05:12:16","WindowsPlayer",NA,11,"TaskEvent",0,"0.11.141",163.75244140625,-692.311218261719,41.6039505004883,-0.147103846073151,-0.989116251468658,-0.00313694356009364,"Find Toppo's Posters,Crash Diagnostics - Mountains,History of WAT247,Alien Village","49,poster1;49,poster5;49,poster6;46,jasper;50,watershed;50,energy;2,Enter the Building","U4,U4_Collectibles,U4_Quests,U4_AlienRuins,U4_DrillRoomV2","0.11.141","TaskCompleteEvent",58,"Head to bed",NA
"221","5c66f2f6e4194c47a1589f81",4,"Development","e0e8ba1d-a1a8-492c-a490-549b4a24c221","JG1 UX1",90,"2019-02-15 05:12:16","WindowsPlayer",NA,11,"TaskEvent",0,"0.11.141",163.75244140625,-692.311218261719,41.6039505004883,-0.147103846073151,-0.989116251468658,-0.00313694356009364,"Find Toppo's Posters,Crash Diagnostics - Mountains,History of WAT247,Alien Village","49,poster1;49,poster5;49,poster6;46,jasper;50,watershed;50,energy;2,Enter the Building;2,Try the Controls","U4,U4_Collectibles,U4_Quests,U4_AlienRuins,U4_DrillRoomV2","0.11.141","TaskProgressEvent",58,"Head to bed",1
"222","5c66f2f6e4194c47a1589f86",4,"Development","e0e8ba1d-a1a8-492c-a490-549b4a24c221","JG1 UX1",90,"2019-02-15 05:12:16","WindowsPlayer",NA,11,"TaskEvent",0,"0.11.141",163.75244140625,-692.311218261719,41.6039505004883,-0.147103846073151,-0.989116251468658,-0.00313694356009364,"Find Toppo's Posters,Crash Diagnostics - Mountains,History of WAT247,Alien Village","49,poster1;49,poster5;49,poster6;46,jasper;50,watershed;50,energy;2,Enter the Building","U4,U4_Collectibles,U4_Quests,U4_AlienRuins,U4_DrillRoomV2","0.11.141","TaskActiveEvent",57,"Meet up with Sam",NA
"223","5c66f300e4194c47a1589f99",4,"Development","e0e8ba1d-a1a8-492c-a490-549b4a24c221","JG1 UX1",90,"2019-02-15 05:12:27","WindowsPlayer",NA,11,"TaskEvent",0,"0.11.141",178.410079956055,-724.111022949219,-72.9669570922852,-0.796167433261871,-0.605076551437378,0,"Find Toppo's Posters,Crash Diagnostics - Mountains,History of WAT247,Alien Village,The Ruins","49,poster1;49,poster5;49,poster6;46,jasper;50,watershed;50,energy","U4_DrillRoomV2,U4_DrillRoomV2_Quests","0.11.141","TaskActiveEvent",74,"wakeup",NA
"224","5c66f300e4194c47a1589f9e",4,"Development","e0e8ba1d-a1a8-492c-a490-549b4a24c221","JG1 UX1",90,"2019-02-15 05:12:27","WindowsPlayer",NA,11,"TaskEvent",0,"0.11.141",178.410079956055,-724.111022949219,-72.9669570922852,-0.796167433261871,-0.605076551437378,0,"Find Toppo's Posters,Crash Diagnostics - Mountains,History of WAT247,Alien Village","49,poster1;49,poster5;49,poster6;46,jasper;50,watershed;50,energy;2,Try the Controls","U4_DrillRoomV2,U4_DrillRoomV2_Quests","0.11.141","TaskProgressEvent",74,"wakeup",1
"225","5c66f300e4194c47a1589fa0",4,"Development","e0e8ba1d-a1a8-492c-a490-549b4a24c221","JG1 UX1",90,"2019-02-15 05:12:27","WindowsPlayer",NA,11,"TaskEvent",0,"0.11.141",178.410079956055,-724.111022949219,-72.9669570922852,-0.796167433261871,-0.605076551437378,0,"Find Toppo's Posters,Crash Diagnostics - Mountains,History of WAT247,The Ruins","49,poster1;49,poster5;49,poster6;46,jasper;50,watershed;50,energy;3,Restore Power to B5","U4_DrillRoomV2,U4_DrillRoomV2_Quests","0.11.141","TaskActiveEvent",74,"arfRoom",NA
"226","5c66f355e4194c47a158a08f",4,"Development","e0e8ba1d-a1a8-492c-a490-549b4a24c221","JG1 UX1",90,"2019-02-15 05:13:53","WindowsPlayer",NA,11,"TaskEvent",0,"0.11.141",53.619026184082,-2.74058938026428,3.98000001907349,0.847121894359589,-0.531398773193359,0,"Find Toppo's Posters,Crash Diagnostics - Mountains,History of WAT247,The Ruins","49,poster1;49,poster5;49,poster6;46,jasper;50,watershed;50,energy;3,Restore Power to B5","U4_Dungeon,U4_Dungeon_Quests","0.11.141","TaskCompleteEvent",74,"wakeup",NA
"227","5c66f355e4194c47a158a090",4,"Development","e0e8ba1d-a1a8-492c-a490-549b4a24c221","JG1 UX1",90,"2019-02-15 05:13:53","WindowsPlayer",NA,11,"TaskEvent",0,"0.11.141",53.619026184082,-2.74058938026428,3.98000001907349,0.847121894359589,-0.531398773193359,0,"Find Toppo's Posters,Crash Diagnostics - Mountains,History of WAT247,The Ruins","49,poster1;49,poster5;49,poster6;46,jasper;50,watershed;50,energy;3,Restore Power to B5","U4_Dungeon,U4_Dungeon_Quests","0.11.141","TaskCompleteEvent",74,"arfRoom",NA
"228","5c66f355e4194c47a158a094",4,"Development","e0e8ba1d-a1a8-492c-a490-549b4a24c221","JG1 UX1",90,"2019-02-15 05:13:53","WindowsPlayer",NA,11,"TaskEvent",0,"0.11.141",53.619026184082,-2.74058938026428,3.98000001907349,0.847121894359589,-0.531398773193359,0,"Find Toppo's Posters,Crash Diagnostics - Mountains,History of WAT247,The Ruins","49,poster1;49,poster5;49,poster6;46,jasper;50,watershed;50,energy;3,Restore Power to B5;3,Restore Power to B4","U4_Dungeon,U4_Dungeon_Quests","0.11.141","TaskActiveEvent",77,"collectARF",NA
"229","5c66f419e4194c47a158a295",4,"Development","e0e8ba1d-a1a8-492c-a490-549b4a24c221","JG1 UX1",90,"2019-02-15 05:17:05","WindowsPlayer",NA,11,"TaskEvent",0,"0.11.141",138.523971557617,27.0115489959717,9.2296257019043,-0.770513832569122,0.63742333650589,0,"Find Toppo's Posters,Crash Diagnostics - Mountains,History of WAT247,The Ruins","49,poster1;49,poster5;49,poster6;46,jasper;50,watershed;50,energy;3,Restore Power to B4","U4_Dungeon,U4_Dungeon_Quests","0.11.141","TaskProgressEvent",74,"arfRoom",1
"230","5c66f419e4194c47a158a296",4,"Development","e0e8ba1d-a1a8-492c-a490-549b4a24c221","JG1 UX1",90,"2019-02-15 05:17:05","WindowsPlayer",NA,11,"TaskEvent",0,"0.11.141",138.523971557617,27.0115489959717,9.2296257019043,-0.770513832569122,0.63742333650589,0,"Find Toppo's Posters,Crash Diagnostics - Mountains,History of WAT247,The Ruins","49,poster1;49,poster5;49,poster6;46,jasper;50,watershed;50,energy;3,Restore Power to B4","U4_Dungeon,U4_Dungeon_Quests","0.11.141","TaskActiveEvent",74,"wakeup",NA
"231","5c66f419e4194c47a158a297",4,"Development","e0e8ba1d-a1a8-492c-a490-549b4a24c221","JG1 UX1",90,"2019-02-15 05:17:05","WindowsPlayer",NA,11,"TaskEvent",0,"0.11.141",138.523971557617,27.0115489959717,9.2296257019043,-0.770513832569122,0.63742333650589,0,"Find Toppo's Posters,Crash Diagnostics - Mountains,History of WAT247,The Ruins","49,poster1;49,poster5;49,poster6;46,jasper;50,watershed;50,energy;3,Restore Power to B4;3,Restore Power to B3","U4_Dungeon,U4_Dungeon_Quests","0.11.141","TaskProgressEvent",74,"wakeup",1
"232","5c66f43ce4194c47a158a300",4,"Development","e0e8ba1d-a1a8-492c-a490-549b4a24c221","JG1 UX1",90,"2019-02-15 05:17:44","WindowsPlayer",NA,11,"TaskEvent",0,"0.11.141",59.3342094421387,33.3401908874512,14.4796266555786,-0.879649221897125,0.475622951984406,0,"Find Toppo's Posters,Crash Diagnostics - Mountains,History of WAT247,The Ruins","49,poster1;49,poster5;49,poster6;46,jasper;50,watershed;50,energy;3,Restore Power to B3","U4_Dungeon,U4_Dungeon_Quests","0.11.141","TaskActiveEvent",74,"arfRoom",NA
"233","5c66f43ce4194c47a158a301",4,"Development","e0e8ba1d-a1a8-492c-a490-549b4a24c221","JG1 UX1",90,"2019-02-15 05:17:44","WindowsPlayer",NA,11,"TaskEvent",0,"0.11.141",59.3342094421387,33.3401908874512,14.4796266555786,-0.879649221897125,0.475622951984406,0,"Find Toppo's Posters,Crash Diagnostics - Mountains,History of WAT247,The Ruins","49,poster1;49,poster5;49,poster6;46,jasper;50,watershed;50,energy;3,Restore Power to B3;3,Restore Power to B2","U4_Dungeon,U4_Dungeon_Quests","0.11.141","TaskCompleteEvent",74,"wakeup",NA
"234","5c66f43ce4194c47a158a307",4,"Development","e0e8ba1d-a1a8-492c-a490-549b4a24c221","JG1 UX1",90,"2019-02-15 05:17:44","WindowsPlayer",NA,11,"TaskEvent",0,"0.11.141",59.3342094421387,33.3401908874512,14.4796266555786,-0.879649221897125,0.475622951984406,0,"Find Toppo's Posters,Crash Diagnostics - Mountains,History of WAT247,The Ruins","49,poster1;49,poster5;49,poster6;46,jasper;50,watershed;50,energy;3,Restore Power to B3","U4_Dungeon,U4_Dungeon_Quests","0.11.141","TaskCompleteEvent",74,"arfRoom",NA
"235","5c66f612e4194c47a158a7d7",4,"Development","e0e8ba1d-a1a8-492c-a490-549b4a24c221","JG1 UX1",90,"2019-02-15 05:25:36","WindowsPlayer",NA,11,"TaskEvent",0,"0.11.141",2.92068862915039,132.695755004883,24.9799995422363,0.0941048488020897,0.995562314987183,0,"Find Toppo's Posters,Crash Diagnostics - Mountains,History of WAT247,The Ruins","49,poster1;49,poster5;49,poster6;46,jasper;50,watershed;50,energy;3,Restore Power to B2","U4_Dungeon,U4_Dungeon_Quests","0.11.141","TaskActiveEvent",77,"collectARF",NA
"236","5c66f613e4194c47a158a7e4",4,"Development","e0e8ba1d-a1a8-492c-a490-549b4a24c221","JG1 UX1",90,"2019-02-15 05:25:36","WindowsPlayer",NA,11,"TaskEvent",0,"0.11.141",2.92068862915039,132.695755004883,24.9799995422363,0.0941048488020897,0.995562314987183,0,"Find Toppo's Posters,Crash Diagnostics - Mountains,History of WAT247,The Ruins","49,poster1;49,poster5;49,poster6;46,jasper;50,watershed;50,energy;3,Restore Power to B2","U4_Dungeon,U4_Dungeon_Quests","0.11.141","TaskProgressEvent",74,"arfRoom",1
"237","5c66f613e4194c47a158a7e5",4,"Development","e0e8ba1d-a1a8-492c-a490-549b4a24c221","JG1 UX1",90,"2019-02-15 05:25:36","WindowsPlayer",NA,11,"TaskEvent",0,"0.11.141",2.92068862915039,132.695755004883,24.9799995422363,0.0941048488020897,0.995562314987183,0,"Find Toppo's Posters,Crash Diagnostics - Mountains,History of WAT247,The Ruins","49,poster1;49,poster5;49,poster6;46,jasper;50,watershed;50,energy;3,Restore Power to B2;3,Restore Power to B1","U4_Dungeon,U4_Dungeon_Quests","0.11.141","TaskProgressEvent",77,"collectARF",1
"238","5c66f6a0e4194c47a158a975",4,"Development","e0e8ba1d-a1a8-492c-a490-549b4a24c221","JG1 UX1",90,"2019-02-15 05:27:56","WindowsPlayer",NA,11,"TaskEvent",0,"0.11.141",-80.7811584472656,167.221603393555,30.2296581268311,0.522496044635773,0.852641701698303,0,"Find Toppo's Posters,Crash Diagnostics - Mountains,History of WAT247,The Ruins,The Fountain","49,poster1;49,poster5;49,poster6;46,jasper;50,watershed;50,energy","U4_Dungeon,U4_Dungeon_Quests","0.11.141","TaskActiveEvent",77,"checkPoster",NA
"239","5c66f6a0e4194c47a158a97b",4,"Development","e0e8ba1d-a1a8-492c-a490-549b4a24c221","JG1 UX1",90,"2019-02-15 05:27:56","WindowsPlayer",NA,11,"TaskEvent",0,"0.11.141",-80.7811584472656,167.221603393555,30.2296581268311,0.522496044635773,0.852641701698303,0,"Find Toppo's Posters,Crash Diagnostics - Mountains,History of WAT247,The Fountain","49,poster1;49,poster5;49,poster6;46,jasper;50,watershed;50,energy;5,Retry the Controls","U4_Dungeon,U4_Dungeon_Quests","0.11.141","TaskCompleteEvent",77,"collectARF",NA
"240","5c66f6a1e4194c47a158a97f",4,"Development","e0e8ba1d-a1a8-492c-a490-549b4a24c221","JG1 UX1",90,"2019-02-15 05:27:56","WindowsPlayer",NA,11,"TaskEvent",0,"0.11.141",-80.7811584472656,167.221603393555,30.2296581268311,0.522496044635773,0.852641701698303,0,"Find Toppo's Posters,Crash Diagnostics - Mountains,History of WAT247,The Ruins","49,poster1;49,poster5;49,poster6;46,jasper;50,watershed;50,energy;3,Restore Power to B1","U4_Dungeon,U4_Dungeon_Quests","0.11.141","TaskProgressEvent",77,"checkPoster",1
"241","5c66f6b4e4194c47a158a9c0",4,"Development","e0e8ba1d-a1a8-492c-a490-549b4a24c221","JG1 UX1",90,"2019-02-15 05:28:09","WindowsPlayer",NA,11,"TaskEvent",0,"0.11.141",178.106719970703,-724.605346679688,-72.8924713134766,-0.831621289253235,-0.555343508720398,0,"Find Toppo's Posters,Crash Diagnostics - Mountains,History of WAT247,The Fountain","49,poster1;49,poster5;49,poster6;46,jasper;50,watershed;50,energy;5,Retry the Controls","U4_DrillRoomV2,U4_DrillRoomV2_Quests","0.11.141","TaskActiveEvent",77,"trialArg",NA
"242","5c66f6b4e4194c47a158a9c4",4,"Development","e0e8ba1d-a1a8-492c-a490-549b4a24c221","JG1 UX1",90,"2019-02-15 05:28:09","WindowsPlayer",NA,11,"TaskEvent",0,"0.11.141",178.106719970703,-724.605346679688,-72.8924713134766,-0.831621289253235,-0.555343508720398,0,"Find Toppo's Posters,Crash Diagnostics - Mountains,History of WAT247,The Fountain","49,poster1;49,poster5;49,poster6;46,jasper;50,watershed;50,energy;5,Retry the Controls","U4_DrillRoomV2,U4_DrillRoomV2_Quests","0.11.141","TaskCompleteEvent",77,"checkPoster",NA
"243","5c66f6b4e4194c47a158a9c5",4,"Development","e0e8ba1d-a1a8-492c-a490-549b4a24c221","JG1 UX1",90,"2019-02-15 05:28:09","WindowsPlayer",NA,11,"TaskEvent",0,"0.11.141",178.106719970703,-724.605346679688,-72.8924713134766,-0.831621289253235,-0.555343508720398,0,"Find Toppo's Posters,Crash Diagnostics - Mountains,History of WAT247,The Fountain","49,poster1;49,poster5;49,poster6;46,jasper;50,watershed;50,energy;5,Retry the Controls;5,Drill to the Water Table","U4_DrillRoomV2,U4_DrillRoomV2_Quests","0.11.141","TaskCompleteEvent",77,"trialArg",NA
"244","5c66f6bee4194c47a158a9d5",4,"Development","e0e8ba1d-a1a8-492c-a490-549b4a24c221","JG1 UX1",90,"2019-02-15 05:28:21","WindowsPlayer",NA,11,"TaskEvent",0,"0.11.141",178.106719970703,-724.605346679688,-72.8924713134766,-0.831621289253235,-0.555343508720398,0,"Find Toppo's Posters,Crash Diagnostics - Mountains,History of WAT247,The Fountain","49,poster1;49,poster5;49,poster6;46,jasper;50,watershed;50,energy;5,Drill to the Water Table;5,Direct the irrigation","U4_DrillRoomV2,U4_DrillRoomV2_Quests","0.11.141","TaskActiveEvent",78,"toppoTalk",NA
"245","5c66f6bee4194c47a158a9dd",4,"Development","e0e8ba1d-a1a8-492c-a490-549b4a24c221","JG1 UX1",90,"2019-02-15 05:28:21","WindowsPlayer",NA,11,"TaskEvent",0,"0.11.141",178.106719970703,-724.605346679688,-72.8924713134766,-0.831621289253235,-0.555343508720398,0,"Find Toppo's Posters,Crash Diagnostics - Mountains,History of WAT247,The Fountain","49,poster1;49,poster5;49,poster6;46,jasper;50,watershed;50,energy;5,Drill to the Water Table","U4_DrillRoomV2,U4_DrillRoomV2_Quests","0.11.141","TaskProgressEvent",77,"trialArg",1
"246","5c66f6bee4194c47a158a9e0",4,"Development","e0e8ba1d-a1a8-492c-a490-549b4a24c221","JG1 UX1",90,"2019-02-15 05:28:21","WindowsPlayer",NA,11,"TaskEvent",0,"0.11.141",178.106719970703,-724.605346679688,-72.8924713134766,-0.831621289253235,-0.555343508720398,0,"Find Toppo's Posters,Crash Diagnostics - Mountains,History of WAT247,The Fountain","49,poster1;49,poster5;49,poster6;46,jasper;50,watershed;50,energy;5,Drill to the Water Table","U4_DrillRoomV2,U4_DrillRoomV2_Quests","0.11.141","TaskProgressEvent",78,"toppoTalk",1
"247","5c66f6fce4194c47a158aa5f",4,"Development","e0e8ba1d-a1a8-492c-a490-549b4a24c221","JG1 UX1",90,"2019-02-15 05:29:24","WindowsPlayer",NA,11,"TaskEvent",0,"0.11.141",151.098861694336,-601.345642089844,43.2170143127441,0.621653854846954,-0.783291935920715,0,"Find Toppo's Posters,Crash Diagnostics - Mountains,History of WAT247,The Fountain","49,poster1;49,poster5;49,poster6;46,jasper;50,watershed;50,energy;5,Direct the irrigation","U4,U4_Collectibles,U4_Quests,U4_MilitaryBase,U4_AlienRuins","0.11.141","TaskActiveEvent",78,"completeArg",NA
"248","5c66f6fce4194c47a158aa61",4,"Development","e0e8ba1d-a1a8-492c-a490-549b4a24c221","JG1 UX1",90,"2019-02-15 05:29:24","WindowsPlayer",NA,11,"TaskEvent",0,"0.11.141",151.098861694336,-601.345642089844,43.2170143127441,0.621653854846954,-0.783291935920715,0,"Find Toppo's Posters,Crash Diagnostics - Mountains,History of WAT247,The Fountain,Flooding in the Bunker","49,poster1;49,poster5;49,poster6;46,jasper;50,watershed;50,energy","U4,U4_Collectibles,U4_Quests,U4_MilitaryBase,U4_AlienRuins","0.11.141","TaskCompleteEvent",78,"toppoTalk",NA
"249","5c66f6fde4194c47a158aa6e",4,"Development","e0e8ba1d-a1a8-492c-a490-549b4a24c221","JG1 UX1",90,"2019-02-15 05:29:24","WindowsPlayer",NA,11,"TaskEvent",0,"0.11.141",151.098861694336,-601.345642089844,43.2170143127441,0.621653854846954,-0.783291935920715,0,"Find Toppo's Posters,Crash Diagnostics - Mountains,History of WAT247,Flooding in the Bunker","49,poster1;49,poster5;49,poster6;46,jasper;50,watershed;50,energy;6,Head Inside the Bunker","U4,U4_Collectibles,U4_Quests,U4_MilitaryBase,U4_AlienRuins","0.11.141","TaskCompleteEvent",78,"completeArg",NA
"250","5c66f75ee4194c47a158ab04",4,"Development","e0e8ba1d-a1a8-492c-a490-549b4a24c221","JG1 UX1",90,"2019-02-15 05:30:56","WindowsPlayer",NA,11,"TaskEvent",0,"0.11.141",-575.037048339844,-16.177770614624,27.2682437896729,-0.264932632446289,-0.964267134666443,0,"Find Toppo's Posters,Crash Diagnostics - Mountains,History of WAT247,Flooding in the Bunker","49,poster1;49,poster5;49,poster6;46,jasper;50,watershed;50,energy;6,Head Inside the Bunker;6,Investigate the Flood","U4,U4_Collectibles,U4_Quests,U4_MilitaryBase,U4_Bunker","0.11.141","TaskActiveEvent",79,"meetJasper",NA
"251","5c66f75ee4194c47a158ab0e",4,"Development","e0e8ba1d-a1a8-492c-a490-549b4a24c221","JG1 UX1",90,"2019-02-15 05:30:56","WindowsPlayer",NA,11,"TaskEvent",0,"0.11.141",-575.037048339844,-16.177770614624,27.2682437896729,-0.264932632446289,-0.964267134666443,0,"Find Toppo's Posters,Crash Diagnostics - Mountains,History of WAT247,Flooding in the Bunker","49,poster1;49,poster5;49,poster6;46,jasper;50,watershed;50,energy;6,Head Inside the Bunker","U4,U4_Collectibles,U4_Quests,U4_MilitaryBase,U4_Bunker","0.11.141","TaskProgressEvent",78,"completeArg",1
"252","5c66f75ee4194c47a158ab12",4,"Development","e0e8ba1d-a1a8-492c-a490-549b4a24c221","JG1 UX1",90,"2019-02-15 05:30:56","WindowsPlayer",NA,11,"TaskEvent",0,"0.11.141",-575.037048339844,-16.177770614624,27.2682437896729,-0.264932632446289,-0.964267134666443,0,"Find Toppo's Posters,Crash Diagnostics - Mountains,History of WAT247,Flooding in the Bunker","49,poster1;49,poster5;49,poster6;46,jasper;50,watershed;50,energy;6,Head Inside the Bunker","U4,U4_Collectibles,U4_Quests,U4_MilitaryBase,U4_Bunker","0.11.141","TaskProgressEvent",79,"meetJasper",1
"253","5c66f77ce4194c47a158ab46",4,"Development","e0e8ba1d-a1a8-492c-a490-549b4a24c221","JG1 UX1",90,"2019-02-15 05:31:38","WindowsPlayer",NA,11,"TaskEvent",0,"0.11.141",26.4432582855225,14.110146522522,-4.77921009063721,0.987413644790649,0.158159017562866,0,"Find Toppo's Posters,Crash Diagnostics - Mountains,History of WAT247,Flooding in the Bunker,Checking the Armory","49,poster1;49,poster5;49,poster6;46,jasper;50,watershed;50,energy","U4_Bunker,U4_Bunker_Quests","0.11.141","TaskActiveEvent",79,"followJasper",NA
"254","5c66f77ce4194c47a158ab48",4,"Development","e0e8ba1d-a1a8-492c-a490-549b4a24c221","JG1 UX1",90,"2019-02-15 05:31:38","WindowsPlayer",NA,11,"TaskEvent",0,"0.11.141",26.4432582855225,14.110146522522,-4.77921009063721,0.987413644790649,0.158159017562866,0,"Find Toppo's Posters,Crash Diagnostics - Mountains,History of WAT247,Checking the Armory","49,poster1;49,poster5;49,poster6;46,jasper;50,watershed;50,energy;80,Scan the Armory Ceiling","U4_Bunker,U4_Bunker_Quests","0.11.141","TaskCompleteEvent",79,"meetJasper",NA
"255","5c66f77de4194c47a158ab4e",4,"Development","e0e8ba1d-a1a8-492c-a490-549b4a24c221","JG1 UX1",90,"2019-02-15 05:31:38","WindowsPlayer",NA,11,"TaskEvent",0,"0.11.141",26.4432582855225,14.110146522522,-4.77921009063721,0.987413644790649,0.158159017562866,0,"Find Toppo's Posters,Crash Diagnostics - Mountains,History of WAT247,Flooding in the Bunker","49,poster1;49,poster5;49,poster6;46,jasper;50,watershed;50,energy;6,Investigate the Flood","U4_Bunker,U4_Bunker_Quests","0.11.141","TaskProgressEvent",79,"jumpDebris",1
"256","5c66f79fe4194c47a158ab9f",4,"Development","e0e8ba1d-a1a8-492c-a490-549b4a24c221","JG1 UX1",90,"2019-02-15 05:32:14","WindowsPlayer",NA,11,"TaskEvent",0,"0.11.141",29.3875675201416,14.141074180603,-6.33124351501465,0.999560058116913,-0.0296667814254761,0,"Find Toppo's Posters,Crash Diagnostics - Mountains,History of WAT247,Checking the Armory","49,poster1;49,poster5;49,poster6;46,jasper;50,watershed;50,energy;80,Scan the Armory Ceiling","U4_Bunker,U4_Bunker_Quests","0.11.141","TaskActiveEvent",79,"escapePods",NA
"257","5c66f79fe4194c47a158aba0",4,"Development","e0e8ba1d-a1a8-492c-a490-549b4a24c221","JG1 UX1",90,"2019-02-15 05:32:14","WindowsPlayer",NA,11,"TaskEvent",0,"0.11.141",29.3875675201416,14.141074180603,-6.33124351501465,0.999560058116913,-0.0296667814254761,0,"Find Toppo's Posters,Crash Diagnostics - Mountains,History of WAT247,Checking the Armory","49,poster1;49,poster5;49,poster6;46,jasper;50,watershed;50,energy;80,Scan the Armory Ceiling","U4_Bunker,U4_Bunker_Quests","0.11.141","TaskCompleteEvent",79,"jumpDebris",NA
"258","5c66f7a0e4194c47a158aba1",4,"Development","e0e8ba1d-a1a8-492c-a490-549b4a24c221","JG1 UX1",90,"2019-02-15 05:32:14","WindowsPlayer",NA,11,"TaskEvent",0,"0.11.141",29.3875675201416,14.141074180603,-6.33124351501465,0.999560058116913,-0.0296667814254761,0,"Find Toppo's Posters,Crash Diagnostics - Mountains,History of WAT247,Checking the Armory","49,poster1;49,poster5;49,poster6;46,jasper;50,watershed;50,energy;80,Scan the Armory Ceiling;80,Scan the Amory Floor","U4_Bunker,U4_Bunker_Quests","0.11.141","TaskCompleteEvent",79,"enterPod",NA
"259","5c66f7a9e4194c47a158aba7",4,"Development","e0e8ba1d-a1a8-492c-a490-549b4a24c221","JG1 UX1",90,"2019-02-15 05:32:24","WindowsPlayer",NA,11,"TaskEvent",0,"0.11.141",42.8141136169434,13.8512420654297,-7.41999959945679,0.999994039535522,0.0034906268119812,0,"Find Toppo's Posters,Crash Diagnostics - Mountains,History of WAT247,Checking the Armory","49,poster1;49,poster5;49,poster6;46,jasper;50,watershed;50,energy;80,Scan the Amory Floor","U4_Bunker,U4_Bunker_Quests","0.11.141","TaskProgressEvent",79,"enterPod",1
"260","5c66f7a9e4194c47a158abb3",4,"Development","e0e8ba1d-a1a8-492c-a490-549b4a24c221","JG1 UX1",90,"2019-02-15 05:32:24","WindowsPlayer",NA,11,"TaskEvent",0,"0.11.141",42.8141136169434,13.8512420654297,-7.41999959945679,0.999994039535522,0.0034906268119812,0,"Find Toppo's Posters,Crash Diagnostics - Mountains,History of WAT247,Checking the Armory","49,poster1;49,poster5;49,poster6;46,jasper;50,watershed;50,energy;80,Scan the Amory Floor","U4_Bunker,U4_Bunker_Quests","0.11.141","TaskActiveEvent",49,"poster1",NA
"261","5c66f7aae4194c47a158abb9",4,"Development","e0e8ba1d-a1a8-492c-a490-549b4a24c221","JG1 UX1",90,"2019-02-15 05:32:24","WindowsPlayer",NA,11,"TaskEvent",0,"0.11.141",42.8141136169434,13.8512420654297,-7.41999959945679,0.999994039535522,0.0034906268119812,0,"Find Toppo's Posters,Crash Diagnostics - Mountains,History of WAT247,Checking the Armory","49,poster1;49,poster5;49,poster6;46,jasper;50,watershed;50,energy;80,Scan the Amory Floor;80,Scan the Armory Depth","U4_Bunker,U4_Bunker_Quests","0.11.141","TaskActiveEvent",49,"poster2",NA
"262","5c66f7b8e4194c47a158abd3",4,"Development","e0e8ba1d-a1a8-492c-a490-549b4a24c221","JG1 UX1",90,"2019-02-15 05:32:36","WindowsPlayer",NA,11,"TaskEvent",0,"0.11.141",26.2547588348389,15.5425491333008,-4.65641593933105,-0.993372738361359,0.114937543869019,0,"Find Toppo's Posters,Crash Diagnostics - Mountains,History of WAT247,Checking the Armory","49,poster1;49,poster5;49,poster6;46,jasper;50,watershed;50,energy;80,Scan the Armory Depth","U4_Bunker,U4_Bunker_Quests","0.11.141","TaskActiveEvent",49,"poster3",NA
"263","5c66f7b9e4194c47a158abde",4,"Development","e0e8ba1d-a1a8-492c-a490-549b4a24c221","JG1 UX1",90,"2019-02-15 05:32:36","WindowsPlayer",NA,11,"TaskEvent",0,"0.11.141",26.2547588348389,15.5425491333008,-4.65641593933105,-0.993372738361359,0.114937543869019,0,"Find Toppo's Posters,Crash Diagnostics - Mountains,History of WAT247,Checking the Armory,Checking the Living Quarters","49,poster1;49,poster5;49,poster6;46,jasper;50,watershed;50,energy","U4_Bunker,U4_Bunker_Quests","0.11.141","TaskActiveEvent",49,"poster4",NA
"264","5c66f7b9e4194c47a158abdf",4,"Development","e0e8ba1d-a1a8-492c-a490-549b4a24c221","JG1 UX1",90,"2019-02-15 05:32:36","WindowsPlayer",NA,11,"TaskEvent",0,"0.11.141",26.2547588348389,15.5425491333008,-4.65641593933105,-0.993372738361359,0.114937543869019,0,"Find Toppo's Posters,Crash Diagnostics - Mountains,History of WAT247,Checking the Living Quarters","49,poster1;49,poster5;49,poster6;46,jasper;50,watershed;50,energy;81,Scan the Living Quarters Ceiling","U4_Bunker,U4_Bunker_Quests","0.11.141","TaskActiveEvent",49,"poster5",NA
"265","5c66f858e4194c47a158ad3c",4,"Development","e0e8ba1d-a1a8-492c-a490-549b4a24c221","JG1 UX1",90,"2019-02-15 05:35:12","WindowsPlayer",NA,11,"TaskEvent",0,"0.11.141",-17.8659534454346,22.821346282959,-13.0200004577637,0.411514639854431,0.911403119564056,0,"Find Toppo's Posters,Crash Diagnostics - Mountains,History of WAT247,Checking the Living Quarters","49,poster1;49,poster5;49,poster6;46,jasper;50,watershed;50,energy;81,Scan the Living Quarters Ceiling","U4_Bunker,U4_Bunker_Quests","0.11.141","TaskActiveEvent",49,"poster6",NA
"266","5c66f858e4194c47a158ad41",4,"Development","e0e8ba1d-a1a8-492c-a490-549b4a24c221","JG1 UX1",90,"2019-02-15 05:35:12","WindowsPlayer",NA,11,"TaskEvent",0,"0.11.141",-17.8659534454346,22.821346282959,-13.0200004577637,0.411514639854431,0.911403119564056,0,"Find Toppo's Posters,Crash Diagnostics - Mountains,History of WAT247,Checking the Living Quarters","49,poster1;49,poster5;49,poster6;46,jasper;50,watershed;50,energy;81,Scan the Living Quarters Ceiling","U4_Bunker,U4_Bunker_Quests","0.11.141","TaskProgressEvent",79,"followJasper",1
"267","5c66f858e4194c47a158ad47",4,"Development","e0e8ba1d-a1a8-492c-a490-549b4a24c221","JG1 UX1",90,"2019-02-15 05:35:12","WindowsPlayer",NA,11,"TaskEvent",0,"0.11.141",-17.8659534454346,22.821346282959,-13.0200004577637,0.411514639854431,0.911403119564056,0,"Find Toppo's Posters,Crash Diagnostics - Mountains,History of WAT247,Checking the Living Quarters","49,poster1;49,poster5;49,poster6;46,jasper;50,watershed;50,energy;81,Scan the Living Quarters Ceiling;81,Scan the Living Quarters Floor","U4_Bunker,U4_Bunker_Quests","0.11.141","TaskActiveEvent",79,"jumpDebris",NA
"268","5c66f862e4194c47a158ad51",4,"Development","e0e8ba1d-a1a8-492c-a490-549b4a24c221","JG1 UX1",90,"2019-02-15 05:35:20","WindowsPlayer",NA,11,"TaskEvent",0,"0.11.141",-20.7821044921875,20.7104053497314,-13.0199995040894,-0.810041666030884,-0.586372494697571,0,"Find Toppo's Posters,Crash Diagnostics - Mountains,History of WAT247,Checking the Living Quarters","49,poster1;49,poster5;49,poster6;46,jasper;50,watershed;50,energy;81,Scan the Living Quarters Floor","U4_Bunker,U4_Bunker_Quests","0.11.141","TaskCompleteEvent",79,"followJasper",NA
"269","5c66f862e4194c47a158ad52",4,"Development","e0e8ba1d-a1a8-492c-a490-549b4a24c221","JG1 UX1",90,"2019-02-15 05:35:20","WindowsPlayer",NA,11,"TaskEvent",0,"0.11.141",-20.7821044921875,20.7104053497314,-13.0199995040894,-0.810041666030884,-0.586372494697571,0,"Find Toppo's Posters,Crash Diagnostics - Mountains,History of WAT247,Checking the Living Quarters","49,poster1;49,poster5;49,poster6;46,jasper;50,watershed;50,energy;81,Scan the Living Quarters Floor;81,Scan the Living Quarters Depth","U4_Bunker,U4_Bunker_Quests","0.11.141","TaskProgressEvent",79,"escapePods",1
"270","5c66f862e4194c47a158ad59",4,"Development","e0e8ba1d-a1a8-492c-a490-549b4a24c221","JG1 UX1",90,"2019-02-15 05:35:20","WindowsPlayer",NA,11,"TaskEvent",0,"0.11.141",-20.7821044921875,20.7104053497314,-13.0199995040894,-0.810041666030884,-0.586372494697571,0,"Find Toppo's Posters,Crash Diagnostics - Mountains,History of WAT247,Checking the Living Quarters","49,poster1;49,poster5;49,poster6;46,jasper;50,watershed;50,energy;81,Scan the Living Quarters Floor","U4_Bunker,U4_Bunker_Quests","0.11.141","TaskActiveEvent",79,"enterPod",NA
"271","5c66f867e4194c47a158ad67",4,"Development","e0e8ba1d-a1a8-492c-a490-549b4a24c221","JG1 UX1",90,"2019-02-15 05:35:30","WindowsPlayer",NA,11,"TaskEvent",0,"0.11.141",-9.25839328765869,23.5366306304932,-13.0199995040894,0.979924917221069,0.199367642402649,0,"Find Toppo's Posters,Crash Diagnostics - Mountains,History of WAT247,Checking the Living Quarters,Checking the Mess Hall","49,poster1;49,poster5;49,poster6;46,jasper;50,watershed;50,energy","U4_Bunker,U4_Bunker_Quests","0.11.141","TaskCompleteEvent",79,"escapePods",NA
"272","5c66f867e4194c47a158ad68",4,"Development","e0e8ba1d-a1a8-492c-a490-549b4a24c221","JG1 UX1",90,"2019-02-15 05:35:30","WindowsPlayer",NA,11,"TaskEvent",0,"0.11.141",-9.25839328765869,23.5366306304932,-13.0199995040894,0.979924917221069,0.199367642402649,0,"Find Toppo's Posters,Crash Diagnostics - Mountains,History of WAT247,Checking the Mess Hall","49,poster1;49,poster5;49,poster6;46,jasper;50,watershed;50,energy;82,Scan the Mess Hall Ceiling","U4_Bunker,U4_Bunker_Quests","0.11.141","TaskActiveEvent",51,"pod",NA
"273","5c66f867e4194c47a158ad6f",4,"Development","e0e8ba1d-a1a8-492c-a490-549b4a24c221","JG1 UX1",90,"2019-02-15 05:35:30","WindowsPlayer",NA,11,"TaskEvent",0,"0.11.141",-9.25839328765869,23.5366306304932,-13.0199995040894,0.979924917221069,0.199367642402649,0,"Find Toppo's Posters,Crash Diagnostics - Mountains,History of WAT247,Checking the Living Quarters","49,poster1;49,poster5;49,poster6;46,jasper;50,watershed;50,energy;81,Scan the Living Quarters Depth","U4_Bunker,U4_Bunker_Quests","0.11.141","TaskActiveEvent",44,"your pod",NA
"274","5c66f880e4194c47a158ada5",4,"Development","e0e8ba1d-a1a8-492c-a490-549b4a24c221","JG1 UX1",90,"2019-02-15 05:35:53","WindowsPlayer",NA,11,"TaskEvent",0,"0.11.141",48.4379806518555,35.7670288085938,-18.6200008392334,0.690881729125977,0.722967863082886,0,"Find Toppo's Posters,Crash Diagnostics - Mountains,History of WAT247,Checking the Mess Hall","49,poster1;49,poster5;49,poster6;46,jasper;50,watershed;50,energy;82,Scan the Mess Hall Ceiling","U4_Bunker,U4_Bunker_Quests","0.11.141","TaskCompleteEvent",44,"your pod",NA
"275","5c66f880e4194c47a158ada6",4,"Development","e0e8ba1d-a1a8-492c-a490-549b4a24c221","JG1 UX1",90,"2019-02-15 05:35:53","WindowsPlayer",NA,11,"TaskEvent",0,"0.11.141",48.4379806518555,35.7670288085938,-18.6200008392334,0.690881729125977,0.722967863082886,0,"Find Toppo's Posters,Crash Diagnostics - Mountains,History of WAT247,Checking the Mess Hall","49,poster1;49,poster5;49,poster6;46,jasper;50,watershed;50,energy;82,Scan the Mess Hall Ceiling;82,Scan the Mess Hall Floor","U4_Bunker,U4_Bunker_Quests","0.11.141","TaskProgressEvent",44,"your pod",1
"276","5c66f880e4194c47a158ada8",4,"Development","e0e8ba1d-a1a8-492c-a490-549b4a24c221","JG1 UX1",90,"2019-02-15 05:35:53","WindowsPlayer",NA,11,"TaskEvent",0,"0.11.141",48.4379806518555,35.7670288085938,-18.6200008392334,0.690881729125977,0.722967863082886,0,"Find Toppo's Posters,Crash Diagnostics - Mountains,History of WAT247,Checking the Mess Hall","49,poster1;49,poster5;49,poster6;46,jasper;50,watershed;50,energy;82,Scan the Mess Hall Ceiling","U4_Bunker,U4_Bunker_Quests","0.11.141","TaskProgressEvent",51,"pod",1
"277","5c66f885e4194c47a158adba",4,"Development","e0e8ba1d-a1a8-492c-a490-549b4a24c221","JG1 UX1",90,"2019-02-15 05:36:01","WindowsPlayer",NA,11,"TaskEvent",0,"0.11.141",45.1312522888184,31.26540184021,-18.6199989318848,-0.567842960357666,-0.823137283325195,0,"Find Toppo's Posters,Crash Diagnostics - Mountains,History of WAT247,Checking the Mess Hall","49,poster1;49,poster5;49,poster6;46,jasper;50,watershed;50,energy;82,Scan the Mess Hall Floor","U4_Bunker,U4_Bunker_Quests","0.11.141","TaskActiveEvent",51,"scrap",NA
"278","5c66f885e4194c47a158adbd",4,"Development","e0e8ba1d-a1a8-492c-a490-549b4a24c221","JG1 UX1",90,"2019-02-15 05:36:01","WindowsPlayer",NA,11,"TaskEvent",0,"0.11.141",45.1312522888184,31.26540184021,-18.6199989318848,-0.567842960357666,-0.823137283325195,0,"Find Toppo's Posters,Crash Diagnostics - Mountains,History of WAT247,Checking the Mess Hall","49,poster1;49,poster5;49,poster6;46,jasper;50,watershed;50,energy;82,Scan the Mess Hall Floor","U4_Bunker,U4_Bunker_Quests","0.11.141","TaskCompleteEvent",51,"pod",NA
"279","5c66f885e4194c47a158adbe",4,"Development","e0e8ba1d-a1a8-492c-a490-549b4a24c221","JG1 UX1",90,"2019-02-15 05:36:01","WindowsPlayer",NA,11,"TaskEvent",0,"0.11.141",45.1312522888184,31.26540184021,-18.6199989318848,-0.567842960357666,-0.823137283325195,0,"Find Toppo's Posters,Crash Diagnostics - Mountains,History of WAT247,Checking the Mess Hall","49,poster1;49,poster5;49,poster6;46,jasper;50,watershed;50,energy;82,Scan the Mess Hall Floor;82,Scan the Mess Hall Depth","U4_Bunker,U4_Bunker_Quests","0.11.141","TaskProgressEvent",51,"scrap",2
"280","5c66f88fe4194c47a158add0",4,"Development","e0e8ba1d-a1a8-492c-a490-549b4a24c221","JG1 UX1",90,"2019-02-15 05:36:13","WindowsPlayer",NA,11,"TaskEvent",0,"0.11.141",37.2524375915527,38.3390808105469,-18.6200370788574,-0.954240679740906,0.299039661884308,0,"Find Toppo's Posters,Crash Diagnostics - Mountains,History of WAT247,Checking the Mess Hall","49,poster1;49,poster5;49,poster6;46,jasper;50,watershed;50,energy;82,Scan the Mess Hall Depth","U4_Bunker,U4_Bunker_Quests","0.11.141","TaskProgressEvent",51,"scrap",3
"281","5c66f88fe4194c47a158add1",4,"Development","e0e8ba1d-a1a8-492c-a490-549b4a24c221","JG1 UX1",90,"2019-02-15 05:36:13","WindowsPlayer",NA,11,"TaskEvent",0,"0.11.141",37.2524375915527,38.3390808105469,-18.6200370788574,-0.954240679740906,0.299039661884308,0,"Find Toppo's Posters,Crash Diagnostics - Mountains,History of WAT247,Checking the Mess Hall,Checking the Warehouse","49,poster1;49,poster5;49,poster6;46,jasper;50,watershed;50,energy","U4_Bunker,U4_Bunker_Quests","0.11.141","TaskActiveEvent",51,"hoverboard",NA
"282","5c66f88fe4194c47a158addb",4,"Development","e0e8ba1d-a1a8-492c-a490-549b4a24c221","JG1 UX1",90,"2019-02-15 05:36:13","WindowsPlayer",NA,11,"TaskEvent",0,"0.11.141",37.2524375915527,38.3390808105469,-18.6200370788574,-0.954240679740906,0.299039661884308,0,"Find Toppo's Posters,Crash Diagnostics - Mountains,History of WAT247,Checking the Warehouse","49,poster1;49,poster5;49,poster6;46,jasper;50,watershed;50,energy;83,Scan the Warehouse Ceiling","U4_Bunker,U4_Bunker_Quests","0.11.141","TaskCompleteEvent",51,"scrap",NA
"283","5c66f8b2e4194c47a158ae30",4,"Development","e0e8ba1d-a1a8-492c-a490-549b4a24c221","JG1 UX1",90,"2019-02-15 05:36:45","WindowsPlayer",NA,11,"TaskEvent",0,"0.11.141",12.9521703720093,40.5780944824219,-18.8080177307129,0.930418014526367,-0.366500496864319,0,"Find Toppo's Posters,Crash Diagnostics - Mountains,History of WAT247,Checking the Warehouse","49,poster1;49,poster5;49,poster6;46,jasper;50,watershed;50,energy;83,Scan the Warehouse Ceiling","U4_Bunker,U4_Bunker_Quests","0.11.141","TaskProgressEvent",51,"scrap",1
"284","5c66f8b2e4194c47a158ae31",4,"Development","e0e8ba1d-a1a8-492c-a490-549b4a24c221","JG1 UX1",90,"2019-02-15 05:36:45","WindowsPlayer",NA,11,"TaskEvent",0,"0.11.141",12.9521703720093,40.5780944824219,-18.8080177307129,0.930418014526367,-0.366500496864319,0,"Find Toppo's Posters,Crash Diagnostics - Mountains,History of WAT247,Checking the Warehouse","49,poster1;49,poster5;49,poster6;46,jasper;50,watershed;50,energy;83,Scan the Warehouse Ceiling;83,Scan the Warehouse Floor","U4_Bunker,U4_Bunker_Quests","0.11.141","TaskProgressEvent",49,"poster2",1
"285","5c66f8b2e4194c47a158ae37",4,"Development","e0e8ba1d-a1a8-492c-a490-549b4a24c221","JG1 UX1",90,"2019-02-15 05:36:45","WindowsPlayer",NA,11,"TaskEvent",0,"0.11.141",12.9521703720093,40.5780944824219,-18.8080177307129,0.930418014526367,-0.366500496864319,0,"Find Toppo's Posters,Crash Diagnostics - Mountains,History of WAT247,Checking the Warehouse","49,poster1;49,poster5;49,poster6;46,jasper;50,watershed;50,energy;83,Scan the Warehouse Ceiling","U4_Bunker,U4_Bunker_Quests","0.11.141","TaskCompleteEvent",49,"poster2",NA
"286","5c66f8bce4194c47a158ae45",4,"Development","e0e8ba1d-a1a8-492c-a490-549b4a24c221","JG1 UX1",90,"2019-02-15 05:36:51","WindowsPlayer",NA,11,"TaskEvent",0,"0.11.141",-16.5917816162109,51.5260543823242,-24.0799999237061,0.195945039391518,0.980614900588989,0,"Find Toppo's Posters,Crash Diagnostics - Mountains,History of WAT247,Checking the Warehouse","49,poster1;49,poster5;49,poster6;46,jasper;50,watershed;50,energy;83,Scan the Warehouse Floor","U4_Bunker,U4_Bunker_Quests","0.11.141","TaskProgressEvent",51,"hoverboard",1
"287","5c66f8bce4194c47a158ae4f",4,"Development","e0e8ba1d-a1a8-492c-a490-549b4a24c221","JG1 UX1",90,"2019-02-15 05:36:51","WindowsPlayer",NA,11,"TaskEvent",0,"0.11.141",-16.5917816162109,51.5260543823242,-24.0799999237061,0.195945039391518,0.980614900588989,0,"Find Toppo's Posters,Crash Diagnostics - Mountains,History of WAT247,Checking the Warehouse","49,poster1;49,poster5;49,poster6;46,jasper;50,watershed;50,energy;83,Scan the Warehouse Floor","U4_Bunker,U4_Bunker_Quests","0.11.141","TaskActiveEvent",51,"communications",NA
"288","5c66f8bce4194c47a158ae50",4,"Development","e0e8ba1d-a1a8-492c-a490-549b4a24c221","JG1 UX1",90,"2019-02-15 05:36:51","WindowsPlayer",NA,11,"TaskEvent",0,"0.11.141",-16.5917816162109,51.5260543823242,-24.0799999237061,0.195945039391518,0.980614900588989,0,"Find Toppo's Posters,Crash Diagnostics - Mountains,History of WAT247,Checking the Warehouse","49,poster1;49,poster5;49,poster6;46,jasper;50,watershed;50,energy;83,Scan the Warehouse Floor;83,Scan the Warehouse Depth","U4_Bunker,U4_Bunker_Quests","0.11.141","TaskCompleteEvent",51,"hoverboard",NA
"289","5c66f8c1e4194c47a158ae5e",4,"Development","e0e8ba1d-a1a8-492c-a490-549b4a24c221","JG1 UX1",90,"2019-02-15 05:37:03","WindowsPlayer",NA,11,"TaskEvent",0,"0.11.141",-9.23373699188232,45.865966796875,-24.0799999237061,0.676874816417694,0.736098170280457,0,"Find Toppo's Posters,Crash Diagnostics - Mountains,History of WAT247,Checking the Warehouse","49,poster1;49,poster5;49,poster6;46,jasper;50,watershed;50,energy;83,Scan the Warehouse Depth","U4_Bunker,U4_Bunker_Quests","0.11.141","TaskCompleteEvent",51,"communications",NA
"290","5c66f8c1e4194c47a158ae60",4,"Development","e0e8ba1d-a1a8-492c-a490-549b4a24c221","JG1 UX1",90,"2019-02-15 05:37:03","WindowsPlayer",NA,11,"TaskEvent",0,"0.11.141",-9.23373699188232,45.865966796875,-24.0799999237061,0.676874816417694,0.736098170280457,0,"Find Toppo's Posters,Crash Diagnostics - Mountains,History of WAT247,Argue about the Flooded Bunker","49,poster1;49,poster5;49,poster6;46,jasper;50,watershed;50,energy;12,Who Flooded the Armory?","U4_Bunker,U4_Bunker_Quests","0.11.141","TaskActiveEvent",20,"Find the team",NA
"291","5c66f8c1e4194c47a158ae64",4,"Development","e0e8ba1d-a1a8-492c-a490-549b4a24c221","JG1 UX1",90,"2019-02-15 05:37:03","WindowsPlayer",NA,11,"TaskEvent",0,"0.11.141",-9.23373699188232,45.865966796875,-24.0799999237061,0.676874816417694,0.736098170280457,0,"Find Toppo's Posters,Crash Diagnostics - Mountains,History of WAT247,Checking the Warehouse,Argue about the Flooded Bunker","49,poster1;49,poster5;49,poster6;46,jasper;50,watershed;50,energy","U4_Bunker,U4_Bunker_Quests","0.11.141","TaskProgressEvent",51,"communications",1
"292","5c66f8f4e4194c47a158aec5",4,"Development","e0e8ba1d-a1a8-492c-a490-549b4a24c221","JG1 UX1",90,"2019-02-15 05:37:55","WindowsPlayer",NA,11,"TaskEvent",0,"0.11.141",-9.19622230529785,49.8427581787109,-24.0799999237061,-0.741974472999573,-0.670428276062012,0,"Find Toppo's Posters,Crash Diagnostics - Mountains,History of WAT247,Argue about the Flooded Bunker","49,poster1;49,poster5;49,poster6;46,jasper;50,watershed;50,energy;12,Who Flooded the Armory?","U4_Bunker,U4_Bunker_Quests","0.11.141","TaskCompleteEvent",20,"Talk with Dr. Topo",NA
"293","5c66f8f4e4194c47a158aec7",4,"Development","e0e8ba1d-a1a8-492c-a490-549b4a24c221","JG1 UX1",90,"2019-02-15 05:37:55","WindowsPlayer",NA,11,"TaskEvent",0,"0.11.141",-9.19622230529785,49.8427581787109,-24.0799999237061,-0.741974472999573,-0.670428276062012,0,"Find Toppo's Posters,Crash Diagnostics - Mountains,History of WAT247,Argue about the Flooded Bunker","49,poster1;49,poster5;49,poster6;46,jasper;50,watershed;50,energy;12,Who Flooded the Armory?","U4_Bunker,U4_Bunker_Quests","0.11.141","TaskActiveEvent",22,"Talk to Anderson",NA
"294","5c66f8f4e4194c47a158aec8",4,"Development","e0e8ba1d-a1a8-492c-a490-549b4a24c221","JG1 UX1",90,"2019-02-15 05:37:55","WindowsPlayer",NA,11,"TaskEvent",0,"0.11.141",-9.19622230529785,49.8427581787109,-24.0799999237061,-0.741974472999573,-0.670428276062012,0,"Find Toppo's Posters,Crash Diagnostics - Mountains,History of WAT247,Argue about the Flooded Bunker","49,poster1;49,poster5;49,poster6;46,jasper;50,watershed;50,energy;12,Who Flooded the Armory?;12,Who Flooded the Warehouse?","U4_Bunker,U4_Bunker_Quests","0.11.141","TaskProgressEvent",20,"Talk with Dr. Topo",1
"295","5c66f93ae4194c47a158af34",4,"Development","e0e8ba1d-a1a8-492c-a490-549b4a24c221","JG1 UX1",90,"2019-02-15 05:39:00","WindowsPlayer",NA,11,"TaskEvent",0,"0.11.141",-11.3649635314941,42.3302688598633,-24.0799999237061,0.224953129887581,-0.974369406700134,0,"Find Toppo's Posters,Crash Diagnostics - Mountains,History of WAT247,Argue about the Flooded Bunker","49,poster1;49,poster5;49,poster6;46,jasper;50,watershed;50,energy;12,Who Flooded the Warehouse?","U4_Bunker,U4_Bunker_Quests","0.11.141","TaskProgressEvent",20,"Find the team",1
"296","5c66f93ae4194c47a158af35",4,"Development","e0e8ba1d-a1a8-492c-a490-549b4a24c221","JG1 UX1",90,"2019-02-15 05:39:00","WindowsPlayer",NA,11,"TaskEvent",0,"0.11.141",-11.3649635314941,42.3302688598633,-24.0799999237061,0.224953129887581,-0.974369406700134,0,"Find Toppo's Posters,Crash Diagnostics - Mountains,History of WAT247,Fix the Leak","49,poster1;49,poster5;49,poster6;46,jasper;50,watershed;50,energy;13,deactivate","U4_Bunker,U4_Bunker_Quests","0.11.141","TaskActiveEvent",20,"Talk with Dr. Topo",NA
"297","5c66f93ae4194c47a158af39",4,"Development","e0e8ba1d-a1a8-492c-a490-549b4a24c221","JG1 UX1",90,"2019-02-15 05:39:00","WindowsPlayer",NA,11,"TaskEvent",0,"0.11.141",-11.3649635314941,42.3302688598633,-24.0799999237061,0.224953129887581,-0.974369406700134,0,"Find Toppo's Posters,Crash Diagnostics - Mountains,History of WAT247,Argue about the Flooded Bunker,Fix the Leak","49,poster1;49,poster5;49,poster6;46,jasper;50,watershed;50,energy","U4_Bunker,U4_Bunker_Quests","0.11.141","TaskCompleteEvent",20,"Find the team",NA
"298","5c66f95fe4194c47a158afa5",4,"Development","e0e8ba1d-a1a8-492c-a490-549b4a24c221","JG1 UX1",90,"2019-02-15 05:39:42","WindowsPlayer",NA,11,"TaskEvent",0,"0.11.141",-555.6396484375,-28.2631378173828,27.5975170135498,-0.658689439296722,0.75241494178772,0,"Find Toppo's Posters,Crash Diagnostics - Mountains,History of WAT247,Fix the Leak","49,poster1;49,poster5;49,poster6;46,jasper;50,watershed;50,energy;13,deactivate","U4,U4_Collectibles,U4_Quests,U4_MilitaryBase","0.11.141","TaskProgressEvent",22,"Talk to Anderson",1
"299","5c66f95fe4194c47a158afab",4,"Development","e0e8ba1d-a1a8-492c-a490-549b4a24c221","JG1 UX1",90,"2019-02-15 05:39:42","WindowsPlayer",NA,11,"TaskEvent",0,"0.11.141",-555.6396484375,-28.2631378173828,27.5975170135498,-0.658689439296722,0.75241494178772,0,"Find Toppo's Posters,Crash Diagnostics - Mountains,History of WAT247,Fix the Leak","49,poster1;49,poster5;49,poster6;46,jasper;50,watershed;50,energy;13,deactivate","U4,U4_Collectibles,U4_Quests,U4_MilitaryBase","0.11.141","TaskActiveEvent",22,"Talk to Sam",NA
"300","5c66f95fe4194c47a158afac",4,"Development","e0e8ba1d-a1a8-492c-a490-549b4a24c221","JG1 UX1",90,"2019-02-15 05:39:42","WindowsPlayer",NA,11,"TaskEvent",0,"0.11.141",-555.6396484375,-28.2631378173828,27.5975170135498,-0.658689439296722,0.75241494178772,0,"Find Toppo's Posters,Crash Diagnostics - Mountains,History of WAT247,Fix the Leak","49,poster1;49,poster5;49,poster6;46,jasper;50,watershed;50,energy;13,deactivate;13,report","U4,U4_Collectibles,U4_Quests,U4_MilitaryBase","0.11.141","TaskCompleteEvent",22,"Talk to Anderson",NA
"301","5c66f987e4194c47a158afec",4,"Development","e0e8ba1d-a1a8-492c-a490-549b4a24c221","JG1 UX1",90,"2019-02-15 05:40:04","WindowsPlayer",NA,11,"TaskEvent",0,"0.11.141",-586.763732910156,752.448120117188,63.0237884521484,0.577857553958893,-0.816137671470642,0,"Find Toppo's Posters,Crash Diagnostics - Mountains,History of WAT247,Fix the Leak","49,poster1;49,poster5;49,poster6;46,jasper;50,watershed;50,energy;13,report","U4,U4_Collectibles,U4_Quests,U4_MilitaryBase","0.11.141","TaskProgressEvent",22,"Talk to Sam",1
"302","5c66f987e4194c47a158afee",4,"Development","e0e8ba1d-a1a8-492c-a490-549b4a24c221","JG1 UX1",90,"2019-02-15 05:40:04","WindowsPlayer",NA,11,"TaskEvent",0,"0.11.141",-586.763732910156,752.448120117188,63.0237884521484,0.577857553958893,-0.816137671470642,0,"Find Toppo's Posters,Crash Diagnostics - Mountains,History of WAT247,Fix the Leak,Riley’s request","49,poster1;49,poster5;49,poster6;46,jasper;50,watershed;50,energy","U4,U4_Collectibles,U4_Quests,U4_MilitaryBase","0.11.141","TaskActiveEvent",22,"Talk to Bill",NA
"303","5c66f987e4194c47a158aff0",4,"Development","e0e8ba1d-a1a8-492c-a490-549b4a24c221","JG1 UX1",90,"2019-02-15 05:40:04","WindowsPlayer",NA,11,"TaskEvent",0,"0.11.141",-586.763732910156,752.448120117188,63.0237884521484,0.577857553958893,-0.816137671470642,0,"Find Toppo's Posters,Crash Diagnostics - Mountains,History of WAT247,Riley’s request","49,poster1;49,poster5;49,poster6;46,jasper;50,watershed;50,energy;14,fountain1","U4,U4_Collectibles,U4_Quests,U4_MilitaryBase","0.11.141","TaskCompleteEvent",22,"Talk to Sam",NA
"304","5c66f996e4194c47a158b016",4,"Development","e0e8ba1d-a1a8-492c-a490-549b4a24c221","JG1 UX1",90,"2019-02-15 05:40:28","WindowsPlayer",NA,11,"TaskEvent",0,"0.11.141",-248.871658325195,713.24951171875,42.2063064575195,-0.967708647251129,0.252071142196655,0,"Find Toppo's Posters,Crash Diagnostics - Mountains,History of WAT247,Riley’s request","49,poster1;49,poster5;49,poster6;46,jasper;50,watershed;50,energy;14,fountain1;14,fountain2","U4,U4_Collectibles,U4_Quests","0.11.141","TaskProgressEvent",22,"Talk to Bill",1
"305","5c66f996e4194c47a158b01a",4,"Development","e0e8ba1d-a1a8-492c-a490-549b4a24c221","JG1 UX1",90,"2019-02-15 05:40:28","WindowsPlayer",NA,11,"TaskEvent",0,"0.11.141",-248.871658325195,713.24951171875,42.2063064575195,-0.967708647251129,0.252071142196655,0,"Find Toppo's Posters,Crash Diagnostics - Mountains,History of WAT247,Riley’s request","49,poster1;49,poster5;49,poster6;46,jasper;50,watershed;50,energy;14,fountain1","U4,U4_Collectibles,U4_Quests","0.11.141","TaskActiveEvent",22,"Sample the east waterfall",NA
"306","5c66f996e4194c47a158b021",4,"Development","e0e8ba1d-a1a8-492c-a490-549b4a24c221","JG1 UX1",90,"2019-02-15 05:40:28","WindowsPlayer",NA,11,"TaskEvent",0,"0.11.141",-248.871658325195,713.24951171875,42.2063064575195,-0.967708647251129,0.252071142196655,0,"Find Toppo's Posters,Crash Diagnostics - Mountains,History of WAT247,Riley’s request","49,poster1;49,poster5;49,poster6;46,jasper;50,watershed;50,energy;14,fountain1","U4,U4_Collectibles,U4_Quests","0.11.141","TaskCompleteEvent",22,"Talk to Bill",NA
"307","5c66f9aae4194c47a158b041",4,"Development","e0e8ba1d-a1a8-492c-a490-549b4a24c221","JG1 UX1",90,"2019-02-15 05:40:54","WindowsPlayer",NA,11,"TaskEvent",0,"0.11.141",-60.0387077331543,600.451049804688,32.515193939209,0.2079136967659,0.978147149085999,0,"Find Toppo's Posters,Crash Diagnostics - Mountains,History of WAT247,Riley’s request","49,poster1;49,poster5;49,poster6;46,jasper;50,watershed;50,energy;14,fountain2","U4,U4_Collectibles,U4_Quests","0.11.141","TaskProgressEvent",22,"Sample the east waterfall",1
"308","5c66f9aae4194c47a158b04b",4,"Development","e0e8ba1d-a1a8-492c-a490-549b4a24c221","JG1 UX1",90,"2019-02-15 05:40:54","WindowsPlayer",NA,11,"TaskEvent",0,"0.11.141",-60.0387077331543,600.451049804688,32.515193939209,0.2079136967659,0.978147149085999,0,"Find Toppo's Posters,Crash Diagnostics - Mountains,History of WAT247,Riley’s request","49,poster1;49,poster5;49,poster6;46,jasper;50,watershed;50,energy;14,fountain2","U4,U4_Collectibles,U4_Quests","0.11.141","TaskActiveEvent",22,"Sample the west waterfall",NA
"309","5c66f9aae4194c47a158b051",4,"Development","e0e8ba1d-a1a8-492c-a490-549b4a24c221","JG1 UX1",90,"2019-02-15 05:40:54","WindowsPlayer",NA,11,"TaskEvent",0,"0.11.141",-60.0387077331543,600.451049804688,32.515193939209,0.2079136967659,0.978147149085999,0,"Find Toppo's Posters,Crash Diagnostics - Mountains,History of WAT247,Riley’s request","49,poster1;49,poster5;49,poster6;46,jasper;50,watershed;50,energy;14,fountain2;14,fountain3","U4,U4_Collectibles,U4_Quests","0.11.141","TaskCompleteEvent",22,"Sample the east waterfall",NA
"310","5c66f9bee4194c47a158b073",4,"Development","e0e8ba1d-a1a8-492c-a490-549b4a24c221","JG1 UX1",90,"2019-02-15 05:41:15","WindowsPlayer",NA,11,"TaskEvent",0,"0.11.141",-203.320953369141,416.853363037109,23.9928188323975,-0.348569691181183,0.937282860279083,0,"Find Toppo's Posters,Crash Diagnostics - Mountains,History of WAT247,Riley’s request","49,poster1;49,poster5;49,poster6;46,jasper;50,watershed;50,energy;14,fountain3","U4,U4_Collectibles,U4_Quests","0.11.141","TaskActiveEvent",84,"Spawn a Component",NA
"311","5c66f9bee4194c47a158b074",4,"Development","e0e8ba1d-a1a8-492c-a490-549b4a24c221","JG1 UX1",90,"2019-02-15 05:41:15","WindowsPlayer",NA,11,"TaskEvent",0,"0.11.141",-203.320953369141,416.853363037109,23.9928188323975,-0.348569691181183,0.937282860279083,0,"Find Toppo's Posters,Crash Diagnostics - Mountains,History of WAT247,Riley’s request","49,poster1;49,poster5;49,poster6;46,jasper;50,watershed;50,energy;14,fountain3","U4,U4_Collectibles,U4_Quests","0.11.141","TaskProgressEvent",84,"Spawn a Component",1
"312","5c66f9bee4194c47a158b07a",4,"Development","e0e8ba1d-a1a8-492c-a490-549b4a24c221","JG1 UX1",90,"2019-02-15 05:41:15","WindowsPlayer",NA,11,"TaskEvent",0,"0.11.141",-203.320953369141,416.853363037109,23.9928188323975,-0.348569691181183,0.937282860279083,0,"Find Toppo's Posters,Crash Diagnostics - Mountains,History of WAT247,Riley’s request","49,poster1;49,poster5;49,poster6;46,jasper;50,watershed;50,energy;14,fountain3;14,Head back to Anderson","U4,U4_Collectibles,U4_Quests","0.11.141","TaskActiveEvent",84,"Identify a Component",NA
"313","5c66f9f5e4194c47a158b0d2",4,"Development","e0e8ba1d-a1a8-492c-a490-549b4a24c221","JG1 UX1",90,"2019-02-15 05:42:06","WindowsPlayer",NA,11,"TaskEvent",0,"0.11.141",-584.911010742188,751.418701171875,63.0300254821777,-0.909237623214722,-0.416277527809143,0,"Find Toppo's Posters,Crash Diagnostics - Mountains,History of WAT247,Riley’s request","49,poster1;49,poster5;49,poster6;46,jasper;50,watershed;50,energy;14,Head back to Anderson","U4,U4_Collectibles,U4_Quests,U4_MilitaryBase","0.11.141","TaskCompleteEvent",84,"Spawn a Component",NA
"314","5c66f9f5e4194c47a158b0d3",4,"Development","e0e8ba1d-a1a8-492c-a490-549b4a24c221","JG1 UX1",90,"2019-02-15 05:42:06","WindowsPlayer",NA,11,"TaskEvent",0,"0.11.141",-584.911010742188,751.418701171875,63.0300254821777,-0.909237623214722,-0.416277527809143,0,"Find Toppo's Posters,Crash Diagnostics - Mountains,History of WAT247,Riley’s request","49,poster1;49,poster5;49,poster6;46,jasper;50,watershed;50,energy;14,Head back to Anderson;14,overflow fountain","U4,U4_Collectibles,U4_Quests,U4_MilitaryBase","0.11.141","TaskProgressEvent",84,"Identify a Component",1
"315","5c66f9f5e4194c47a158b0da",4,"Development","e0e8ba1d-a1a8-492c-a490-549b4a24c221","JG1 UX1",90,"2019-02-15 05:42:06","WindowsPlayer",NA,11,"TaskEvent",0,"0.11.141",-584.911010742188,751.418701171875,63.0300254821777,-0.909237623214722,-0.416277527809143,0,"Find Toppo's Posters,Crash Diagnostics - Mountains,History of WAT247,Riley’s request","49,poster1;49,poster5;49,poster6;46,jasper;50,watershed;50,energy;14,Head back to Anderson","U4,U4_Collectibles,U4_Quests,U4_MilitaryBase","0.11.141","TaskActiveEvent",84,"And all the rest",NA
"316","5c66fa27e4194c47a158b14e",4,"Development","e0e8ba1d-a1a8-492c-a490-549b4a24c221","JG1 UX1",90,"2019-02-15 05:43:02","WindowsPlayer",NA,11,"TaskEvent",0,"0.11.141",-584.851379394531,751.251098632812,63.0150299072266,-0.967266917228699,0.253760874271393,0,"Find Toppo's Posters,Crash Diagnostics - Mountains,History of WAT247,Riley’s request,Third Night at Base","49,poster1;49,poster5;49,poster6;46,jasper;50,watershed;50,energy","U4,U4_Collectibles,U4_Quests,U4_MilitaryBase","0.11.141","TaskCompleteEvent",84,"Identify a Component",NA
"317","5c66fa28e4194c47a158b15a",4,"Development","e0e8ba1d-a1a8-492c-a490-549b4a24c221","JG1 UX1",90,"2019-02-15 05:43:02","WindowsPlayer",NA,11,"TaskEvent",0,"0.11.141",-584.851379394531,751.251098632812,63.0150299072266,-0.967266917228699,0.253760874271393,0,"Find Toppo's Posters,Crash Diagnostics - Mountains,History of WAT247,Riley’s request","49,poster1;49,poster5;49,poster6;46,jasper;50,watershed;50,energy;14,overflow fountain","U4,U4_Collectibles,U4_Quests,U4_MilitaryBase","0.11.141","TaskProgressEvent",84,"And all the rest",1
"318","5c66fa28e4194c47a158b15c",4,"Development","e0e8ba1d-a1a8-492c-a490-549b4a24c221","JG1 UX1",90,"2019-02-15 05:43:02","WindowsPlayer",NA,11,"TaskEvent",0,"0.11.141",-584.851379394531,751.251098632812,63.0150299072266,-0.967266917228699,0.253760874271393,0,"Find Toppo's Posters,Crash Diagnostics - Mountains,History of WAT247,Third Night at Base","49,poster1;49,poster5;49,poster6;46,jasper;50,watershed;50,energy;61,Head to Bed","U4,U4_Collectibles,U4_Quests,U4_MilitaryBase","0.11.141","TaskActiveEvent",84,"Finish fixing ARF",NA
"319","5c66fa48e4194c47a158b185",4,"Development","e0e8ba1d-a1a8-492c-a490-549b4a24c221","JG1 UX1",90,"2019-02-15 05:43:32","WindowsPlayer",NA,11,"TaskEvent",0,"0.11.141",4.9078803062439,-6.21489238739014,0.981829702854156,0.830315709114075,0.557293295860291,0,"Find Toppo's Posters,Crash Diagnostics - Mountains,History of WAT247,Third Night at Base","49,poster1;49,poster5;49,poster6;46,jasper;50,watershed;50,energy;61,Head to Bed","PB_PlayerRoom","0.11.141","TaskCompleteEvent",84,"And all the rest",NA
"320","5c66fa48e4194c47a158b187",4,"Development","e0e8ba1d-a1a8-492c-a490-549b4a24c221","JG1 UX1",90,"2019-02-15 05:43:32","WindowsPlayer",NA,11,"TaskEvent",0,"0.11.141",4.9078803062439,-6.21489238739014,0.981829702854156,0.830315709114075,0.557293295860291,0,"Find Toppo's Posters,Crash Diagnostics - Mountains,History of WAT247","49,poster1;49,poster5;49,poster6;46,jasper;50,watershed;50,energy","PB_PlayerRoom","0.11.141","TaskActiveEvent",46,"jasper",NA
"321","5c66fa5be4194c47a158b18c",4,"Development","e0e8ba1d-a1a8-492c-a490-549b4a24c221","JG1 UX1",90,"2019-02-15 05:43:34","WindowsPlayer",NA,11,"TaskEvent",0,"0.11.141",4.9078803062439,-6.21489238739014,0.981829702854156,0.830315709114075,0.557293295860291,0,"Find Toppo's Posters,Crash Diagnostics - Mountains,History of WAT247,U5 - Waking up on WAT247","49,poster1;49,poster5;49,poster6;46,jasper;50,watershed;50,energy","PB_PlayerRoom","0.11.141","TaskCompleteEvent",84,"Finish fixing ARF",NA
"322","5c66fa63e4194c47a158b1aa",4,"Development","e0e8ba1d-a1a8-492c-a490-549b4a24c221","JG1 UX1",90,"2019-02-15 05:44:03","WindowsPlayer",NA,11,"TaskEvent",0,"0.11.141",-217.399993896484,195.199996948242,50.8499984741211,0,1,0,"Find Toppo's Posters,Crash Diagnostics - Mountains,History of WAT247,U5 - Waking up on WAT247,LargeMart Island","49,poster1;49,poster5;49,poster6;46,jasper;50,watershed;50,energy","U5,U5_Quests","0.11.141","TaskProgressEvent",84,"Finish fixing ARF",1
"323","5c66fa64e4194c47a158b1b2",4,"Development","e0e8ba1d-a1a8-492c-a490-549b4a24c221","JG1 UX1",90,"2019-02-15 05:44:03","WindowsPlayer",NA,11,"TaskEvent",0,"0.11.141",-217.399993896484,195.199996948242,50.8499984741211,0,1,0,"Find Toppo's Posters,Crash Diagnostics - Mountains,History of WAT247,U5 - Waking up on WAT247","49,poster1;49,poster5;49,poster6;46,jasper;50,watershed;50,energy;85,teleport island","U5,U5_Quests","0.11.141","TaskCompleteEvent",22,"Sample the west waterfall",NA
"324","5c66fa6de4194c47a158b1b9",4,"Development","e0e8ba1d-a1a8-492c-a490-549b4a24c221","JG1 UX1",90,"2019-02-15 05:44:09","WindowsPlayer",NA,11,"TaskEvent",0,"0.11.141",-216.082580566406,199.378921508789,51.7990760803223,0.411514312028885,0.911403298377991,0,"Find Toppo's Posters,Crash Diagnostics - Mountains,History of WAT247,LargeMart Island","49,poster1;49,poster5;49,poster6;46,jasper;50,watershed;50,energy;29,meet;29,talk","U5,U5_Quests","0.11.141","TaskActiveEvent",28,"Talk to Holo-Toppo",NA
"325","5c66fa6ee4194c47a158b1c4",4,"Development","e0e8ba1d-a1a8-492c-a490-549b4a24c221","JG1 UX1",90,"2019-02-15 05:44:09","WindowsPlayer",NA,11,"TaskEvent",0,"0.11.141",-216.082580566406,199.378921508789,51.7990760803223,0.411514312028885,0.911403298377991,0,"Find Toppo's Posters,Crash Diagnostics - Mountains,History of WAT247,LargeMart Island","49,poster1;49,poster5;49,poster6;46,jasper;50,watershed;50,energy;29,meet","U5,U5_Quests","0.11.141","TaskProgressEvent",22,"Sample the west waterfall",1
"326","5c66fa6ee4194c47a158b1c5",4,"Development","e0e8ba1d-a1a8-492c-a490-549b4a24c221","JG1 UX1",90,"2019-02-15 05:44:09","WindowsPlayer",NA,11,"TaskEvent",0,"0.11.141",-216.082580566406,199.378921508789,51.7990760803223,0.411514312028885,0.911403298377991,0,"Find Toppo's Posters,Crash Diagnostics - Mountains,History of WAT247,LargeMart Island","49,poster1;49,poster5;49,poster6;46,jasper;50,watershed;50,energy;29,meet","U5,U5_Quests","0.11.141","TaskProgressEvent",28,"Talk to Holo-Toppo",1
"327","5c66fa9fe4194c47a158b20f",4,"Development","e0e8ba1d-a1a8-492c-a490-549b4a24c221","JG1 UX1",90,"2019-02-15 05:45:02","WindowsPlayer",NA,11,"TaskEvent",0,"0.11.141",-213.594619750977,13.8355731964111,69.1408767700195,0.297374397516251,-0.954761385917664,0,"Find Toppo's Posters,Crash Diagnostics - Mountains,History of WAT247,LargeMart Island","49,poster1;49,poster5;49,poster6;46,jasper;50,watershed;50,energy;29,talk","U5,U5_Quests","0.11.141","TaskActiveEvent",28,"Argue which watershed is bigger",NA
"328","5c66fa9fe4194c47a158b210",4,"Development","e0e8ba1d-a1a8-492c-a490-549b4a24c221","JG1 UX1",90,"2019-02-15 05:45:02","WindowsPlayer",NA,11,"TaskEvent",0,"0.11.141",-213.594619750977,13.8355731964111,69.1408767700195,0.297374397516251,-0.954761385917664,0,"Find Toppo's Posters,Crash Diagnostics - Mountains,History of WAT247,LargeMart Island","49,poster1;49,poster5;49,poster6;46,jasper;50,watershed;50,energy;29,talk;29,unlock","U5,U5_Quests","0.11.141","TaskCompleteEvent",28,"Talk to Holo-Toppo",NA
"329","5c66faa0e4194c47a158b217",4,"Development","e0e8ba1d-a1a8-492c-a490-549b4a24c221","JG1 UX1",90,"2019-02-15 05:45:02","WindowsPlayer",NA,11,"TaskEvent",0,"0.11.141",-213.594619750977,13.8355731964111,69.1408767700195,0.297374397516251,-0.954761385917664,0,"Find Toppo's Posters,Crash Diagnostics - Mountains,History of WAT247,LargeMart Island","49,poster1;49,poster5;49,poster6;46,jasper;50,watershed;50,energy;29,talk","U5,U5_Quests","0.11.141","TaskCompleteEvent",28,"Argue which watershed is bigger",NA
"330","5c66fad6e4194c47a158b26d",4,"Development","e0e8ba1d-a1a8-492c-a490-549b4a24c221","JG1 UX1",90,"2019-02-15 05:45:51","WindowsPlayer",NA,11,"TaskEvent",0,"0.11.141",-702.569030761719,30.1453418731689,-106.191070556641,0.637374818325043,-0.770553827285767,0,"Find Toppo's Posters,Crash Diagnostics - Mountains,History of WAT247,LargeMart Island","49,poster1;49,poster5;49,poster6;46,jasper;50,watershed;50,energy;29,unlock","U5_Cavern,U5_Cavern_Quests","0.11.141","TaskActiveEvent",58,"Speak with Toppo",NA
"331","5c66fad6e4194c47a158b275",4,"Development","e0e8ba1d-a1a8-492c-a490-549b4a24c221","JG1 UX1",90,"2019-02-15 05:45:51","WindowsPlayer",NA,11,"TaskEvent",0,"0.11.141",-702.569030761719,30.1453418731689,-106.191070556641,0.637374818325043,-0.770553827285767,0,"Find Toppo's Posters,Crash Diagnostics - Mountains,History of WAT247,LargeMart Island,Explore the Alien Seaside Facility","49,poster1;49,poster5;49,poster6;46,jasper;50,watershed;50,energy","U5_Cavern,U5_Cavern_Quests","0.11.141","TaskProgressEvent",28,"Argue which watershed is bigger",1
"332","5c66fad6e4194c47a158b277",4,"Development","e0e8ba1d-a1a8-492c-a490-549b4a24c221","JG1 UX1",90,"2019-02-15 05:45:51","WindowsPlayer",NA,11,"TaskEvent",0,"0.11.141",-702.569030761719,30.1453418731689,-106.191070556641,0.637374818325043,-0.770553827285767,0,"Find Toppo's Posters,Crash Diagnostics - Mountains,History of WAT247,Explore the Alien Seaside Facility","49,poster1;49,poster5;49,poster6;46,jasper;50,watershed;50,energy;36,Reach Seaside","U5_Cavern,U5_Cavern_Quests","0.11.141","TaskProgressEvent",58,"Speak with Toppo",1
"333","5d42f800e4194c2f5fff8920",4,"Development","e0e8ba1d-a1a8-492c-a490-549b4a24c221","JG1 UX1",90,"2019-08-01 04:32:22","WindowsPlayer",NA,11,"TaskEvent",0,"0.11.235",66.7399978637695,-2.96000003814697,0.792359113693237,-1,5.96046447753906e-08,0,"U1 - Welcome to WAT247",NA,"U1,U1_Quest","0.11.235","TaskActiveEvent",58,"Jasper's Proposal",NA
"334","5d42f828e4194c2f5fff8a08",4,"Development","e0e8ba1d-a1a8-492c-a490-549b4a24c221","JG1 UX1",90,"2019-08-01 04:33:06","WindowsPlayer",NA,11,"TaskEvent",0,"0.11.235",66.7399978637695,-2.96000003814697,0.792359113693237,0.995227456092834,0.0975826382637024,0,"U1 - Welcome to WAT247","74,wakeup","U1,U1_Quest","0.11.235","TaskCompleteEvent",58,"Speak with Toppo",NA
"335","5d42f828e4194c2f5fff8a0c",4,"Development","e0e8ba1d-a1a8-492c-a490-549b4a24c221","JG1 UX1",90,"2019-08-01 04:33:06","WindowsPlayer",NA,11,"TaskEvent",0,"0.11.235",66.7399978637695,-2.96000003814697,0.792359113693237,0.995227456092834,0.0975826382637024,0,"U1 - Welcome to WAT247","74,wakeup","U1,U1_Quest","0.11.235","TaskCompleteEvent",58,"Head to bed",NA
"336","5d42f828e4194c2f5fff8a0d",4,"Development","e0e8ba1d-a1a8-492c-a490-549b4a24c221","JG1 UX1",90,"2019-08-01 04:33:06","WindowsPlayer",NA,11,"TaskEvent",0,"0.11.235",66.7399978637695,-2.96000003814697,0.792359113693237,0.995227456092834,0.0975826382637024,0,"U1 - Welcome to WAT247","74,wakeup;74,arfRoom","U1,U1_Quest","0.11.235","TaskProgressEvent",58,"Head to bed",1
"337","5d42f841e4194c2f5fff8aa4",4,"Development","e0e8ba1d-a1a8-492c-a490-549b4a24c221","JG1 UX1",90,"2019-08-01 04:33:29","WindowsPlayer",NA,11,"TaskEvent",0,"0.11.235",0.158631399273872,-54.4962158203125,0.984734416007996,-0.190809562802315,-0.981627225875854,0,"U1 - Welcome to WAT247","74,arfRoom","U1,U1_Quest","0.11.235","TaskActiveEvent",57,"Meet up with Sam",NA
"338","5d42f841e4194c2f5fff8aa5",4,"Development","e0e8ba1d-a1a8-492c-a490-549b4a24c221","JG1 UX1",90,"2019-08-01 04:33:29","WindowsPlayer",NA,11,"TaskEvent",0,"0.11.235",0.158631399273872,-54.4962158203125,0.984734416007996,-0.190809562802315,-0.981627225875854,0,"U1 - An Amazing AI","77,collectARF","U1,U1_Quest","0.11.235","TaskProgressEvent",58,"Jasper's Proposal",1
"339","5d42f841e4194c2f5fff8aa9",4,"Development","e0e8ba1d-a1a8-492c-a490-549b4a24c221","JG1 UX1",90,"2019-08-01 04:33:29","WindowsPlayer",NA,11,"TaskEvent",0,"0.11.235",0.158631399273872,-54.4962158203125,0.984734416007996,-0.190809562802315,-0.981627225875854,0,"U1 - Welcome to WAT247,U1 - An Amazing AI",NA,"U1,U1_Quest","0.11.235","TaskActiveEvent",58,"Head to bed",NA
"340","5d42f86ee4194c2f5fff8bbf",4,"Development","e0e8ba1d-a1a8-492c-a490-549b4a24c221","JG1 UX1",90,"2019-08-01 04:34:16","WindowsPlayer",NA,11,"TaskEvent",0,"0.11.235",0.0207511652261019,-59.1171417236328,0.777678430080414,-0.074979268014431,-0.997185230255127,0,"U1 - An Amazing AI","77,collectARF","U1,U1_Quest","0.11.235","TaskCompleteEvent",58,"Jasper's Proposal",NA
"341","5d42f86ee4194c2f5fff8bc0",4,"Development","e0e8ba1d-a1a8-492c-a490-549b4a24c221","JG1 UX1",90,"2019-08-01 04:34:16","WindowsPlayer",NA,11,"TaskEvent",0,"0.11.235",0.0207511652261019,-59.1171417236328,0.777678430080414,-0.074979268014431,-0.997185230255127,0,"U1 - An Amazing AI","77,collectARF","U1,U1_Quest","0.11.235","TaskActiveEvent",74,"wakeup",NA
"342","5d42f86ee4194c2f5fff8bc1",4,"Development","e0e8ba1d-a1a8-492c-a490-549b4a24c221","JG1 UX1",90,"2019-08-01 04:34:16","WindowsPlayer",NA,11,"TaskEvent",0,"0.11.235",0.0207511652261019,-59.1171417236328,0.777678430080414,-0.074979268014431,-0.997185230255127,0,"U1 - An Amazing AI","77,collectARF;77,checkPoster","U1,U1_Quest","0.11.235","TaskProgressEvent",74,"wakeup",1
"343","5d42ff51e4194c2f5fff9c0b",4,"Development","e0e8ba1d-a1a8-492c-a490-549b4a24c221","JG1 UX1",90,"2019-08-01 05:03:17","WindowsPlayer",NA,11,"TaskEvent",0,"0.11.235",5.5793604850769,-6.83963680267334,0.982036888599396,0.924088060855865,0.38217955827713,0,"History of WAT247,Find Toppo's Posters,Crash Diagnostics - Mountains,U3 - Crash Side Quest P3","50,watershed;50,energy;49,poster1;49,poster5;49,poster6;46,jasper;40,Find the supplies crate","PB_PlayerRoom","0.11.235","TaskActiveEvent",74,"arfRoom",NA
"344","5d42ff51e4194c2f5fff9c0c",4,"Development","e0e8ba1d-a1a8-492c-a490-549b4a24c221","JG1 UX1",90,"2019-08-01 05:03:19","WindowsPlayer",NA,11,"TaskEvent",0,"0.11.235",5.5793604850769,-6.83963680267334,0.982036888599396,0.292892903089523,0.956145286560059,0,"History of WAT247,Find Toppo's Posters,Crash Diagnostics - Mountains,U3 - Crash Side Quest P3,U5 - Waking up on WAT247","50,watershed;50,energy;49,poster1;49,poster5;49,poster6;46,jasper;40,Find the supplies crate","PB_PlayerRoom","0.11.235","TaskCompleteEvent",74,"wakeup",NA
"345","5d42ff51e4194c2f5fff9c14",4,"Development","e0e8ba1d-a1a8-492c-a490-549b4a24c221","JG1 UX1",90,"2019-08-01 05:03:17","WindowsPlayer",NA,11,"TaskEvent",0,"0.11.235",5.5793604850769,-6.83963680267334,0.982036888599396,0.924088060855865,0.38217955827713,0,"Third Night at Base,History of WAT247,Find Toppo's Posters,Crash Diagnostics - Mountains,U3 - Crash Side Quest P3","61,Head to Bed;50,watershed;50,energy;49,poster1;49,poster5;49,poster6;46,jasper;40,Find the supplies crate","PB_PlayerRoom","0.11.235","TaskCompleteEvent",74,"arfRoom",NA
"346","5d42ff6be4194c2f5fff9cb4",4,"Development","e0e8ba1d-a1a8-492c-a490-549b4a24c221","JG1 UX1",90,"2019-08-01 05:04:07","WindowsPlayer",NA,11,"TaskEvent",0,"0.11.235",-217.399993896484,195.199996948242,50.8499984741211,0,1,0,"History of WAT247,Find Toppo's Posters,Crash Diagnostics - Mountains,U3 - Crash Side Quest P3,U5 - Waking up on WAT247","50,watershed;50,energy;49,poster1;49,poster5;49,poster6;46,jasper;40,Find the supplies crate;85,teleport island","U5,U5_Quests","0.11.235","TaskActiveEvent",77,"collectARF",NA
"347","5d42ff6be4194c2f5fff9cb5",4,"Development","e0e8ba1d-a1a8-492c-a490-549b4a24c221","JG1 UX1",90,"2019-08-01 05:04:07","WindowsPlayer",NA,11,"TaskEvent",0,"0.11.235",-217.399993896484,195.199996948242,50.8499984741211,0,1,0,"History of WAT247,Find Toppo's Posters,Crash Diagnostics - Mountains,U3 - Crash Side Quest P3,U5 - Waking up on WAT247,LargeMart Island","50,watershed;50,energy;49,poster1;49,poster5;49,poster6;46,jasper;40,Find the supplies crate","U5,U5_Quests","0.11.235","TaskProgressEvent",74,"arfRoom",1
"348","5d42ff75e4194c2f5fff9ce7",4,"Development","e0e8ba1d-a1a8-492c-a490-549b4a24c221","JG1 UX1",90,"2019-08-01 05:04:12","WindowsPlayer",NA,11,"TaskEvent",0,"0.11.235",-212.119155883789,192.567901611328,51.8253898620605,0.712026298046112,-0.702153086662292,0,"History of WAT247,Find Toppo's Posters,Crash Diagnostics - Mountains,U3 - Crash Side Quest P3,LargeMart Island","50,watershed;50,energy;49,poster1;49,poster5;49,poster6;46,jasper;40,Find the supplies crate;29,meet","U5,U5_Quests","0.11.235","TaskProgressEvent",77,"collectARF",1
"349","5d42ff75e4194c2f5fff9ce8",4,"Development","e0e8ba1d-a1a8-492c-a490-549b4a24c221","JG1 UX1",90,"2019-08-01 05:04:12","WindowsPlayer",NA,11,"TaskEvent",0,"0.11.235",-212.119155883789,192.567901611328,51.8253898620605,0.712026298046112,-0.702153086662292,0,"History of WAT247,Find Toppo's Posters,Crash Diagnostics - Mountains,U3 - Crash Side Quest P3,LargeMart Island","50,watershed;50,energy;49,poster1;49,poster5;49,poster6;46,jasper;40,Find the supplies crate;29,meet;29,talk","U5,U5_Quests","0.11.235","TaskActiveEvent",77,"checkPoster",NA
"350","5d42ff75e4194c2f5fff9cf2",4,"Development","e0e8ba1d-a1a8-492c-a490-549b4a24c221","JG1 UX1",90,"2019-08-01 05:04:12","WindowsPlayer",NA,11,"TaskEvent",0,"0.11.235",-212.119155883789,192.567901611328,51.8253898620605,0.712026298046112,-0.702153086662292,0,"History of WAT247,Find Toppo's Posters,Crash Diagnostics - Mountains,U3 - Crash Side Quest P3,LargeMart Island","50,watershed;50,energy;49,poster1;49,poster5;49,poster6;46,jasper;40,Find the supplies crate;29,meet","U5,U5_Quests","0.11.235","TaskCompleteEvent",77,"collectARF",NA
"351","5d42ff7fe4194c2f5fff9d2a",4,"Development","e0e8ba1d-a1a8-492c-a490-549b4a24c221","JG1 UX1",90,"2019-08-01 05:04:25","WindowsPlayer",NA,11,"TaskEvent",0,"0.11.235",-212.703140258789,170.211410522461,55.245849609375,0.346935898065567,-0.937888979911804,0,"History of WAT247,Find Toppo's Posters,Crash Diagnostics - Mountains,U3 - Crash Side Quest P3,LargeMart Island","50,watershed;50,energy;49,poster1;49,poster5;49,poster6;46,jasper;40,Find the supplies crate;29,talk","U5,U5_Quests","0.11.235","TaskProgressEvent",77,"checkPoster",1
"352","5d42ff7fe4194c2f5fff9d31",4,"Development","e0e8ba1d-a1a8-492c-a490-549b4a24c221","JG1 UX1",90,"2019-08-01 05:04:25","WindowsPlayer",NA,11,"TaskEvent",0,"0.11.235",-212.703140258789,170.211410522461,55.245849609375,0.346935898065567,-0.937888979911804,0,"History of WAT247,Find Toppo's Posters,Crash Diagnostics - Mountains,U3 - Crash Side Quest P3,LargeMart Island","50,watershed;50,energy;49,poster1;49,poster5;49,poster6;46,jasper;40,Find the supplies crate;29,talk","U5,U5_Quests","0.11.235","TaskActiveEvent",77,"trialArg",NA
"353","5d42ffd1e4194c2f5fff9e99",4,"Development","e0e8ba1d-a1a8-492c-a490-549b4a24c221","JG1 UX1",90,"2019-08-01 05:05:44","WindowsPlayer",NA,11,"TaskEvent",0,"0.11.235",-211.366104125977,12.2740993499756,69.2328186035156,-0.0697561949491501,-0.997564315795898,0,"History of WAT247,Find Toppo's Posters,Crash Diagnostics - Mountains,U3 - Crash Side Quest P3,LargeMart Island","50,watershed;50,energy;49,poster1;49,poster6;46,jasper;40,Find the supplies crate;29,talk","U5,U5_Quests","0.11.235","TaskCompleteEvent",77,"checkPoster",NA
"354","5d42ffd1e4194c2f5fff9e9a",4,"Development","e0e8ba1d-a1a8-492c-a490-549b4a24c221","JG1 UX1",90,"2019-08-01 05:05:44","WindowsPlayer",NA,11,"TaskEvent",0,"0.11.235",-211.366104125977,12.2740993499756,69.2328186035156,-0.0697561949491501,-0.997564315795898,0,"History of WAT247,Find Toppo's Posters,Crash Diagnostics - Mountains,U3 - Crash Side Quest P3,LargeMart Island","50,watershed;50,energy;49,poster1;49,poster6;46,jasper;40,Find the supplies crate;29,talk;29,unlock","U5,U5_Quests","0.11.235","TaskCompleteEvent",77,"trialArg",NA
"355","5d42ffd1e4194c2f5fff9e9c",4,"Development","e0e8ba1d-a1a8-492c-a490-549b4a24c221","JG1 UX1",90,"2019-08-01 05:05:44","WindowsPlayer",NA,11,"TaskEvent",0,"0.11.235",-211.366104125977,12.2740993499756,69.2328186035156,-0.0697561949491501,-0.997564315795898,0,"History of WAT247,Find Toppo's Posters,Crash Diagnostics - Mountains,U3 - Crash Side Quest P3,LargeMart Island","50,watershed;50,energy;49,poster1;49,poster6;46,jasper;40,Find the supplies crate;29,talk","U5,U5_Quests","0.11.235","TaskActiveEvent",78,"toppoTalk",NA
"356","5d42ffe5e4194c2f5fff9f06",4,"Development","e0e8ba1d-a1a8-492c-a490-549b4a24c221","JG1 UX1",90,"2019-08-01 05:06:07","WindowsPlayer",NA,11,"TaskEvent",0,"0.11.235",-712.119506835938,7.2740626335144,-106.176040649414,0.989767253398895,-0.142691850662231,0,"History of WAT247,Find Toppo's Posters,Crash Diagnostics - Mountains,U3 - Crash Side Quest P3,LargeMart Island","50,watershed;50,energy;49,poster1;49,poster6;46,jasper;40,Find the supplies crate;29,unlock","U5_Cavern,U5_Cavern_Quests","0.11.235","TaskProgressEvent",77,"trialArg",1
"357","5d42ffe5e4194c2f5fff9f0f",4,"Development","e0e8ba1d-a1a8-492c-a490-549b4a24c221","JG1 UX1",90,"2019-08-01 05:06:07","WindowsPlayer",NA,11,"TaskEvent",0,"0.11.235",-712.119506835938,7.2740626335144,-106.176040649414,0.989767253398895,-0.142691850662231,0,"History of WAT247,Find Toppo's Posters,Crash Diagnostics - Mountains,U3 - Crash Side Quest P3,LargeMart Island","50,watershed;50,energy;49,poster1;49,poster6;46,jasper;40,Find the supplies crate;29,unlock","U5_Cavern,U5_Cavern_Quests","0.11.235","TaskProgressEvent",78,"toppoTalk",1
"358","5d43000de4194c2f5fff9fe8",4,"Development","e0e8ba1d-a1a8-492c-a490-549b4a24c221","JG1 UX1",90,"2019-08-01 05:06:44","WindowsPlayer",NA,11,"TaskEvent",0,"0.11.235",-702.918090820312,29.2908210754395,-106.190185546875,0.99912017583847,-0.0419389009475708,0,"History of WAT247,Find Toppo's Posters,Crash Diagnostics - Mountains,U3 - Crash Side Quest P3,LargeMart Island","50,watershed;49,poster1;49,poster6;46,jasper;40,Find the supplies crate;29,unlock","U5_Cavern,U5_Cavern_Quests","0.11.235","TaskActiveEvent",78,"completeArg",NA
"359","5d43000de4194c2f5fff9fea",4,"Development","e0e8ba1d-a1a8-492c-a490-549b4a24c221","JG1 UX1",90,"2019-08-01 05:06:44","WindowsPlayer",NA,11,"TaskEvent",0,"0.11.235",-702.918090820312,29.2908210754395,-106.190185546875,0.99912017583847,-0.0419389009475708,0,"History of WAT247,Find Toppo's Posters,Crash Diagnostics - Mountains,U3 - Crash Side Quest P3,LargeMart Island,Explore the Alien Seaside Facility","50,watershed;49,poster1;49,poster6;46,jasper;40,Find the supplies crate","U5_Cavern,U5_Cavern_Quests","0.11.235","TaskCompleteEvent",78,"toppoTalk",NA
"360","5d43000de4194c2f5fff9feb",4,"Development","e0e8ba1d-a1a8-492c-a490-549b4a24c221","JG1 UX1",90,"2019-08-01 05:06:44","WindowsPlayer",NA,11,"TaskEvent",0,"0.11.235",-702.918090820312,29.2908210754395,-106.190185546875,0.99912017583847,-0.0419389009475708,0,"History of WAT247,Find Toppo's Posters,Crash Diagnostics - Mountains,U3 - Crash Side Quest P3,Explore the Alien Seaside Facility","50,watershed;49,poster1;49,poster6;46,jasper;40,Find the supplies crate;36,Reach Seaside","U5_Cavern,U5_Cavern_Quests","0.11.235","TaskCompleteEvent",78,"completeArg",NA
"361","5d43005de4194c2f5fffa1e2",4,"Development","e0e8ba1d-a1a8-492c-a490-549b4a24c221","JG1 UX1",90,"2019-08-01 05:08:08","WindowsPlayer",NA,11,"TaskEvent",0,"0.11.235",318.459930419922,-9.49458312988281,3.97999978065491,0.999994039535522,0.00349098443984985,0,"History of WAT247,Find Toppo's Posters,Crash Diagnostics - Mountains,U3 - Crash Side Quest P3,Explore the Alien Seaside Facility","50,watershed;49,poster1;49,poster6;46,jasper;40,Find the supplies crate;36,Reach Seaside","U5_Dungeon","0.11.235","TaskActiveEvent",79,"meetJasper",NA
"362","5d43005de4194c2f5fffa1e5",4,"Development","e0e8ba1d-a1a8-492c-a490-549b4a24c221","JG1 UX1",90,"2019-08-01 05:08:08","WindowsPlayer",NA,11,"TaskEvent",0,"0.11.235",318.459930419922,-9.49458312988281,3.97999978065491,0.999994039535522,0.00349098443984985,0,"History of WAT247,Find Toppo's Posters,Crash Diagnostics - Mountains,U3 - Crash Side Quest P3,Explore the Alien Seaside Facility","50,watershed;49,poster1;49,poster6;46,jasper;40,Find the supplies crate;36,Reach Seaside","U5_Dungeon","0.11.235","TaskProgressEvent",78,"completeArg",1
"363","5d43005de4194c2f5fffa1e8",4,"Development","e0e8ba1d-a1a8-492c-a490-549b4a24c221","JG1 UX1",90,"2019-08-01 05:08:08","WindowsPlayer",NA,11,"TaskEvent",0,"0.11.235",318.459930419922,-9.49458312988281,3.97999978065491,0.999994039535522,0.00349098443984985,0,"History of WAT247,Find Toppo's Posters,Crash Diagnostics - Mountains,U3 - Crash Side Quest P3,Explore the Alien Seaside Facility","50,watershed;49,poster1;49,poster6;46,jasper;40,Find the supplies crate;36,Reach Seaside;36,Condense Humidity","U5_Dungeon","0.11.235","TaskProgressEvent",79,"followJasper",1
"364","5d430080e4194c2f5fffa2b8",4,"Development","e0e8ba1d-a1a8-492c-a490-549b4a24c221","JG1 UX1",90,"2019-08-01 05:08:41","WindowsPlayer",NA,11,"TaskEvent",0,"0.11.235",332.86328125,-5.47547960281372,3.98000001907349,-0.895711779594421,0.444635212421417,0,"History of WAT247,Find Toppo's Posters,Crash Diagnostics - Mountains,U3 - Crash Side Quest P3,Explore the Alien Seaside Facility","50,watershed;49,poster1;49,poster6;46,jasper;40,Find the supplies crate;36,Condense Humidity","U5_Dungeon","0.11.235","TaskActiveEvent",79,"jumpDebris",NA
"365","5d430080e4194c2f5fffa2b9",4,"Development","e0e8ba1d-a1a8-492c-a490-549b4a24c221","JG1 UX1",90,"2019-08-01 05:08:41","WindowsPlayer",NA,11,"TaskEvent",0,"0.11.235",332.86328125,-5.47547960281372,3.98000001907349,-0.895711779594421,0.444635212421417,0,"History of WAT247,Find Toppo's Posters,Crash Diagnostics - Mountains,U3 - Crash Side Quest P3,Explore the Alien Seaside Facility","50,watershed;49,poster1;49,poster6;46,jasper;40,Find the supplies crate;36,Condense Humidity;36,Evaporate Water","U5_Dungeon","0.11.235","TaskCompleteEvent",79,"followJasper",NA
"366","5d430080e4194c2f5fffa2c3",4,"Development","e0e8ba1d-a1a8-492c-a490-549b4a24c221","JG1 UX1",90,"2019-08-01 05:08:41","WindowsPlayer",NA,11,"TaskEvent",0,"0.11.235",332.86328125,-5.47547960281372,3.98000001907349,-0.895711779594421,0.444635212421417,0,"History of WAT247,Find Toppo's Posters,Crash Diagnostics - Mountains,U3 - Crash Side Quest P3,Explore the Alien Seaside Facility","50,watershed;49,poster1;49,poster6;46,jasper;40,Find the supplies crate;36,Condense Humidity","U5_Dungeon","0.11.235","TaskProgressEvent",79,"meetJasper",1
"367","5d4300e4e4194c2f5fffa528",4,"Development","e0e8ba1d-a1a8-492c-a490-549b4a24c221","JG1 UX1",90,"2019-08-01 05:10:23","WindowsPlayer",NA,11,"TaskEvent",0,"0.11.235",302.296234130859,25.1791858673096,3.98000001907349,0.708338141441345,0.705873310565948,0,"History of WAT247,Find Toppo's Posters,Crash Diagnostics - Mountains,U3 - Crash Side Quest P3,Explore the Alien Seaside Facility","50,watershed;49,poster1;49,poster6;46,jasper;40,Find the supplies crate;36,Evaporate Water","U5_Dungeon","0.11.235","TaskActiveEvent",79,"followJasper",NA
"368","5d4300e4e4194c2f5fffa529",4,"Development","e0e8ba1d-a1a8-492c-a490-549b4a24c221","JG1 UX1",90,"2019-08-01 05:10:23","WindowsPlayer",NA,11,"TaskEvent",0,"0.11.235",302.296234130859,25.1791858673096,3.98000001907349,0.708338141441345,0.705873310565948,0,"History of WAT247,Find Toppo's Posters,Crash Diagnostics - Mountains,U3 - Crash Side Quest P3,Explore the Alien Seaside Facility","50,watershed;49,poster1;49,poster6;46,jasper;40,Find the supplies crate;36,Evaporate Water;36,Transport Water","U5_Dungeon","0.11.235","TaskCompleteEvent",79,"meetJasper",NA
"369","5d4300e5e4194c2f5fffa530",4,"Development","e0e8ba1d-a1a8-492c-a490-549b4a24c221","JG1 UX1",90,"2019-08-01 05:10:23","WindowsPlayer",NA,11,"TaskEvent",0,"0.11.235",302.296234130859,25.1791858673096,3.98000001907349,0.708338141441345,0.705873310565948,0,"History of WAT247,Find Toppo's Posters,Crash Diagnostics - Mountains,U3 - Crash Side Quest P3,Explore the Alien Seaside Facility","50,watershed;49,poster1;49,poster6;46,jasper;40,Find the supplies crate;36,Evaporate Water","U5_Dungeon","0.11.235","TaskProgressEvent",79,"jumpDebris",1
"370","5d4302fce4194c2f5fffb328",4,"Development","e0e8ba1d-a1a8-492c-a490-549b4a24c221","JG1 UX1",90,"2019-08-01 05:19:20","WindowsPlayer",NA,11,"TaskEvent",0,"0.11.235",103.031326293945,-21.5380229949951,3.97000002861023,-0.566408574581146,-0.824124813079834,0,"History of WAT247,Find Toppo's Posters,Crash Diagnostics - Mountains,U3 - Crash Side Quest P3,Explore the Alien Seaside Facility","50,watershed;49,poster1;49,poster6;46,jasper;40,Find the supplies crate;36,Transport Water","U5_Dungeon","0.11.235","TaskActiveEvent",79,"escapePods",NA
"371","5d4302fce4194c2f5fffb32c",4,"Development","e0e8ba1d-a1a8-492c-a490-549b4a24c221","JG1 UX1",90,"2019-08-01 05:19:20","WindowsPlayer",NA,11,"TaskEvent",0,"0.11.235",103.031326293945,-21.5380229949951,3.97000002861023,-0.566408574581146,-0.824124813079834,0,"History of WAT247,Find Toppo's Posters,Crash Diagnostics - Mountains,U3 - Crash Side Quest P3,Explore the Alien Seaside Facility","50,watershed;49,poster1;49,poster6;46,jasper;40,Find the supplies crate;36,Transport Water;36,Start Fountain","U5_Dungeon","0.11.235","TaskCompleteEvent",79,"jumpDebris",NA
"372","5d4302fce4194c2f5fffb331",4,"Development","e0e8ba1d-a1a8-492c-a490-549b4a24c221","JG1 UX1",90,"2019-08-01 05:19:20","WindowsPlayer",NA,11,"TaskEvent",0,"0.11.235",103.031326293945,-21.5380229949951,3.97000002861023,-0.566408574581146,-0.824124813079834,0,"History of WAT247,Find Toppo's Posters,Crash Diagnostics - Mountains,U3 - Crash Side Quest P3,Explore the Alien Seaside Facility","50,watershed;49,poster1;49,poster6;46,jasper;40,Find the supplies crate;36,Transport Water","U5_Dungeon","0.11.235","TaskCompleteEvent",79,"enterPod",NA
"373","5d43030ce4194c2f5fffb380",4,"Development","e0e8ba1d-a1a8-492c-a490-549b4a24c221","JG1 UX1",90,"2019-08-01 05:19:25","WindowsPlayer",NA,11,"TaskEvent",0,"0.11.235",104.586502075195,-33.3634986877441,3.97000002861023,0.409919947385788,-0.912121653556824,0,"History of WAT247,Find Toppo's Posters,Crash Diagnostics - Mountains,U3 - Crash Side Quest P3,Explore the Alien Seaside Facility","50,watershed;49,poster1;49,poster6;46,jasper;40,Find the supplies crate;36,Start Fountain","U5_Dungeon,U5_Cavern","0.11.235","TaskProgressEvent",79,"enterPod",1
"374","5d43030ce4194c2f5fffb381",4,"Development","e0e8ba1d-a1a8-492c-a490-549b4a24c221","JG1 UX1",90,"2019-08-01 05:19:25","WindowsPlayer",NA,11,"TaskEvent",0,"0.11.235",104.586502075195,-33.3634986877441,3.97000002861023,0.409919947385788,-0.912121653556824,0,"History of WAT247,Find Toppo's Posters,Crash Diagnostics - Mountains,U3 - Crash Side Quest P3,Explore the Alien Seaside Facility","50,watershed;49,poster1;49,poster6;46,jasper;40,Find the supplies crate;36,Start Fountain","U5_Dungeon,U5_Cavern","0.11.235","TaskActiveEvent",49,"poster1",NA
"375","5d43030ce4194c2f5fffb382",4,"Development","e0e8ba1d-a1a8-492c-a490-549b4a24c221","JG1 UX1",90,"2019-08-01 05:19:25","WindowsPlayer",NA,11,"TaskEvent",0,"0.11.235",104.586502075195,-33.3634986877441,3.97000002861023,0.409919947385788,-0.912121653556824,0,"History of WAT247,Find Toppo's Posters,Crash Diagnostics - Mountains,U3 - Crash Side Quest P3,Explore the Alien Seaside Facility","50,watershed;49,poster1;49,poster6;46,jasper;40,Find the supplies crate;36,Start Fountain;36,Talk Bill","U5_Dungeon,U5_Cavern","0.11.235","TaskActiveEvent",49,"poster2",NA
"376","5d430325e4194c2f5fffb409",4,"Development","e0e8ba1d-a1a8-492c-a490-549b4a24c221","JG1 UX1",90,"2019-08-01 05:19:56","WindowsPlayer",NA,11,"TaskEvent",0,"0.11.235",-556.912048339844,-83.6288757324219,-107.269958496094,0.997185170650482,-0.0749787092208862,0,"History of WAT247,Find Toppo's Posters,Crash Diagnostics - Mountains,U3 - Crash Side Quest P3,Explore the Alien Seaside Facility","50,watershed;49,poster1;49,poster6;46,jasper;40,Find the supplies crate;36,Talk Bill","U5_Cavern,U5_Cavern_Quests","0.11.235","TaskActiveEvent",49,"poster3",NA
"377","5d430325e4194c2f5fffb40b",4,"Development","e0e8ba1d-a1a8-492c-a490-549b4a24c221","JG1 UX1",90,"2019-08-01 05:19:56","WindowsPlayer",NA,11,"TaskEvent",0,"0.11.235",-556.912048339844,-83.6288757324219,-107.269958496094,0.997185170650482,-0.0749787092208862,0,"History of WAT247,Find Toppo's Posters,Crash Diagnostics - Mountains,U3 - Crash Side Quest P3,Explore the Alien Seaside Facility,Bill’s Grand Idea","50,watershed;49,poster1;49,poster6;46,jasper;40,Find the supplies crate","U5_Cavern,U5_Cavern_Quests","0.11.235","TaskActiveEvent",49,"poster4",NA
"378","5d430325e4194c2f5fffb40f",4,"Development","e0e8ba1d-a1a8-492c-a490-549b4a24c221","JG1 UX1",90,"2019-08-01 05:19:56","WindowsPlayer",NA,11,"TaskEvent",0,"0.11.235",-556.912048339844,-83.6288757324219,-107.269958496094,0.997185170650482,-0.0749787092208862,0,"History of WAT247,Find Toppo's Posters,Crash Diagnostics - Mountains,U3 - Crash Side Quest P3,Bill’s Grand Idea","50,watershed;49,poster1;49,poster6;46,jasper;40,Find the supplies crate;37,bill outside cavern","U5_Cavern,U5_Cavern_Quests","0.11.235","TaskActiveEvent",49,"poster5",NA
"379","5d43033be4194c2f5fffb494",4,"Development","e0e8ba1d-a1a8-492c-a490-549b4a24c221","JG1 UX1",90,"2019-08-01 05:20:24","WindowsPlayer",NA,11,"TaskEvent",0,"0.11.235",-112.990158081055,-121.997283935547,53.2169303894043,0.905568957328796,-0.424199342727661,0,"History of WAT247,Find Toppo's Posters,Crash Diagnostics - Mountains,U3 - Crash Side Quest P3,Bill’s Grand Idea","50,watershed;49,poster1;49,poster6;46,jasper;40,Find the supplies crate;37,bill outside cavern","U5,U5_Quests","0.11.235","TaskActiveEvent",49,"poster6",NA
"380","5d43033be4194c2f5fffb495",4,"Development","e0e8ba1d-a1a8-492c-a490-549b4a24c221","JG1 UX1",90,"2019-08-01 05:20:24","WindowsPlayer",NA,11,"TaskEvent",0,"0.11.235",-112.990158081055,-121.997283935547,53.2169303894043,0.905568957328796,-0.424199342727661,0,"History of WAT247,Find Toppo's Posters,Crash Diagnostics - Mountains,U3 - Crash Side Quest P3,Bill’s Grand Idea","50,watershed;49,poster1;49,poster6;46,jasper;40,Find the supplies crate;37,bill outside cavern","U5,U5_Quests","0.11.235","TaskProgressEvent",79,"escapePods",1
"381","5d43033be4194c2f5fffb49f",4,"Development","e0e8ba1d-a1a8-492c-a490-549b4a24c221","JG1 UX1",90,"2019-08-01 05:20:24","WindowsPlayer",NA,11,"TaskEvent",0,"0.11.235",-112.990158081055,-121.997283935547,53.2169303894043,0.905568957328796,-0.424199342727661,0,"History of WAT247,Find Toppo's Posters,Crash Diagnostics - Mountains,U3 - Crash Side Quest P3,Bill’s Grand Idea","50,watershed;49,poster1;49,poster6;46,jasper;40,Find the supplies crate;37,bill outside cavern;37,meet Bill","U5,U5_Quests","0.11.235","TaskActiveEvent",79,"enterPod",NA
"382","5d4303b3e4194c2f5fffb741",4,"Development","e0e8ba1d-a1a8-492c-a490-549b4a24c221","JG1 UX1",90,"2019-08-01 05:22:26","WindowsPlayer",NA,11,"TaskEvent",0,"0.11.235",-0.0468654967844486,9.16035556793213,1.67763733863831,-0.00864280946552753,-0.99996280670166,0,"History of WAT247,Find Toppo's Posters,Crash Diagnostics - Mountains,U3 - Crash Side Quest P3,Bill’s Grand Idea","50,watershed;49,poster1;49,poster6;46,jasper;40,Find the supplies crate;37,meet Bill;37,Try Escape","U5_Cave,U5_Cave_Quests,U5_Cave_Collectibles","0.11.235","TaskCompleteEvent",79,"escapePods",NA
"383","5d4303b3e4194c2f5fffb747",4,"Development","e0e8ba1d-a1a8-492c-a490-549b4a24c221","JG1 UX1",90,"2019-08-01 05:22:26","WindowsPlayer",NA,11,"TaskEvent",0,"0.11.235",-0.0468654967844486,9.16035556793213,1.67763733863831,-0.00864280946552753,-0.99996280670166,0,"History of WAT247,Find Toppo's Posters,Crash Diagnostics - Mountains,U3 - Crash Side Quest P3,Bill’s Grand Idea","50,watershed;49,poster1;49,poster6;46,jasper;40,Find the supplies crate;37,meet Bill","U5_Cave,U5_Cave_Quests,U5_Cave_Collectibles","0.11.235","TaskActiveEvent",51,"pod",NA
"384","5d4303b3e4194c2f5fffb74b",4,"Development","e0e8ba1d-a1a8-492c-a490-549b4a24c221","JG1 UX1",90,"2019-08-01 05:22:26","WindowsPlayer",NA,11,"TaskEvent",0,"0.11.235",-0.0468654967844486,9.16035556793213,1.67763733863831,-0.00864280946552753,-0.99996280670166,0,"History of WAT247,Find Toppo's Posters,Crash Diagnostics - Mountains,U3 - Crash Side Quest P3,Bill’s Grand Idea","50,watershed;49,poster1;49,poster6;46,jasper;40,Find the supplies crate;37,meet Bill","U5_Cave,U5_Cave_Quests,U5_Cave_Collectibles","0.11.235","TaskActiveEvent",44,"your pod",NA
"385","5d4303d6e4194c2f5fffb809",4,"Development","e0e8ba1d-a1a8-492c-a490-549b4a24c221","JG1 UX1",90,"2019-08-01 05:22:57","WindowsPlayer",NA,11,"TaskEvent",0,"0.11.235",-0.0468654967844486,9.16035556793213,1.67763733863831,-0.00864280946552753,-0.99996280670166,0,"History of WAT247,Find Toppo's Posters,Crash Diagnostics - Mountains,U3 - Crash Side Quest P3,Bill’s Grand Idea,Water Crisis!","50,watershed;49,poster1;49,poster6;46,jasper;40,Find the supplies crate","U5_Cave,U5_Cave_Quests,U5_Cave_Collectibles","0.11.235","TaskCompleteEvent",44,"your pod",NA
"386","5d4303d6e4194c2f5fffb80c",4,"Development","e0e8ba1d-a1a8-492c-a490-549b4a24c221","JG1 UX1",90,"2019-08-01 05:22:57","WindowsPlayer",NA,11,"TaskEvent",0,"0.11.235",-0.0468654967844486,9.16035556793213,1.67763733863831,-0.00864280946552753,-0.99996280670166,0,"History of WAT247,Find Toppo's Posters,Crash Diagnostics - Mountains,U3 - Crash Side Quest P3,Bill’s Grand Idea","50,watershed;49,poster1;49,poster6;46,jasper;40,Find the supplies crate;37,Try Escape","U5_Cave,U5_Cave_Quests,U5_Cave_Collectibles","0.11.235","TaskProgressEvent",44,"your pod",1
"387","5d4303d6e4194c2f5fffb80f",4,"Development","e0e8ba1d-a1a8-492c-a490-549b4a24c221","JG1 UX1",90,"2019-08-01 05:22:57","WindowsPlayer",NA,11,"TaskEvent",0,"0.11.235",-0.0468654967844486,9.16035556793213,1.67763733863831,-0.00864280946552753,-0.99996280670166,0,"History of WAT247,Find Toppo's Posters,Crash Diagnostics - Mountains,U3 - Crash Side Quest P3,Water Crisis!","50,watershed;49,poster1;49,poster6;46,jasper;40,Find the supplies crate;32,humidity meter","U5_Cave,U5_Cave_Quests,U5_Cave_Collectibles","0.11.235","TaskProgressEvent",51,"pod",1
"388","5d43044ee4194c2f5fffbabe",4,"Development","e0e8ba1d-a1a8-492c-a490-549b4a24c221","JG1 UX1",90,"2019-08-01 05:24:53","WindowsPlayer",NA,11,"TaskEvent",0,"0.11.235",6.94888496398926,10.0072631835938,1.57492864131927,0.981276333332062,0.192604899406433,0,"History of WAT247,Find Toppo's Posters,Crash Diagnostics - Mountains,U3 - Crash Side Quest P3,Water Crisis!","50,watershed;49,poster1;49,poster6;46,jasper;40,Find the supplies crate;32,humidity meter","U5_Cave,U5_Cave_Quests,U5_Cave_Collectibles","0.11.235","TaskActiveEvent",51,"scrap",NA
"389","5d43044ee4194c2f5fffbabf",4,"Development","e0e8ba1d-a1a8-492c-a490-549b4a24c221","JG1 UX1",90,"2019-08-01 05:24:53","WindowsPlayer",NA,11,"TaskEvent",0,"0.11.235",6.94888496398926,10.0072631835938,1.57492864131927,0.981276333332062,0.192604899406433,0,"History of WAT247,Find Toppo's Posters,Crash Diagnostics - Mountains,U3 - Crash Side Quest P3,Water Crisis!","50,watershed;49,poster1;49,poster6;46,jasper;40,Find the supplies crate;32,humidity meter;32,pan","U5_Cave,U5_Cave_Quests,U5_Cave_Collectibles","0.11.235","TaskCompleteEvent",51,"pod",NA
"390","5d43044ee4194c2f5fffbac4",4,"Development","e0e8ba1d-a1a8-492c-a490-549b4a24c221","JG1 UX1",90,"2019-08-01 05:24:53","WindowsPlayer",NA,11,"TaskEvent",0,"0.11.235",6.94888496398926,10.0072631835938,1.57492864131927,0.981276333332062,0.192604899406433,0,"History of WAT247,Find Toppo's Posters,Crash Diagnostics - Mountains,U3 - Crash Side Quest P3,Water Crisis!","50,watershed;49,poster1;49,poster6;46,jasper;40,Find the supplies crate;32,humidity meter","U5_Cave,U5_Cave_Quests,U5_Cave_Collectibles","0.11.235","TaskProgressEvent",51,"scrap",1
"391","5d430453e4194c2f5fffbaeb",4,"Development","e0e8ba1d-a1a8-492c-a490-549b4a24c221","JG1 UX1",90,"2019-08-01 05:25:04","WindowsPlayer",NA,11,"TaskEvent",0,"0.11.235",8.93081378936768,-8.9363899230957,1.96216058731079,0.991204500198364,0.132339656352997,0,"History of WAT247,Find Toppo's Posters,Crash Diagnostics - Mountains,U3 - Crash Side Quest P3,Water Crisis!","50,watershed;49,poster1;49,poster6;46,jasper;40,Find the supplies crate;32,pan;32,fill pan","U5_Cave,U5_Cave_Quests,U5_Cave_Collectibles","0.11.235","TaskProgressEvent",51,"scrap",2
"392","5d430453e4194c2f5fffbaed",4,"Development","e0e8ba1d-a1a8-492c-a490-549b4a24c221","JG1 UX1",90,"2019-08-01 05:25:04","WindowsPlayer",NA,11,"TaskEvent",0,"0.11.235",8.93081378936768,-8.9363899230957,1.96216058731079,0.991204500198364,0.132339656352997,0,"History of WAT247,Find Toppo's Posters,Crash Diagnostics - Mountains,U3 - Crash Side Quest P3,Water Crisis!","50,watershed;49,poster1;49,poster6;46,jasper;40,Find the supplies crate;32,pan","U5_Cave,U5_Cave_Quests,U5_Cave_Collectibles","0.11.235","TaskProgressEvent",51,"scrap",3
"393","5d430453e4194c2f5fffbaee",4,"Development","e0e8ba1d-a1a8-492c-a490-549b4a24c221","JG1 UX1",90,"2019-08-01 05:25:04","WindowsPlayer",NA,11,"TaskEvent",0,"0.11.235",8.93081378936768,-8.9363899230957,1.96216058731079,0.991204500198364,0.132339656352997,0,"History of WAT247,Find Toppo's Posters,Crash Diagnostics - Mountains,U3 - Crash Side Quest P3,Water Crisis!","50,watershed;49,poster1;49,poster6;46,jasper;40,Find the supplies crate;32,pan","U5_Cave,U5_Cave_Quests,U5_Cave_Collectibles","0.11.235","TaskActiveEvent",51,"hoverboard",NA
"394","5d430458e4194c2f5fffbb14",4,"Development","e0e8ba1d-a1a8-492c-a490-549b4a24c221","JG1 UX1",90,"2019-08-01 05:25:11","WindowsPlayer",NA,11,"TaskEvent",0,"0.11.235",8.89495182037354,-7.29544305801392,1.97050344944,0.999849259853363,-0.0173676013946533,0,"History of WAT247,Find Toppo's Posters,Crash Diagnostics - Mountains,U3 - Crash Side Quest P3,Water Crisis!","50,watershed;49,poster1;49,poster6;46,jasper;40,Find the supplies crate;32,fill pan","U5_Cave,U5_Cave_Quests,U5_Cave_Collectibles","0.11.235","TaskCompleteEvent",51,"scrap",NA
"395","5d430458e4194c2f5fffbb15",4,"Development","e0e8ba1d-a1a8-492c-a490-549b4a24c221","JG1 UX1",90,"2019-08-01 05:25:11","WindowsPlayer",NA,11,"TaskEvent",0,"0.11.235",8.89495182037354,-7.29544305801392,1.97050344944,0.999849259853363,-0.0173676013946533,0,"History of WAT247,Find Toppo's Posters,Crash Diagnostics - Mountains,U3 - Crash Side Quest P3,Water Crisis!","50,watershed;49,poster1;49,poster6;46,jasper;40,Find the supplies crate;32,fill pan;32,Find Rock","U5_Cave,U5_Cave_Quests,U5_Cave_Collectibles","0.11.235","TaskProgressEvent",51,"hoverboard",1
"396","5d430459e4194c2f5fffbb19",4,"Development","e0e8ba1d-a1a8-492c-a490-549b4a24c221","JG1 UX1",90,"2019-08-01 05:25:11","WindowsPlayer",NA,11,"TaskEvent",0,"0.11.235",8.89495182037354,-7.29544305801392,1.97050344944,0.999849259853363,-0.0173676013946533,0,"History of WAT247,Find Toppo's Posters,Crash Diagnostics - Mountains,U3 - Crash Side Quest P3,Water Crisis!","50,watershed;49,poster1;49,poster6;46,jasper;40,Find the supplies crate;32,fill pan","U5_Cave,U5_Cave_Quests,U5_Cave_Collectibles","0.11.235","TaskActiveEvent",51,"communications",NA
"397","5d430467e4194c2f5fffbb65",4,"Development","e0e8ba1d-a1a8-492c-a490-549b4a24c221","JG1 UX1",90,"2019-08-01 05:25:24","WindowsPlayer",NA,11,"TaskEvent",0,"0.11.235",5.30337381362915,3.54082822799683,1.55256474018097,0.19089263677597,-0.981611013412476,0,"History of WAT247,Find Toppo's Posters,Crash Diagnostics - Mountains,U3 - Crash Side Quest P3,Water Crisis!","50,watershed;49,poster1;49,poster6;46,jasper;40,Find the supplies crate;32,Find Rock","U5_Cave,U5_Cave_Quests,U5_Cave_Collectibles","0.11.235","TaskCompleteEvent",51,"hoverboard",NA
"398","5d430467e4194c2f5fffbb66",4,"Development","e0e8ba1d-a1a8-492c-a490-549b4a24c221","JG1 UX1",90,"2019-08-01 05:25:24","WindowsPlayer",NA,11,"TaskEvent",0,"0.11.235",5.30337381362915,3.54082822799683,1.55256474018097,0.19089263677597,-0.981611013412476,0,"History of WAT247,Find Toppo's Posters,Crash Diagnostics - Mountains,U3 - Crash Side Quest P3,Water Crisis!","50,watershed;49,poster1;49,poster6;46,jasper;40,Find the supplies crate;32,Find Rock","U5_Cave,U5_Cave_Quests,U5_Cave_Collectibles","0.11.235","TaskProgressEvent",49,"poster2",1
"399","5d430467e4194c2f5fffbb67",4,"Development","e0e8ba1d-a1a8-492c-a490-549b4a24c221","JG1 UX1",90,"2019-08-01 05:25:24","WindowsPlayer",NA,11,"TaskEvent",0,"0.11.235",5.30337381362915,3.54082822799683,1.55256474018097,0.19089263677597,-0.981611013412476,0,"History of WAT247,Find Toppo's Posters,Crash Diagnostics - Mountains,U3 - Crash Side Quest P3,Water Crisis!","50,watershed;49,poster1;49,poster6;46,jasper;40,Find the supplies crate;32,Find Rock;32,Drill hole","U5_Cave,U5_Cave_Quests,U5_Cave_Collectibles","0.11.235","TaskCompleteEvent",49,"poster2",NA
"400","5d430480e4194c2f5fffbbf1",4,"Development","e0e8ba1d-a1a8-492c-a490-549b4a24c221","JG1 UX1",90,"2019-08-01 05:25:50","WindowsPlayer",NA,11,"TaskEvent",0,"0.11.235",7.98326301574707,-6.22982263565063,1.97061550617218,0.600488483905792,-0.799633741378784,0,"History of WAT247,Find Toppo's Posters,Crash Diagnostics - Mountains,U3 - Crash Side Quest P3,Water Crisis!","50,watershed;49,poster1;49,poster6;46,jasper;40,Find the supplies crate;32,Drill hole","U5_Cave,U5_Cave_Quests,U5_Cave_Collectibles","0.11.235","TaskCompleteEvent",51,"communications",NA
"401","5d430480e4194c2f5fffbbf2",4,"Development","e0e8ba1d-a1a8-492c-a490-549b4a24c221","JG1 UX1",90,"2019-08-01 05:25:50","WindowsPlayer",NA,11,"TaskEvent",0,"0.11.235",7.98326301574707,-6.22982263565063,1.97061550617218,0.600488483905792,-0.799633741378784,0,"History of WAT247,Find Toppo's Posters,Crash Diagnostics - Mountains,U3 - Crash Side Quest P3,Water Crisis!","50,watershed;49,poster1;49,poster6;46,jasper;40,Find the supplies crate;32,Drill hole;32,check humidity again","U5_Cave,U5_Cave_Quests,U5_Cave_Collectibles","0.11.235","TaskActiveEvent",20,"Find the team",NA
"402","5d430480e4194c2f5fffbbf7",4,"Development","e0e8ba1d-a1a8-492c-a490-549b4a24c221","JG1 UX1",90,"2019-08-01 05:25:50","WindowsPlayer",NA,11,"TaskEvent",0,"0.11.235",7.98326301574707,-6.22982263565063,1.97061550617218,0.600488483905792,-0.799633741378784,0,"History of WAT247,Find Toppo's Posters,Crash Diagnostics - Mountains,U3 - Crash Side Quest P3,Water Crisis!","50,watershed;49,poster1;49,poster6;46,jasper;40,Find the supplies crate;32,Drill hole","U5_Cave,U5_Cave_Quests,U5_Cave_Collectibles","0.11.235","TaskProgressEvent",51,"communications",1
"403","5d43048ae4194c2f5fffbc2e",4,"Development","e0e8ba1d-a1a8-492c-a490-549b4a24c221","JG1 UX1",90,"2019-08-01 05:25:58","WindowsPlayer",NA,11,"TaskEvent",0,"0.11.235",7.1829571723938,12.2977085113525,1.57492852210999,0.697226405143738,-0.716850996017456,0,"History of WAT247,Find Toppo's Posters,Crash Diagnostics - Mountains,U3 - Crash Side Quest P3,Water Crisis!","50,watershed;49,poster1;49,poster6;46,jasper;40,Find the supplies crate;32,check humidity again","U5_Cave,U5_Cave_Quests,U5_Cave_Collectibles","0.11.235","TaskCompleteEvent",20,"Talk with Dr. Topo",NA
"404","5d43048ae4194c2f5fffbc39",4,"Development","e0e8ba1d-a1a8-492c-a490-549b4a24c221","JG1 UX1",90,"2019-08-01 05:25:58","WindowsPlayer",NA,11,"TaskEvent",0,"0.11.235",7.1829571723938,12.2977085113525,1.57492852210999,0.697226405143738,-0.716850996017456,0,"History of WAT247,Find Toppo's Posters,Crash Diagnostics - Mountains,U3 - Crash Side Quest P3,Water Crisis!,Convince Bill the Distillery will work","50,watershed;49,poster1;49,poster6;46,jasper;40,Find the supplies crate","U5_Cave,U5_Cave_Quests,U5_Cave_Collectibles","0.11.235","TaskActiveEvent",22,"Talk to Anderson",NA
"405","5d43048ae4194c2f5fffbc3a",4,"Development","e0e8ba1d-a1a8-492c-a490-549b4a24c221","JG1 UX1",90,"2019-08-01 05:25:58","WindowsPlayer",NA,11,"TaskEvent",0,"0.11.235",7.1829571723938,12.2977085113525,1.57492852210999,0.697226405143738,-0.716850996017456,0,"History of WAT247,Find Toppo's Posters,Crash Diagnostics - Mountains,U3 - Crash Side Quest P3,Convince Bill the Distillery will work","50,watershed;49,poster1;49,poster6;46,jasper;40,Find the supplies crate;33,convince bill","U5_Cave,U5_Cave_Quests,U5_Cave_Collectibles","0.11.235","TaskProgressEvent",20,"Talk with Dr. Topo",1
"406","5d4304d0e4194c2f5fffbdbe",4,"Development","e0e8ba1d-a1a8-492c-a490-549b4a24c221","JG1 UX1",90,"2019-08-01 05:27:00","WindowsPlayer",NA,11,"TaskEvent",0,"0.11.235",8.22861289978027,-9.87386512756348,1.79754734039307,0.977765202522278,0.209702491760254,0,"History of WAT247,Find Toppo's Posters,Crash Diagnostics - Mountains,U3 - Crash Side Quest P3,Convince Bill the Distillery will work","50,watershed;49,poster1;49,poster6;46,jasper;40,Find the supplies crate;33,convince bill","U5_Cave,U5_Cave_Quests,U5_Cave_Collectibles","0.11.235","TaskActiveEvent",46,"jasper",NA
"407","5d4304d0e4194c2f5fffbdc0",4,"Development","e0e8ba1d-a1a8-492c-a490-549b4a24c221","JG1 UX1",90,"2019-08-01 05:27:00","WindowsPlayer",NA,11,"TaskEvent",0,"0.11.235",8.22861289978027,-9.87386512756348,1.79754734039307,0.977765202522278,0.209702491760254,0,"History of WAT247,Find Toppo's Posters,Crash Diagnostics - Mountains,U3 - Crash Side Quest P3,Convince Bill the Distillery will work","50,watershed;49,poster1;49,poster6;46,jasper;40,Find the supplies crate;33,convince bill","U5_Cave,U5_Cave_Quests,U5_Cave_Collectibles","0.11.235","TaskProgressEvent",20,"Find the team",1
"408","5d4304d0e4194c2f5fffbdc4",4,"Development","e0e8ba1d-a1a8-492c-a490-549b4a24c221","JG1 UX1",90,"2019-08-01 05:27:00","WindowsPlayer",NA,11,"TaskEvent",0,"0.11.235",8.22861289978027,-9.87386512756348,1.79754734039307,0.977765202522278,0.209702491760254,0,"History of WAT247,Find Toppo's Posters,Crash Diagnostics - Mountains,U3 - Crash Side Quest P3,Convince Bill the Distillery will work","50,watershed;49,poster1;49,poster6;46,jasper;40,Find the supplies crate;33,convince bill;33,Make a hole in the pan","U5_Cave,U5_Cave_Quests,U5_Cave_Collectibles","0.11.235","TaskActiveEvent",20,"Talk with Dr. Topo",NA
"409","5d430572e4194c2f5fffc152",4,"Development","e0e8ba1d-a1a8-492c-a490-549b4a24c221","JG1 UX1",90,"2019-08-01 05:29:53","WindowsPlayer",NA,11,"TaskEvent",0,"0.11.235",7.6496057510376,-5.10227584838867,1.58473718166351,0.794465720653534,-0.607309103012085,0,"Convince Bill the Distillery will work,History of WAT247,Find Toppo's Posters,Crash Diagnostics - Mountains,U3 - Crash Side Quest P3","33,Make a hole in the pan;50,watershed;49,poster1;49,poster6;46,jasper;40,Find the supplies crate;33,attach hose","U5_Cave,U5_Cave_Quests,U5_Cave_Collectibles","0.11.235","TaskCompleteEvent",20,"Find the team",NA
"410","5d430573e4194c2f5fffc155",4,"Development","e0e8ba1d-a1a8-492c-a490-549b4a24c221","JG1 UX1",90,"2019-08-01 05:29:53","WindowsPlayer",NA,11,"TaskEvent",0,"0.11.235",7.6496057510376,-5.10227584838867,1.58473718166351,0.794465720653534,-0.607309103012085,0,"Convince Bill the Distillery will work,History of WAT247,Find Toppo's Posters,Crash Diagnostics - Mountains,U3 - Crash Side Quest P3","33,Make a hole in the pan;50,watershed;49,poster1;49,poster6;46,jasper;40,Find the supplies crate","U5_Cave,U5_Cave_Quests,U5_Cave_Collectibles","0.11.235","TaskProgressEvent",22,"Talk to Anderson",1
"411","5d430573e4194c2f5fffc156",4,"Development","e0e8ba1d-a1a8-492c-a490-549b4a24c221","JG1 UX1",90,"2019-08-01 05:29:53","WindowsPlayer",NA,11,"TaskEvent",0,"0.11.235",7.6496057510376,-5.10227584838867,1.58473718166351,0.794465720653534,-0.607309103012085,0,"Convince Bill the Distillery will work,History of WAT247,Find Toppo's Posters,Crash Diagnostics - Mountains,U3 - Crash Side Quest P3","33,Make a hole in the pan;50,watershed;49,poster1;49,poster6;46,jasper;40,Find the supplies crate","U5_Cave,U5_Cave_Quests,U5_Cave_Collectibles","0.11.235","TaskActiveEvent",22,"Talk to Sam",NA
"412","5d430590e4194c2f5fffc1fb",4,"Development","e0e8ba1d-a1a8-492c-a490-549b4a24c221","JG1 UX1",90,"2019-08-01 05:30:24","WindowsPlayer",NA,11,"TaskEvent",0,"0.11.235",-1.19275939464569,5.86523818969727,1.68991219997406,-0.7443687915802,0.667768836021423,0,"Convince Bill the Distillery will work,History of WAT247,Find Toppo's Posters,Crash Diagnostics - Mountains,U3 - Crash Side Quest P3","50,watershed;49,poster1;49,poster6;46,jasper;40,Find the supplies crate;33,Grab Canteen","U5_Cave,U5_Cave_Quests,U5_Cave_Collectibles","0.11.235","TaskCompleteEvent",22,"Talk to Anderson",NA
"413","5d430590e4194c2f5fffc1fc",4,"Development","e0e8ba1d-a1a8-492c-a490-549b4a24c221","JG1 UX1",90,"2019-08-01 05:30:24","WindowsPlayer",NA,11,"TaskEvent",0,"0.11.235",-1.19275939464569,5.86523818969727,1.68991219997406,-0.7443687915802,0.667768836021423,0,"Convince Bill the Distillery will work,History of WAT247,Find Toppo's Posters,Crash Diagnostics - Mountains,U3 - Crash Side Quest P3","50,watershed;49,poster1;49,poster6;46,jasper;40,Find the supplies crate;33,Grab Canteen","U5_Cave,U5_Cave_Quests,U5_Cave_Collectibles","0.11.235","TaskProgressEvent",22,"Talk to Bill",1
"414","5d430590e4194c2f5fffc1ff",4,"Development","e0e8ba1d-a1a8-492c-a490-549b4a24c221","JG1 UX1",90,"2019-08-01 05:30:17","WindowsPlayer",NA,11,"TaskEvent",0,"0.11.235",6.3275089263916,-5.93749380111694,1.51763737201691,0.988769173622131,-0.149450421333313,0,"Convince Bill the Distillery will work,History of WAT247,Find Toppo's Posters,Crash Diagnostics - Mountains,U3 - Crash Side Quest P3","50,watershed;49,poster1;49,poster6;46,jasper;40,Find the supplies crate;33,attach hose","U5_Cave,U5_Cave_Quests,U5_Cave_Collectibles","0.11.235","TaskActiveEvent",22,"Sample the east waterfall",NA
"415","5d430590e4194c2f5fffc200",4,"Development","e0e8ba1d-a1a8-492c-a490-549b4a24c221","JG1 UX1",90,"2019-08-01 05:30:17","WindowsPlayer",NA,11,"TaskEvent",0,"0.11.235",6.3275089263916,-5.93749380111694,1.51763737201691,0.988769173622131,-0.149450421333313,0,"Convince Bill the Distillery will work,History of WAT247,Find Toppo's Posters,Crash Diagnostics - Mountains,U3 - Crash Side Quest P3","50,watershed;49,poster1;49,poster6;46,jasper;40,Find the supplies crate;33,attach hose;33,Grab Canteen","U5_Cave,U5_Cave_Quests,U5_Cave_Collectibles","0.11.235","TaskCompleteEvent",22,"Talk to Bill",NA
"416","5d430590e4194c2f5fffc206",4,"Development","e0e8ba1d-a1a8-492c-a490-549b4a24c221","JG1 UX1",90,"2019-08-01 05:30:17","WindowsPlayer",NA,11,"TaskEvent",0,"0.11.235",6.3275089263916,-5.93749380111694,1.51763737201691,0.988769173622131,-0.149450421333313,0,"Convince Bill the Distillery will work,History of WAT247,Find Toppo's Posters,Crash Diagnostics - Mountains,U3 - Crash Side Quest P3","50,watershed;49,poster1;49,poster6;46,jasper;40,Find the supplies crate;33,attach hose","U5_Cave,U5_Cave_Quests,U5_Cave_Collectibles","0.11.235","TaskProgressEvent",22,"Sample the east waterfall",1
"417","5d430591e4194c2f5fffc20b",4,"Development","e0e8ba1d-a1a8-492c-a490-549b4a24c221","JG1 UX1",90,"2019-08-01 05:30:24","WindowsPlayer",NA,11,"TaskEvent",0,"0.11.235",-1.19275939464569,5.86523818969727,1.68991219997406,-0.7443687915802,0.667768836021423,0,"Convince Bill the Distillery will work,History of WAT247,Find Toppo's Posters,Crash Diagnostics - Mountains,U3 - Crash Side Quest P3","50,watershed;49,poster1;49,poster6;46,jasper;40,Find the supplies crate;33,Grab Canteen;33,Condense Atmospheric Water","U5_Cave,U5_Cave_Quests,U5_Cave_Collectibles","0.11.235","TaskActiveEvent",22,"Sample the west waterfall",NA
"418","5d4305abe4194c2f5fffc289",4,"Development","e0e8ba1d-a1a8-492c-a490-549b4a24c221","JG1 UX1",90,"2019-08-01 05:30:37","WindowsPlayer",NA,11,"TaskEvent",0,"0.11.235",9.02251052856445,-6.95514917373657,1.97333455085754,0.987701773643494,-0.156349539756775,0,"Convince Bill the Distillery will work,History of WAT247,Find Toppo's Posters,Crash Diagnostics - Mountains,U3 - Crash Side Quest P3","50,watershed;49,poster1;49,poster6;46,jasper;40,Find the supplies crate;33,Condense Atmospheric Water","U5_Cave,U5_Cave_Quests,U5_Cave_Collectibles","0.11.235","TaskCompleteEvent",22,"Sample the east waterfall",NA
"419","5d4305abe4194c2f5fffc28b",4,"Development","e0e8ba1d-a1a8-492c-a490-549b4a24c221","JG1 UX1",90,"2019-08-01 05:30:37","WindowsPlayer",NA,11,"TaskEvent",0,"0.11.235",9.02251052856445,-6.95514917373657,1.97333455085754,0.987701773643494,-0.156349539756775,0,"History of WAT247,Find Toppo's Posters,Crash Diagnostics - Mountains,U3 - Crash Side Quest P3,Head Back to Large Mart","50,watershed;49,poster1;49,poster6;46,jasper;40,Find the supplies crate;34,return to large mart","U5_Cave,U5_Cave_Quests,U5_Cave_Collectibles","0.11.235","TaskProgressEvent",22,"Talk to Sam",1
"420","5d4305abe4194c2f5fffc28e",4,"Development","e0e8ba1d-a1a8-492c-a490-549b4a24c221","JG1 UX1",90,"2019-08-01 05:30:37","WindowsPlayer",NA,11,"TaskEvent",0,"0.11.235",9.02251052856445,-6.95514917373657,1.97333455085754,0.987701773643494,-0.156349539756775,0,"Convince Bill the Distillery will work,History of WAT247,Find Toppo's Posters,Crash Diagnostics - Mountains,U3 - Crash Side Quest P3,Head Back to Large Mart","50,watershed;49,poster1;49,poster6;46,jasper;40,Find the supplies crate","U5_Cave,U5_Cave_Quests,U5_Cave_Collectibles","0.11.235","TaskActiveEvent",22,"Talk to Bill",NA
"421","5d4305b5e4194c2f5fffc2d0",4,"Development","e0e8ba1d-a1a8-492c-a490-549b4a24c221","JG1 UX1",90,"2019-08-01 05:30:58","WindowsPlayer",NA,11,"TaskEvent",0,"0.11.235",92.6989440917969,65.6986236572266,104.697380065918,0.268920511007309,-0.963162183761597,0,"History of WAT247,Find Toppo's Posters,Crash Diagnostics - Mountains,U3 - Crash Side Quest P3,Head Back to Large Mart","50,watershed;49,poster1;49,poster6;46,jasper;40,Find the supplies crate;34,return to large mart","U5,U5_Quests","0.11.235","TaskCompleteEvent",22,"Talk to Sam",NA
"422","5d4305b5e4194c2f5fffc2d1",4,"Development","e0e8ba1d-a1a8-492c-a490-549b4a24c221","JG1 UX1",90,"2019-08-01 05:30:58","WindowsPlayer",NA,11,"TaskEvent",0,"0.11.235",92.6989440917969,65.6986236572266,104.697380065918,0.268920511007309,-0.963162183761597,0,"History of WAT247,Find Toppo's Posters,Crash Diagnostics - Mountains,U3 - Crash Side Quest P3,Head Back to Large Mart","50,watershed;49,poster1;49,poster6;46,jasper;40,Find the supplies crate;34,return to large mart;34,talk to Bill","U5,U5_Quests","0.11.235","TaskActiveEvent",84,"Spawn a Component",NA
"423","5d4305b5e4194c2f5fffc2d3",4,"Development","e0e8ba1d-a1a8-492c-a490-549b4a24c221","JG1 UX1",90,"2019-08-01 05:30:58","WindowsPlayer",NA,11,"TaskEvent",0,"0.11.235",92.6989440917969,65.6986236572266,104.697380065918,0.268920511007309,-0.963162183761597,0,"History of WAT247,Find Toppo's Posters,Crash Diagnostics - Mountains,U3 - Crash Side Quest P3,Head Back to Large Mart","50,watershed;49,poster1;49,poster6;46,jasper;40,Find the supplies crate;34,return to large mart","U5,U5_Quests","0.11.235","TaskProgressEvent",84,"Spawn a Component",1
"424","5d4305d6e4194c2f5fffc38f",4,"Development","e0e8ba1d-a1a8-492c-a490-549b4a24c221","JG1 UX1",90,"2019-08-01 05:31:27","WindowsPlayer",NA,11,"TaskEvent",0,"0.11.235",99.2494201660156,58.8827667236328,106.760375976562,-0.777146279811859,0.629320085048676,0,"History of WAT247,Find Toppo's Posters,Crash Diagnostics - Mountains,U3 - Crash Side Quest P3,Head Back to Large Mart","50,watershed;49,poster1;49,poster6;46,jasper;40,Find the supplies crate;34,talk to Bill","U5,U5_Quests","0.11.235","TaskActiveEvent",84,"Identify a Component",NA
"425","5d4305d6e4194c2f5fffc390",4,"Development","e0e8ba1d-a1a8-492c-a490-549b4a24c221","JG1 UX1",90,"2019-08-01 05:31:27","WindowsPlayer",NA,11,"TaskEvent",0,"0.11.235",99.2494201660156,58.8827667236328,106.760375976562,-0.777146279811859,0.629320085048676,0,"History of WAT247,Find Toppo's Posters,Crash Diagnostics - Mountains,U3 - Crash Side Quest P3,Head Back to Large Mart","50,watershed;49,poster1;49,poster6;46,jasper;40,Find the supplies crate;34,talk to Bill","U5,U5_Quests","0.11.235","TaskCompleteEvent",84,"Spawn a Component",NA
"426","5d4305d6e4194c2f5fffc391",4,"Development","e0e8ba1d-a1a8-492c-a490-549b4a24c221","JG1 UX1",90,"2019-08-01 05:31:27","WindowsPlayer",NA,11,"TaskEvent",0,"0.11.235",99.2494201660156,58.8827667236328,106.760375976562,-0.777146279811859,0.629320085048676,0,"History of WAT247,Find Toppo's Posters,Crash Diagnostics - Mountains,U3 - Crash Side Quest P3,Head Back to Large Mart","50,watershed;49,poster1;49,poster6;46,jasper;40,Find the supplies crate;34,talk to Bill;34,go to factory","U5,U5_Quests","0.11.235","TaskProgressEvent",84,"Identify a Component",1
"427","5d4305d6e4194c2f5fffc39b",4,"Development","e0e8ba1d-a1a8-492c-a490-549b4a24c221","JG1 UX1",90,"2019-08-01 05:31:30","WindowsPlayer",NA,11,"TaskEvent",0,"0.11.235",93.4624710083008,50.2601013183594,106.760375976562,0.999262988567352,-0.0383875370025635,0,"History of WAT247,Find Toppo's Posters,Crash Diagnostics - Mountains,U3 - Crash Side Quest P3,Construct a Distillery at the Factory","50,watershed;49,poster1;49,poster6;46,jasper;40,Find the supplies crate;35,setup first","U5,U5_Quests","0.11.235","TaskActiveEvent",84,"And all the rest",NA
"428","5d4305d6e4194c2f5fffc39d",4,"Development","e0e8ba1d-a1a8-492c-a490-549b4a24c221","JG1 UX1",90,"2019-08-01 05:31:30","WindowsPlayer",NA,11,"TaskEvent",0,"0.11.235",93.4624710083008,50.2601013183594,106.760375976562,0.999262988567352,-0.0383875370025635,0,"History of WAT247,Find Toppo's Posters,Crash Diagnostics - Mountains,U3 - Crash Side Quest P3,Head Back to Large Mart","50,watershed;49,poster1;49,poster6;46,jasper;40,Find the supplies crate;34,go to factory","U5,U5_Quests","0.11.235","TaskCompleteEvent",84,"Identify a Component",NA
"429","5d4305d7e4194c2f5fffc39f",4,"Development","e0e8ba1d-a1a8-492c-a490-549b4a24c221","JG1 UX1",90,"2019-08-01 05:31:30","WindowsPlayer",NA,11,"TaskEvent",0,"0.11.235",93.4624710083008,50.2601013183594,106.760375976562,0.999262988567352,-0.0383875370025635,0,"History of WAT247,Find Toppo's Posters,Crash Diagnostics - Mountains,U3 - Crash Side Quest P3,Head Back to Large Mart,Construct a Distillery at the Factory","50,watershed;49,poster1;49,poster6;46,jasper;40,Find the supplies crate","U5,U5_Quests","0.11.235","TaskProgressEvent",84,"And all the rest",1
"430","5d4305fee4194c2f5fffc47d",4,"Development","e0e8ba1d-a1a8-492c-a490-549b4a24c221","JG1 UX1",90,"2019-08-01 05:32:10","WindowsPlayer",NA,11,"TaskEvent",0,"0.11.235",-44.7025451660156,46.7399749755859,17.0575981140137,-0.692143142223358,0.721760272979736,0,"History of WAT247,Find Toppo's Posters,Crash Diagnostics - Mountains,U3 - Crash Side Quest P3,Construct a Distillery at the Factory","50,watershed;49,poster1;49,poster6;46,jasper;40,Find the supplies crate;35,setup first","U5_Largemart_Factory,U5_Largemart_Factory_Quests","0.11.235","TaskActiveEvent",84,"Finish fixing ARF",NA
"431","5d4305fee4194c2f5fffc47e",4,"Development","e0e8ba1d-a1a8-492c-a490-549b4a24c221","JG1 UX1",90,"2019-08-01 05:32:10","WindowsPlayer",NA,11,"TaskEvent",0,"0.11.235",-44.7025451660156,46.7399749755859,17.0575981140137,-0.692143142223358,0.721760272979736,0,"History of WAT247,Find Toppo's Posters,Crash Diagnostics - Mountains,U3 - Crash Side Quest P3,Construct a Distillery at the Factory","50,watershed;49,poster1;49,poster6;46,jasper;40,Find the supplies crate;35,setup first;35,setup second","U5_Largemart_Factory,U5_Largemart_Factory_Quests","0.11.235","TaskCompleteEvent",84,"And all the rest",NA
"432","5d4305ffe4194c2f5fffc481",4,"Development","e0e8ba1d-a1a8-492c-a490-549b4a24c221","JG1 UX1",90,"2019-08-01 05:32:10","WindowsPlayer",NA,11,"TaskEvent",0,"0.11.235",-44.7025451660156,46.7399749755859,17.0575981140137,-0.692143142223358,0.721760272979736,0,"History of WAT247,Find Toppo's Posters,Crash Diagnostics - Mountains,U3 - Crash Side Quest P3,Construct a Distillery at the Factory","50,watershed;49,poster1;49,poster6;46,jasper;40,Find the supplies crate;35,setup first","U5_Largemart_Factory,U5_Largemart_Factory_Quests","0.11.235","TaskCompleteEvent",84,"Finish fixing ARF",NA
"433","5d430626e4194c2f5fffc566",4,"Development","e0e8ba1d-a1a8-492c-a490-549b4a24c221","JG1 UX1",90,"2019-08-01 05:32:50","WindowsPlayer",NA,11,"TaskEvent",0,"0.11.235",-13.7007484436035,51.1847991943359,20.976598739624,0.6883544921875,-0.725374221801758,0,"History of WAT247,Find Toppo's Posters,Crash Diagnostics - Mountains,U3 - Crash Side Quest P3,Construct a Distillery at the Factory","50,watershed;49,poster1;49,poster6;46,jasper;40,Find the supplies crate;35,setup second","U5_Largemart_Factory,U5_Largemart_Factory_Quests","0.11.235","TaskProgressEvent",84,"Finish fixing ARF",1
"434","5d430626e4194c2f5fffc56b",4,"Development","e0e8ba1d-a1a8-492c-a490-549b4a24c221","JG1 UX1",90,"2019-08-01 05:32:50","WindowsPlayer",NA,11,"TaskEvent",0,"0.11.235",-13.7007484436035,51.1847991943359,20.976598739624,0.6883544921875,-0.725374221801758,0,"History of WAT247,Find Toppo's Posters,Crash Diagnostics - Mountains,U3 - Crash Side Quest P3,Construct a Distillery at the Factory","50,watershed;49,poster1;49,poster6;46,jasper;40,Find the supplies crate;35,setup second","U5_Largemart_Factory,U5_Largemart_Factory_Quests","0.11.235","TaskCompleteEvent",22,"Sample the west waterfall",NA
"435","5d430626e4194c2f5fffc56c",4,"Development","e0e8ba1d-a1a8-492c-a490-549b4a24c221","JG1 UX1",90,"2019-08-01 05:32:50","WindowsPlayer",NA,11,"TaskEvent",0,"0.11.235",-13.7007484436035,51.1847991943359,20.976598739624,0.6883544921875,-0.725374221801758,0,"History of WAT247,Find Toppo's Posters,Crash Diagnostics - Mountains,U3 - Crash Side Quest P3,Construct a Distillery at the Factory","50,watershed;49,poster1;49,poster6;46,jasper;40,Find the supplies crate;35,setup second;35,setup third","U5_Largemart_Factory,U5_Largemart_Factory_Quests","0.11.235","TaskActiveEvent",28,"Talk to Holo-Toppo",NA
"436","5d430635e4194c2f5fffc5cb",4,"Development","e0e8ba1d-a1a8-492c-a490-549b4a24c221","JG1 UX1",90,"2019-08-01 05:33:04","WindowsPlayer",NA,11,"TaskEvent",0,"0.11.235",-13.7054624557495,63.0857315063477,20.976598739624,0.965925931930542,0.258818745613098,0,"History of WAT247,Find Toppo's Posters,Crash Diagnostics - Mountains,U3 - Crash Side Quest P3,Construct a Distillery at the Factory","50,watershed;49,poster1;49,poster6;46,jasper;40,Find the supplies crate;35,setup third","U5_Largemart_Factory,U5_Largemart_Factory_Quests","0.11.235","TaskProgressEvent",22,"Sample the west waterfall",1
"437","5d430635e4194c2f5fffc5cc",4,"Development","e0e8ba1d-a1a8-492c-a490-549b4a24c221","JG1 UX1",90,"2019-08-01 05:33:04","WindowsPlayer",NA,11,"TaskEvent",0,"0.11.235",-13.7054624557495,63.0857315063477,20.976598739624,0.965925931930542,0.258818745613098,0,"History of WAT247,Find Toppo's Posters,Crash Diagnostics - Mountains,U3 - Crash Side Quest P3,Construct a Distillery at the Factory","50,watershed;49,poster1;49,poster6;46,jasper;40,Find the supplies crate;35,setup third","U5_Largemart_Factory,U5_Largemart_Factory_Quests","0.11.235","TaskProgressEvent",28,"Talk to Holo-Toppo",1
"438","5d430635e4194c2f5fffc5d4",4,"Development","e0e8ba1d-a1a8-492c-a490-549b4a24c221","JG1 UX1",90,"2019-08-01 05:33:04","WindowsPlayer",NA,11,"TaskEvent",0,"0.11.235",-13.7054624557495,63.0857315063477,20.976598739624,0.965925931930542,0.258818745613098,0,"History of WAT247,Find Toppo's Posters,Crash Diagnostics - Mountains,U3 - Crash Side Quest P3,Construct a Distillery at the Factory","50,watershed;49,poster1;49,poster6;46,jasper;40,Find the supplies crate;35,setup third;35,setup fourth","U5_Largemart_Factory,U5_Largemart_Factory_Quests","0.11.235","TaskActiveEvent",28,"Argue which watershed is bigger",NA
"439","5d43066ce4194c2f5fffc6f9",4,"Development","e0e8ba1d-a1a8-492c-a490-549b4a24c221","JG1 UX1",90,"2019-08-01 05:34:01","WindowsPlayer",NA,11,"TaskEvent",0,"0.11.235",-44.317684173584,56.2469596862793,24.972599029541,-0.769399762153625,-0.638767600059509,0,"History of WAT247,Find Toppo's Posters,Crash Diagnostics - Mountains,U3 - Crash Side Quest P3,Construct a Distillery at the Factory","50,watershed;49,poster1;49,poster6;46,jasper;40,Find the supplies crate;35,setup fourth","U5_Largemart_Factory,U5_Largemart_Factory_Quests","0.11.235","TaskCompleteEvent",28,"Talk to Holo-Toppo",NA
"440","5d43066ce4194c2f5fffc704",4,"Development","e0e8ba1d-a1a8-492c-a490-549b4a24c221","JG1 UX1",90,"2019-08-01 05:34:01","WindowsPlayer",NA,11,"TaskEvent",0,"0.11.235",-44.317684173584,56.2469596862793,24.972599029541,-0.769399762153625,-0.638767600059509,0,"History of WAT247,Find Toppo's Posters,Crash Diagnostics - Mountains,U3 - Crash Side Quest P3,Back at the Base","50,watershed;49,poster1;49,poster6;46,jasper;40,Find the supplies crate;69,Go to Sleep","U5_Largemart_Factory,U5_Largemart_Factory_Quests","0.11.235","TaskCompleteEvent",28,"Argue which watershed is bigger",NA
"441","5d43066de4194c2f5fffc70a",4,"Development","e0e8ba1d-a1a8-492c-a490-549b4a24c221","JG1 UX1",90,"2019-08-01 05:34:01","WindowsPlayer",NA,11,"TaskEvent",0,"0.11.235",-44.317684173584,56.2469596862793,24.972599029541,-0.769399762153625,-0.638767600059509,0,"History of WAT247,Find Toppo's Posters,Crash Diagnostics - Mountains,U3 - Crash Side Quest P3,Construct a Distillery at the Factory,Back at the Base","50,watershed;49,poster1;49,poster6;46,jasper;40,Find the supplies crate","U5_Largemart_Factory,U5_Largemart_Factory_Quests","0.11.235","TaskActiveEvent",58,"Speak with Toppo",NA
"442","5d4306a2e4194c2f5fffc81e",4,"Development","e0e8ba1d-a1a8-492c-a490-549b4a24c221","JG1 UX1",90,"2019-08-01 05:34:56","WindowsPlayer",NA,11,"TaskEvent",0,"0.11.235",5.60001373291016,-6.85903930664062,0.982043266296387,0.926075994968414,0.377336978912354,0,"History of WAT247,Find Toppo's Posters,Crash Diagnostics - Mountains,U3 - Crash Side Quest P3","50,watershed;49,poster1;49,poster6;46,jasper;40,Find the supplies crate","PB_PlayerRoom","0.11.235","TaskProgressEvent",28,"Argue which watershed is bigger",1
"443","5d4306a3e4194c2f5fffc825",4,"Development","e0e8ba1d-a1a8-492c-a490-549b4a24c221","JG1 UX1",90,"2019-08-01 05:34:56","WindowsPlayer",NA,11,"TaskEvent",0,"0.11.235",5.60001373291016,-6.85903930664062,0.982043266296387,0.926075994968414,0.377336978912354,0,"History of WAT247,Find Toppo's Posters,Crash Diagnostics - Mountains,U3 - Crash Side Quest P3,Back at the Base","50,watershed;49,poster1;49,poster6;46,jasper;40,Find the supplies crate;69,Go to Sleep","PB_PlayerRoom","0.11.235","TaskProgressEvent",58,"Speak with Toppo",1
"444","5d4306c1e4194c2f5fffc877",4,"Development","e0e8ba1d-a1a8-492c-a490-549b4a24c221","JG1 UX1",90,"2019-08-01 05:34:58","WindowsPlayer",NA,11,"TaskEvent",0,"0.11.235",5.60001373291016,-6.85903930664062,0.982043266296387,-0.998167991638184,-0.0605055093765259,0,"History of WAT247,Find Toppo's Posters,Crash Diagnostics - Mountains,U3 - Crash Side Quest P3,Check in with Toppo","50,watershed;49,poster1;49,poster6;46,jasper;40,Find the supplies crate","PB_PlayerRoom","0.11.235","TaskActiveEvent",58,"Jasper's Proposal",NA
"445","5d4306d5e4194c2f5fffc8f3",4,"Development","e0e8ba1d-a1a8-492c-a490-549b4a24c221","JG1 UX1",90,"2019-08-01 05:35:40","WindowsPlayer",NA,11,"TaskEvent",0,"0.11.235",-57.0714340209961,-159.925674438477,60.4097557067871,0.867489814758301,0.49745512008667,0,"History of WAT247,Find Toppo's Posters,Crash Diagnostics - Mountains,U3 - Crash Side Quest P3,Check in with Toppo","50,watershed;49,poster1;49,poster6;46,jasper;40,Find the supplies crate;63,Leave your house","Player_Base","0.11.235","TaskCompleteEvent",58,"Speak with Toppo",NA
"446","5d4306d5e4194c2f5fffc8f4",4,"Development","e0e8ba1d-a1a8-492c-a490-549b4a24c221","JG1 UX1",90,"2019-08-01 05:35:40","WindowsPlayer",NA,11,"TaskEvent",0,"0.11.235",-57.0714340209961,-159.925674438477,60.4097557067871,0.867489814758301,0.49745512008667,0,"History of WAT247,Find Toppo's Posters,Crash Diagnostics - Mountains,U3 - Crash Side Quest P3,Check in with Toppo","50,watershed;49,poster1;49,poster6;46,jasper;40,Find the supplies crate;63,Leave your house","Player_Base","0.11.235","TaskCompleteEvent",58,"Head to bed",NA
"447","5d4306d5e4194c2f5fffc8f6",4,"Development","e0e8ba1d-a1a8-492c-a490-549b4a24c221","JG1 UX1",90,"2019-08-01 05:35:40","WindowsPlayer",NA,11,"TaskEvent",0,"0.11.235",-57.0714340209961,-159.925674438477,60.4097557067871,0.867489814758301,0.49745512008667,0,"History of WAT247,Find Toppo's Posters,Crash Diagnostics - Mountains,U3 - Crash Side Quest P3,Check in with Toppo","50,watershed;49,poster1;49,poster6;46,jasper;40,Find the supplies crate;63,Leave your house;63,Talk with Toppo","Player_Base","0.11.235","TaskProgressEvent",58,"Head to bed",1
"448","5d430743e4194c2f5fffcb69",4,"Development","e0e8ba1d-a1a8-492c-a490-549b4a24c221","JG1 UX1",90,"2019-08-01 05:37:37","WindowsPlayer",NA,11,"TaskEvent",0,"0.11.235",-70.7565155029297,-102.126602172852,58.9669380187988,-0.528909385204315,0.848678350448608,0,"History of WAT247,Find Toppo's Posters,Crash Diagnostics - Mountains,U3 - Crash Side Quest P3,Check in with Toppo,Investigate Sam's Water Shortage","50,watershed;49,poster1;49,poster6;46,jasper;40,Find the supplies crate","Player_Base","0.11.235","TaskActiveEvent",57,"Meet up with Sam",NA
"449","5d430743e4194c2f5fffcb6a",4,"Development","e0e8ba1d-a1a8-492c-a490-549b4a24c221","JG1 UX1",90,"2019-08-01 05:37:37","WindowsPlayer",NA,11,"TaskEvent",0,"0.11.235",-70.7565155029297,-102.126602172852,58.9669380187988,-0.528909385204315,0.848678350448608,0,"History of WAT247,Find Toppo's Posters,Crash Diagnostics - Mountains,U3 - Crash Side Quest P3,Check in with Toppo","50,watershed;49,poster1;49,poster6;46,jasper;40,Find the supplies crate;63,Talk with Toppo","Player_Base","0.11.235","TaskProgressEvent",58,"Jasper's Proposal",1
"450","5d430743e4194c2f5fffcb6b",4,"Development","e0e8ba1d-a1a8-492c-a490-549b4a24c221","JG1 UX1",90,"2019-08-01 05:37:37","WindowsPlayer",NA,11,"TaskEvent",0,"0.11.235",-70.7565155029297,-102.126602172852,58.9669380187988,-0.528909385204315,0.848678350448608,0,"History of WAT247,Find Toppo's Posters,Crash Diagnostics - Mountains,U3 - Crash Side Quest P3,Investigate Sam's Water Shortage","50,watershed;49,poster1;49,poster6;46,jasper;40,Find the supplies crate;64,Check Sam's Garden","Player_Base","0.11.235","TaskActiveEvent",58,"Head to bed",NA
"451","5d430779e4194c2f5fffcc94",4,"Development","e0e8ba1d-a1a8-492c-a490-549b4a24c221","JG1 UX1",90,"2019-08-01 05:38:31","WindowsPlayer",NA,11,"TaskEvent",0,"0.11.235",-6.68625402450562,622.567199707031,56.3380546569824,-0.609963417053223,-0.79243004322052,0,"History of WAT247,Find Toppo's Posters,Crash Diagnostics - Mountains,U3 - Crash Side Quest P3,Investigate Sam's Water Shortage","50,watershed;49,poster1;49,poster6;46,jasper;40,Find the supplies crate;64,Check Sam's Garden;64,Measure the East River Levels","U3,U3_Collectibles,U3_Quests,U3_RiverSpline","0.11.235","TaskCompleteEvent",58,"Jasper's Proposal",NA
"452","5d430779e4194c2f5fffcc98",4,"Development","e0e8ba1d-a1a8-492c-a490-549b4a24c221","JG1 UX1",90,"2019-08-01 05:38:31","WindowsPlayer",NA,11,"TaskEvent",0,"0.11.235",-6.68625402450562,622.567199707031,56.3380546569824,-0.609963417053223,-0.79243004322052,0,"History of WAT247,Find Toppo's Posters,Crash Diagnostics - Mountains,U3 - Crash Side Quest P3,Investigate Sam's Water Shortage","50,watershed;49,poster1;49,poster6;46,jasper;40,Find the supplies crate;64,Check Sam's Garden","U3,U3_Collectibles,U3_Quests,U3_RiverSpline","0.11.235","TaskActiveEvent",74,"wakeup",NA
"453","5d430779e4194c2f5fffcc99",4,"Development","e0e8ba1d-a1a8-492c-a490-549b4a24c221","JG1 UX1",90,"2019-08-01 05:38:31","WindowsPlayer",NA,11,"TaskEvent",0,"0.11.235",-6.68625402450562,622.567199707031,56.3380546569824,-0.609963417053223,-0.79243004322052,0,"History of WAT247,Find Toppo's Posters,Crash Diagnostics - Mountains,U3 - Crash Side Quest P3,Investigate Sam's Water Shortage","50,watershed;49,poster1;49,poster6;46,jasper;40,Find the supplies crate;64,Check Sam's Garden","U3,U3_Collectibles,U3_Quests,U3_RiverSpline","0.11.235","TaskProgressEvent",74,"wakeup",1
"454","5d43079ce4194c2f5fffcd63",4,"Development","e0e8ba1d-a1a8-492c-a490-549b4a24c221","JG1 UX1",90,"2019-08-01 05:39:04","WindowsPlayer",NA,11,"TaskEvent",0,"0.11.235",97.7901916503906,598.1416015625,55.0473670959473,-0.384506732225418,0.923122227191925,0,"History of WAT247,Find Toppo's Posters,Crash Diagnostics - Mountains,U3 - Crash Side Quest P3,Investigate Sam's Water Shortage","50,watershed;49,poster1;49,poster6;46,jasper;40,Find the supplies crate;64,Measure the East River Levels","U3,U3_Collectibles,U3_Quests,U3_RiverSpline","0.11.235","TaskActiveEvent",74,"arfRoom",NA
"455","5d43079ce4194c2f5fffcd64",4,"Development","e0e8ba1d-a1a8-492c-a490-549b4a24c221","JG1 UX1",90,"2019-08-01 05:39:04","WindowsPlayer",NA,11,"TaskEvent",0,"0.11.235",97.7901916503906,598.1416015625,55.0473670959473,-0.384506732225418,0.923122227191925,0,"History of WAT247,Find Toppo's Posters,Crash Diagnostics - Mountains,U3 - Crash Side Quest P3,Investigate Sam's Water Shortage","50,watershed;49,poster1;49,poster6;46,jasper;40,Find the supplies crate;64,Measure the East River Levels","U3,U3_Collectibles,U3_Quests,U3_RiverSpline","0.11.235","TaskCompleteEvent",74,"wakeup",NA
"456","5d43079ce4194c2f5fffcd65",4,"Development","e0e8ba1d-a1a8-492c-a490-549b4a24c221","JG1 UX1",90,"2019-08-01 05:39:04","WindowsPlayer",NA,11,"TaskEvent",0,"0.11.235",97.7901916503906,598.1416015625,55.0473670959473,-0.384506732225418,0.923122227191925,0,"History of WAT247,Find Toppo's Posters,Crash Diagnostics - Mountains,U3 - Crash Side Quest P3,Investigate Sam's Water Shortage","50,watershed;49,poster1;49,poster6;46,jasper;40,Find the supplies crate;64,Measure the East River Levels;64,Measure the West River Levels","U3,U3_Collectibles,U3_Quests,U3_RiverSpline","0.11.235","TaskProgressEvent",74,"arfRoom",1
"457","5d4307ece4194c2f5fffcf0d",4,"Development","e0e8ba1d-a1a8-492c-a490-549b4a24c221","JG1 UX1",90,"2019-08-01 05:40:16","WindowsPlayer",NA,11,"TaskEvent",0,"0.11.235",-384.827453613281,635.719909667969,57.1140556335449,-0.945592820644379,0.325352430343628,0,"History of WAT247,Find Toppo's Posters,Crash Diagnostics - Mountains,U3 - Crash Side Quest P3,Investigate Sam's Water Shortage","50,watershed;49,poster1;49,poster6;46,jasper;40,Find the supplies crate;64,Measure the West River Levels","U3,U3_Collectibles,U3_Quests,U3_RiverSpline","0.11.235","TaskActiveEvent",77,"collectARF",NA
"458","5d4307ece4194c2f5fffcf0e",4,"Development","e0e8ba1d-a1a8-492c-a490-549b4a24c221","JG1 UX1",90,"2019-08-01 05:40:16","WindowsPlayer",NA,11,"TaskEvent",0,"0.11.235",-384.827453613281,635.719909667969,57.1140556335449,-0.945592820644379,0.325352430343628,0,"History of WAT247,Find Toppo's Posters,Crash Diagnostics - Mountains,U3 - Crash Side Quest P3,Investigate Anderson's Water Shortage","50,watershed;49,poster1;49,poster6;46,jasper;40,Find the supplies crate;65,Check Anderson's Water Supply","U3,U3_Collectibles,U3_Quests,U3_RiverSpline","0.11.235","TaskCompleteEvent",74,"arfRoom",NA
"459","5d4307ece4194c2f5fffcf16",4,"Development","e0e8ba1d-a1a8-492c-a490-549b4a24c221","JG1 UX1",90,"2019-08-01 05:40:16","WindowsPlayer",NA,11,"TaskEvent",0,"0.11.235",-384.827453613281,635.719909667969,57.1140556335449,-0.945592820644379,0.325352430343628,0,"History of WAT247,Find Toppo's Posters,Crash Diagnostics - Mountains,U3 - Crash Side Quest P3,Investigate Sam's Water Shortage,Investigate Anderson's Water Shortage","50,watershed;49,poster1;49,poster6;46,jasper;40,Find the supplies crate","U3,U3_Collectibles,U3_Quests,U3_RiverSpline","0.11.235","TaskProgressEvent",77,"collectARF",1
"460","5d430831e4194c2f5fffd088",4,"Development","e0e8ba1d-a1a8-492c-a490-549b4a24c221","JG1 UX1",90,"2019-08-01 05:41:30","WindowsPlayer",NA,11,"TaskEvent",0,"0.11.235",-521.918884277344,768.595275878906,48.8499755859375,0.983851492404938,0.1777533441782,0.0209803953766823,"History of WAT247,Find Toppo's Posters,Crash Diagnostics - Mountains,U3 - Crash Side Quest P3,Investigate Anderson's Water Shortage","50,watershed;49,poster1;49,poster6;46,jasper;40,Find the supplies crate;65,Check Anderson's Water Supply;65,Check the Bunker Water Table","U4,U4_Collectibles,U4_Quests,U4_MilitaryBase","0.11.235","TaskCompleteEvent",77,"collectARF",NA
"461","5d430831e4194c2f5fffd08c",4,"Development","e0e8ba1d-a1a8-492c-a490-549b4a24c221","JG1 UX1",90,"2019-08-01 05:41:30","WindowsPlayer",NA,11,"TaskEvent",0,"0.11.235",-521.918884277344,768.595275878906,48.8499755859375,0.983851492404938,0.1777533441782,0.0209803953766823,"History of WAT247,Find Toppo's Posters,Crash Diagnostics - Mountains,U3 - Crash Side Quest P3,Investigate Anderson's Water Shortage","50,watershed;49,poster1;49,poster6;46,jasper;40,Find the supplies crate;65,Check Anderson's Water Supply","U4,U4_Collectibles,U4_Quests,U4_MilitaryBase","0.11.235","TaskActiveEvent",77,"checkPoster",NA
"462","5d430831e4194c2f5fffd08f",4,"Development","e0e8ba1d-a1a8-492c-a490-549b4a24c221","JG1 UX1",90,"2019-08-01 05:41:30","WindowsPlayer",NA,11,"TaskEvent",0,"0.11.235",-521.918884277344,768.595275878906,48.8499755859375,0.983851492404938,0.1777533441782,0.0209803953766823,"History of WAT247,Find Toppo's Posters,Crash Diagnostics - Mountains,U3 - Crash Side Quest P3,Investigate Anderson's Water Shortage","50,watershed;49,poster1;49,poster6;46,jasper;40,Find the supplies crate;65,Check Anderson's Water Supply","U4,U4_Collectibles,U4_Quests,U4_MilitaryBase","0.11.235","TaskProgressEvent",77,"checkPoster",1
"463","5d430881e4194c2f5fffd241",4,"Development","e0e8ba1d-a1a8-492c-a490-549b4a24c221","JG1 UX1",90,"2019-08-01 05:42:43","WindowsPlayer",NA,11,"TaskEvent",0,"0.11.235",-560.7900390625,-23.0189189910889,27.2859001159668,0.30461049079895,-0.95245498418808,0.00649577006697655,"History of WAT247,Find Toppo's Posters,Crash Diagnostics - Mountains,U3 - Crash Side Quest P3,Investigate Anderson's Water Shortage","50,watershed;49,poster1;49,poster6;46,jasper;40,Find the supplies crate;65,Check the Bunker Water Table;65,Check the Ruins Water Table","U4,U4_Collectibles,U4_Quests","0.11.235","TaskActiveEvent",77,"trialArg",NA
"464","5d430881e4194c2f5fffd243",4,"Development","e0e8ba1d-a1a8-492c-a490-549b4a24c221","JG1 UX1",90,"2019-08-01 05:42:43","WindowsPlayer",NA,11,"TaskEvent",0,"0.11.235",-560.7900390625,-23.0189189910889,27.2859001159668,0.30461049079895,-0.95245498418808,0.00649577006697655,"History of WAT247,Find Toppo's Posters,Crash Diagnostics - Mountains,U3 - Crash Side Quest P3,Investigate Anderson's Water Shortage","50,watershed;49,poster1;49,poster6;46,jasper;40,Find the supplies crate;65,Check the Bunker Water Table","U4,U4_Collectibles,U4_Quests","0.11.235","TaskCompleteEvent",77,"checkPoster",NA
"465","5d430881e4194c2f5fffd244",4,"Development","e0e8ba1d-a1a8-492c-a490-549b4a24c221","JG1 UX1",90,"2019-08-01 05:42:43","WindowsPlayer",NA,11,"TaskEvent",0,"0.11.235",-560.7900390625,-23.0189189910889,27.2859001159668,0.30461049079895,-0.95245498418808,0.00649577006697655,"History of WAT247,Find Toppo's Posters,Crash Diagnostics - Mountains,U3 - Crash Side Quest P3,Investigate Anderson's Water Shortage","50,watershed;49,poster1;49,poster6;46,jasper;40,Find the supplies crate;65,Check the Bunker Water Table","U4,U4_Collectibles,U4_Quests","0.11.235","TaskActiveEvent",78,"toppoTalk",NA
"466","5d4308c2e4194c2f5fffdc95",4,"Development","e0e8ba1d-a1a8-492c-a490-549b4a24c221","JG1 UX1",90,"2019-08-01 05:44:00","WindowsPlayer",NA,11,"TaskEvent",0,"0.11.235",60.6891632080078,-445.621398925781,36.3157920837402,0.935471177101135,-0.352840155363083,0.0199486911296844,"History of WAT247,Find Toppo's Posters,Crash Diagnostics - Mountains,U3 - Crash Side Quest P3,Investigate Anderson's Water Shortage","50,watershed;49,poster1;49,poster6;46,jasper;40,Find the supplies crate;65,Check the Ruins Water Table","U4,U4_Collectibles,U4_Quests,U4_AlienRuins","0.11.235","TaskProgressEvent",77,"trialArg",1
"467","5d4308c3e4194c2f5fffdc96",4,"Development","e0e8ba1d-a1a8-492c-a490-549b4a24c221","JG1 UX1",90,"2019-08-01 05:44:00","WindowsPlayer",NA,11,"TaskEvent",0,"0.11.235",60.6891632080078,-445.621398925781,36.3157920837402,0.935471177101135,-0.352840155363083,0.0199486911296844,"History of WAT247,Find Toppo's Posters,Crash Diagnostics - Mountains,U3 - Crash Side Quest P3,Investigate Anderson's Water Shortage,Investigate the Water Shortage","50,watershed;49,poster1;49,poster6;46,jasper;40,Find the supplies crate","U4,U4_Collectibles,U4_Quests,U4_AlienRuins","0.11.235","TaskCompleteEvent",77,"trialArg",NA
"468","5d4308c3e4194c2f5fffdc97",4,"Development","e0e8ba1d-a1a8-492c-a490-549b4a24c221","JG1 UX1",90,"2019-08-01 05:44:00","WindowsPlayer",NA,11,"TaskEvent",0,"0.11.235",60.6891632080078,-445.621398925781,36.3157920837402,0.935471177101135,-0.352840155363083,0.0199486911296844,"History of WAT247,Find Toppo's Posters,Crash Diagnostics - Mountains,U3 - Crash Side Quest P3,Investigate the Water Shortage","50,watershed;49,poster1;49,poster6;46,jasper;40,Find the supplies crate;88,Check the Seaside Humidity","U4,U4_Collectibles,U4_Quests,U4_AlienRuins","0.11.235","TaskCompleteEvent",78,"toppoTalk",NA
"469","5d430932e4194c2f5fffe54e",4,"Development","e0e8ba1d-a1a8-492c-a490-549b4a24c221","JG1 UX1",90,"2019-08-01 05:45:49","WindowsPlayer",NA,11,"TaskEvent",0,"0.11.235",-210.787841796875,205.291961669922,51.3785858154297,0.506033718585968,0.862513720989227,0,"History of WAT247,Find Toppo's Posters,Crash Diagnostics - Mountains,U3 - Crash Side Quest P3,Investigate the Water Shortage","50,watershed;49,poster1;49,poster6;46,jasper;40,Find the supplies crate;88,Check the Seaside Humidity;88,Check the Factory Humidity","U5,U5_Quests","0.11.235","TaskProgressEvent",78,"toppoTalk",1
"470","5d430932e4194c2f5fffe554",4,"Development","e0e8ba1d-a1a8-492c-a490-549b4a24c221","JG1 UX1",90,"2019-08-01 05:45:49","WindowsPlayer",NA,11,"TaskEvent",0,"0.11.235",-210.787841796875,205.291961669922,51.3785858154297,0.506033718585968,0.862513720989227,0,"History of WAT247,Find Toppo's Posters,Crash Diagnostics - Mountains,U3 - Crash Side Quest P3,Investigate the Water Shortage","50,watershed;49,poster1;49,poster6;46,jasper;40,Find the supplies crate;88,Check the Seaside Humidity","U5,U5_Quests","0.11.235","TaskActiveEvent",78,"completeArg",NA
"471","5d430932e4194c2f5fffe555",4,"Development","e0e8ba1d-a1a8-492c-a490-549b4a24c221","JG1 UX1",90,"2019-08-01 05:45:49","WindowsPlayer",NA,11,"TaskEvent",0,"0.11.235",-210.787841796875,205.291961669922,51.3785858154297,0.506033718585968,0.862513720989227,0,"History of WAT247,Find Toppo's Posters,Crash Diagnostics - Mountains,U3 - Crash Side Quest P3,Investigate the Water Shortage","50,watershed;49,poster1;49,poster6;46,jasper;40,Find the supplies crate;88,Check the Seaside Humidity","U5,U5_Quests","0.11.235","TaskCompleteEvent",78,"completeArg",NA
"472","5d430964e4194c2f5fffe660",4,"Development","e0e8ba1d-a1a8-492c-a490-549b4a24c221","JG1 UX1",90,"2019-08-01 05:46:34","WindowsPlayer",NA,11,"TaskEvent",0,"0.11.235",85.2212448120117,61.652702331543,106.760375976562,-0.994702935218811,-0.102792739868164,0,"History of WAT247,Find Toppo's Posters,Crash Diagnostics - Mountains,U3 - Crash Side Quest P3,Investigate the Water Shortage","50,watershed;49,poster1;49,poster6;46,jasper;40,Find the supplies crate;88,Check the Factory Humidity","U5,U5_Quests","0.11.235","TaskActiveEvent",79,"meetJasper",NA
"473","5d430964e4194c2f5fffe663",4,"Development","e0e8ba1d-a1a8-492c-a490-549b4a24c221","JG1 UX1",90,"2019-08-01 05:46:34","WindowsPlayer",NA,11,"TaskEvent",0,"0.11.235",85.2212448120117,61.652702331543,106.760375976562,-0.994702935218811,-0.102792739868164,0,"History of WAT247,Find Toppo's Posters,Crash Diagnostics - Mountains,U3 - Crash Side Quest P3,Investigate the Water Shortage","50,watershed;49,poster1;49,poster6;46,jasper;40,Find the supplies crate;88,Check the Factory Humidity","U5,U5_Quests","0.11.235","TaskProgressEvent",78,"completeArg",1
"474","5d430964e4194c2f5fffe668",4,"Development","e0e8ba1d-a1a8-492c-a490-549b4a24c221","JG1 UX1",90,"2019-08-01 05:46:34","WindowsPlayer",NA,11,"TaskEvent",0,"0.11.235",85.2212448120117,61.652702331543,106.760375976562,-0.994702935218811,-0.102792739868164,0,"History of WAT247,Find Toppo's Posters,Crash Diagnostics - Mountains,U3 - Crash Side Quest P3,Investigate the Water Shortage","50,watershed;49,poster1;49,poster6;46,jasper;40,Find the supplies crate;88,Check the Factory Humidity;88,Check the Cave Humidity","U5,U5_Quests","0.11.235","TaskActiveEvent",79,"followJasper",NA
"475","5d43097ee4194c2f5fffe6f8",4,"Development","e0e8ba1d-a1a8-492c-a490-549b4a24c221","JG1 UX1",90,"2019-08-01 05:47:01","WindowsPlayer",NA,11,"TaskEvent",0,"0.11.235",-206.12532043457,16.8129081726074,69.1299057006836,-0.973976016044617,-0.226651310920715,0,"History of WAT247,Find Toppo's Posters,Crash Diagnostics - Mountains,U3 - Crash Side Quest P3,Investigate the Water Shortage,U5 - Crash Diagnostics P7","50,watershed;49,poster1;49,poster6;46,jasper;40,Find the supplies crate;88,Check the Cave Humidity","U5,U5_Quests","0.11.235","TaskProgressEvent",79,"meetJasper",1
"476","5d430992e4194c2f5fffe76d",4,"Development","e0e8ba1d-a1a8-492c-a490-549b4a24c221","JG1 UX1",90,"2019-08-01 05:47:29","WindowsPlayer",NA,11,"TaskEvent",0,"0.11.235",-648.983093261719,1.69372403621674,-107.27010345459,0.971534192562103,-0.236900091171265,0,"History of WAT247,Find Toppo's Posters,Crash Diagnostics - Mountains,U3 - Crash Side Quest P3,Investigate the Water Shortage,U5 - Crash Diagnostics P7","50,watershed;49,poster1;49,poster6;46,jasper;40,Find the supplies crate;88,Check the Cave Humidity;62,Find the Black Box","U5_Cavern,U5_Cavern_Quests","0.11.235","TaskCompleteEvent",79,"meetJasper",NA
"477","5d430992e4194c2f5fffe76e",4,"Development","e0e8ba1d-a1a8-492c-a490-549b4a24c221","JG1 UX1",90,"2019-08-01 05:47:29","WindowsPlayer",NA,11,"TaskEvent",0,"0.11.235",-648.983093261719,1.69372403621674,-107.27010345459,0.971534192562103,-0.236900091171265,0,"History of WAT247,Find Toppo's Posters,Crash Diagnostics - Mountains,U3 - Crash Side Quest P3,Investigate the Water Shortage,U5 - Crash Diagnostics P7","50,watershed;49,poster1;49,poster6;46,jasper;40,Find the supplies crate;88,Check the Cave Humidity;62,Find the Black Box;88,Check the Base Humidity","U5_Cavern,U5_Cavern_Quests","0.11.235","TaskProgressEvent",79,"followJasper",1
"478","5d430993e4194c2f5fffe77a",4,"Development","e0e8ba1d-a1a8-492c-a490-549b4a24c221","JG1 UX1",90,"2019-08-01 05:47:29","WindowsPlayer",NA,11,"TaskEvent",0,"0.11.235",-648.983093261719,1.69372403621674,-107.27010345459,0.971534192562103,-0.236900091171265,0,"History of WAT247,Find Toppo's Posters,Crash Diagnostics - Mountains,U3 - Crash Side Quest P3,Investigate the Water Shortage,U5 - Crash Diagnostics P7","50,watershed;49,poster1;49,poster6;46,jasper;40,Find the supplies crate;88,Check the Cave Humidity;62,Find the Black Box","U5_Cavern,U5_Cavern_Quests","0.11.235","TaskActiveEvent",79,"jumpDebris",NA
"479","5d4309e9e4194c2f5fffe947",4,"Development","e0e8ba1d-a1a8-492c-a490-549b4a24c221","JG1 UX1",90,"2019-08-01 05:48:45","WindowsPlayer",NA,11,"TaskEvent",0,"0.11.235",-72.8489532470703,-56.902717590332,55.9760322570801,0.959805309772491,-0.280666589736938,0,"History of WAT247,Find Toppo's Posters,Crash Diagnostics - Mountains,U3 - Crash Side Quest P3,Investigate the Water Shortage,U5 - Crash Diagnostics P7","50,watershed;49,poster1;49,poster6;46,jasper;40,Find the supplies crate;62,Find the Black Box;88,Check the Base Humidity","Player_Base","0.11.235","TaskCompleteEvent",79,"followJasper",NA
"480","5d4309e9e4194c2f5fffe948",4,"Development","e0e8ba1d-a1a8-492c-a490-549b4a24c221","JG1 UX1",90,"2019-08-01 05:48:45","WindowsPlayer",NA,11,"TaskEvent",0,"0.11.235",-72.8489532470703,-56.902717590332,55.9760322570801,0.959805309772491,-0.280666589736938,0,"History of WAT247,Find Toppo's Posters,Crash Diagnostics - Mountains,U3 - Crash Side Quest P3,U5 - Crash Diagnostics P7,Is Water Missing?","50,watershed;49,poster1;49,poster6;46,jasper;40,Find the supplies crate;62,Find the Black Box;89,Update the Team","Player_Base","0.11.235","TaskProgressEvent",79,"jumpDebris",1
"481","5d4309e9e4194c2f5fffe94e",4,"Development","e0e8ba1d-a1a8-492c-a490-549b4a24c221","JG1 UX1",90,"2019-08-01 05:48:45","WindowsPlayer",NA,11,"TaskEvent",0,"0.11.235",-72.8489532470703,-56.902717590332,55.9760322570801,0.959805309772491,-0.280666589736938,0,"History of WAT247,Find Toppo's Posters,Crash Diagnostics - Mountains,U3 - Crash Side Quest P3,Investigate the Water Shortage,U5 - Crash Diagnostics P7,Is Water Missing?","50,watershed;49,poster1;49,poster6;46,jasper;40,Find the supplies crate;62,Find the Black Box","Player_Base","0.11.235","TaskCompleteEvent",79,"jumpDebris",NA
"482","5d430a0ce4194c2f5fffea18",4,"Development","e0e8ba1d-a1a8-492c-a490-549b4a24c221","JG1 UX1",90,"2019-08-01 05:49:24","WindowsPlayer",NA,11,"TaskEvent",0,"0.11.235",-72.0705642700195,-100.266487121582,58.9669380187988,0.211324945092201,-0.977416038513184,0,"History of WAT247,Find Toppo's Posters,Crash Diagnostics - Mountains,U3 - Crash Side Quest P3,U5 - Crash Diagnostics P7,Is Water Missing?","50,watershed;49,poster1;49,poster6;46,jasper;40,Find the supplies crate;62,Find the Black Box;89,Update the Team","Player_Base","0.11.235","TaskActiveEvent",79,"escapePods",NA
"483","5d430a0ce4194c2f5fffea19",4,"Development","e0e8ba1d-a1a8-492c-a490-549b4a24c221","JG1 UX1",90,"2019-08-01 05:49:24","WindowsPlayer",NA,11,"TaskEvent",0,"0.11.235",-72.0705642700195,-100.266487121582,58.9669380187988,0.211324945092201,-0.977416038513184,0,"History of WAT247,Find Toppo's Posters,Crash Diagnostics - Mountains,U3 - Crash Side Quest P3,U5 - Crash Diagnostics P7,Is Water Missing?","50,watershed;49,poster1;49,poster6;46,jasper;40,Find the supplies crate;62,Find the Black Box;89,Update the Team","Player_Base","0.11.235","TaskProgressEvent",79,"escapePods",1
"484","5d430a0ce4194c2f5fffea1c",4,"Development","e0e8ba1d-a1a8-492c-a490-549b4a24c221","JG1 UX1",90,"2019-08-01 05:49:24","WindowsPlayer",NA,11,"TaskEvent",0,"0.11.235",-72.0705642700195,-100.266487121582,58.9669380187988,0.211324945092201,-0.977416038513184,0,"History of WAT247,Find Toppo's Posters,Crash Diagnostics - Mountains,U3 - Crash Side Quest P3,U5 - Crash Diagnostics P7,Is Water Missing?","50,watershed;49,poster1;49,poster6;46,jasper;40,Find the supplies crate;62,Find the Black Box;89,Update the Team;89,Sort this Out","Player_Base","0.11.235","TaskActiveEvent",79,"enterPod",NA
"485","5d430a7fe4194c2f5fffeca2",4,"Development","e0e8ba1d-a1a8-492c-a490-549b4a24c221","JG1 UX1",90,"2019-08-01 05:51:25","WindowsPlayer",NA,11,"TaskEvent",0,"0.11.235",-72.0705642700195,-100.266487121582,58.9669380187988,0.211324945092201,-0.977416038513184,0,"History of WAT247,Find Toppo's Posters,Crash Diagnostics - Mountains,U3 - Crash Side Quest P3,U5 - Crash Diagnostics P7,Is Water Missing?","50,watershed;49,poster1;49,poster6;46,jasper;40,Find the supplies crate;62,Find the Black Box;89,Sort this Out","Player_Base","0.11.235","TaskCompleteEvent",79,"escapePods",NA
"486","5d430a7fe4194c2f5fffeca8",4,"Development","e0e8ba1d-a1a8-492c-a490-549b4a24c221","JG1 UX1",90,"2019-08-01 05:51:25","WindowsPlayer",NA,11,"TaskEvent",0,"0.11.235",-72.0705642700195,-100.266487121582,58.9669380187988,0.211324945092201,-0.977416038513184,0,"History of WAT247,Find Toppo's Posters,Crash Diagnostics - Mountains,U3 - Crash Side Quest P3,U5 - Crash Diagnostics P7,Is Water Missing?","50,watershed;49,poster1;49,poster6;46,jasper;40,Find the supplies crate;62,Find the Black Box;89,Sort this Out","Player_Base","0.11.235","TaskCompleteEvent",79,"enterPod",NA
"487","5d430a7fe4194c2f5fffecac",4,"Development","e0e8ba1d-a1a8-492c-a490-549b4a24c221","JG1 UX1",90,"2019-08-01 05:51:25","WindowsPlayer",NA,11,"TaskEvent",0,"0.11.235",-72.0705642700195,-100.266487121582,58.9669380187988,0.211324945092201,-0.977416038513184,0,"History of WAT247,Find Toppo's Posters,Crash Diagnostics - Mountains,U3 - Crash Side Quest P3,U5 - Crash Diagnostics P7,Is Water Missing?","50,watershed;49,poster1;49,poster6;46,jasper;40,Find the supplies crate;62,Find the Black Box;89,Sort this Out;89,Counter Him Cadet","Player_Base","0.11.235","TaskProgressEvent",79,"enterPod",1
"488","5d430ac0e4194c2f5fffedf2",4,"Development","e0e8ba1d-a1a8-492c-a490-549b4a24c221","JG1 UX1",90,"2019-08-01 05:52:17","WindowsPlayer",NA,11,"TaskEvent",0,"0.11.235",-72.0705642700195,-100.266487121582,58.9669380187988,0.211324945092201,-0.977416038513184,0,"History of WAT247,Find Toppo's Posters,Crash Diagnostics - Mountains,U3 - Crash Side Quest P3,U5 - Crash Diagnostics P7,Is Water Missing?","50,watershed;49,poster1;49,poster6;46,jasper;40,Find the supplies crate;62,Find the Black Box;89,Counter Him Cadet","Player_Base","0.11.235","TaskActiveEvent",49,"poster3",NA
"489","5d430ac0e4194c2f5fffedf3",4,"Development","e0e8ba1d-a1a8-492c-a490-549b4a24c221","JG1 UX1",90,"2019-08-01 05:52:17","WindowsPlayer",NA,11,"TaskEvent",0,"0.11.235",-72.0705642700195,-100.266487121582,58.9669380187988,0.211324945092201,-0.977416038513184,0,"History of WAT247,Find Toppo's Posters,Crash Diagnostics - Mountains,U3 - Crash Side Quest P3,U5 - Crash Diagnostics P7,Is Water Missing?","50,watershed;49,poster1;49,poster6;46,jasper;40,Find the supplies crate;62,Find the Black Box;89,Counter Him Cadet","Player_Base","0.11.235","TaskActiveEvent",49,"poster1",NA
"490","5d430ac0e4194c2f5fffedff",4,"Development","e0e8ba1d-a1a8-492c-a490-549b4a24c221","JG1 UX1",90,"2019-08-01 05:52:17","WindowsPlayer",NA,11,"TaskEvent",0,"0.11.235",-72.0705642700195,-100.266487121582,58.9669380187988,0.211324945092201,-0.977416038513184,0,"History of WAT247,Find Toppo's Posters,Crash Diagnostics - Mountains,U3 - Crash Side Quest P3,U5 - Crash Diagnostics P7,Is Water Missing?","50,watershed;49,poster1;49,poster6;46,jasper;40,Find the supplies crate;62,Find the Black Box;89,Counter Him Cadet;89,Is the Water Missing?","Player_Base","0.11.235","TaskActiveEvent",49,"poster2",NA
"491","5d430b1ae4194c2f5fffefe7",4,"Development","e0e8ba1d-a1a8-492c-a490-549b4a24c221","JG1 UX1",90,"2019-08-01 05:53:50","WindowsPlayer",NA,11,"TaskEvent",0,"0.11.235",-72.0705642700195,-100.266487121582,58.9669380187988,0.211324945092201,-0.977416038513184,0,"History of WAT247,Find Toppo's Posters,Crash Diagnostics - Mountains,U3 - Crash Side Quest P3,U5 - Crash Diagnostics P7,Is Water Missing?","50,watershed;49,poster1;49,poster6;46,jasper;40,Find the supplies crate;62,Find the Black Box;89,Is the Water Missing?","Player_Base","0.11.235","TaskActiveEvent",49,"poster5",NA
"492","5d430b1ae4194c2f5fffefea",4,"Development","e0e8ba1d-a1a8-492c-a490-549b4a24c221","JG1 UX1",90,"2019-08-01 05:53:50","WindowsPlayer",NA,11,"TaskEvent",0,"0.11.235",-72.0705642700195,-100.266487121582,58.9669380187988,0.211324945092201,-0.977416038513184,0,"History of WAT247,Find Toppo's Posters,Crash Diagnostics - Mountains,U3 - Crash Side Quest P3,U5 - Crash Diagnostics P7,Jasper's Discovery","50,watershed;49,poster1;49,poster6;46,jasper;40,Find the supplies crate;62,Find the Black Box;66,Follow Jasper","Player_Base","0.11.235","TaskActiveEvent",49,"poster6",NA
"493","5d430b1ae4194c2f5fffefed",4,"Development","e0e8ba1d-a1a8-492c-a490-549b4a24c221","JG1 UX1",90,"2019-08-01 05:53:50","WindowsPlayer",NA,11,"TaskEvent",0,"0.11.235",-72.0705642700195,-100.266487121582,58.9669380187988,0.211324945092201,-0.977416038513184,0,"History of WAT247,Find Toppo's Posters,Crash Diagnostics - Mountains,U3 - Crash Side Quest P3,U5 - Crash Diagnostics P7,Is Water Missing?,Jasper's Discovery","50,watershed;49,poster1;49,poster6;46,jasper;40,Find the supplies crate;62,Find the Black Box","Player_Base","0.11.235","TaskActiveEvent",49,"poster4",NA
"494","5d430b83e4194c2f5ffff222",4,"Development","e0e8ba1d-a1a8-492c-a490-549b4a24c221","JG1 UX1",90,"2019-08-01 05:55:38","WindowsPlayer",NA,11,"TaskEvent",0,"0.11.235",-72.0705642700195,-100.266487121582,58.9669380187988,0.211324945092201,-0.977416038513184,0,"History of WAT247,Find Toppo's Posters,Crash Diagnostics - Mountains,U3 - Crash Side Quest P3,U5 - Crash Diagnostics P7,Jasper's Discovery","50,watershed;49,poster1;49,poster6;46,jasper;40,Find the supplies crate;62,Find the Black Box;66,Follow Jasper","Player_Base,U2","0.11.235","TaskActiveEvent",51,"pod",NA
"495","5d430b83e4194c2f5ffff223",4,"Development","e0e8ba1d-a1a8-492c-a490-549b4a24c221","JG1 UX1",90,"2019-08-01 05:55:38","WindowsPlayer",NA,11,"TaskEvent",0,"0.11.235",-72.0705642700195,-100.266487121582,58.9669380187988,0.211324945092201,-0.977416038513184,0,"History of WAT247,Find Toppo's Posters,Crash Diagnostics - Mountains,U3 - Crash Side Quest P3,U5 - Crash Diagnostics P7,Jasper's Discovery","50,watershed;49,poster1;49,poster6;46,jasper;40,Find the supplies crate;62,Find the Black Box;66,Follow Jasper","Player_Base,U2","0.11.235","TaskActiveEvent",44,"your pod",NA
"496","5d430b83e4194c2f5ffff229",4,"Development","e0e8ba1d-a1a8-492c-a490-549b4a24c221","JG1 UX1",90,"2019-08-01 05:55:38","WindowsPlayer",NA,11,"TaskEvent",0,"0.11.235",-72.0705642700195,-100.266487121582,58.9669380187988,0.211324945092201,-0.977416038513184,0,"History of WAT247,Find Toppo's Posters,Crash Diagnostics - Mountains,U3 - Crash Side Quest P3,U5 - Crash Diagnostics P7,Jasper's Discovery","50,watershed;49,poster1;49,poster6;46,jasper;40,Find the supplies crate;62,Find the Black Box;66,Follow Jasper;66,Gain Entrance to the New Ruins","Player_Base,U2","0.11.235","TaskProgressEvent",44,"your pod",1
"497","5d430bb1e4194c2f5ffff315",4,"Development","e0e8ba1d-a1a8-492c-a490-549b4a24c221","JG1 UX1",90,"2019-08-01 05:56:25","WindowsPlayer",NA,11,"TaskEvent",0,"0.11.235",1119.95812988281,927.018127441406,140.487640380859,-0.689619481563568,0.724171936511993,0,"History of WAT247,Find Toppo's Posters,Crash Diagnostics - Mountains,U3 - Crash Side Quest P3,U5 - Crash Diagnostics P7,Jasper's Discovery","50,watershed;49,poster1;49,poster6;46,jasper;40,Find the supplies crate;62,Find the Black Box;66,Gain Entrance to the New Ruins","U2,U2_Collectibles,U2_Quests","0.11.235","TaskCompleteEvent",44,"your pod",NA
"498","5d430bb1e4194c2f5ffff318",4,"Development","e0e8ba1d-a1a8-492c-a490-549b4a24c221","JG1 UX1",90,"2019-08-01 05:56:25","WindowsPlayer",NA,11,"TaskEvent",0,"0.11.235",1119.95812988281,927.018127441406,140.487640380859,-0.689619481563568,0.724171936511993,0,"Find Toppo's Posters,Crash Diagnostics - Mountains,U3 - Crash Side Quest P3,U5 - Crash Diagnostics P7,Jasper's Discovery","49,poster1;49,poster6;46,jasper;40,Find the supplies crate;62,Find the Black Box;66,Gain Entrance to the New Ruins","U2,U2_Collectibles,U2_Quests","0.11.235","TaskProgressEvent",51,"pod",1
"499","5d430bb1e4194c2f5ffff31a",4,"Development","e0e8ba1d-a1a8-492c-a490-549b4a24c221","JG1 UX1",90,"2019-08-01 05:56:25","WindowsPlayer",NA,11,"TaskEvent",0,"0.11.235",1119.95812988281,927.018127441406,140.487640380859,-0.689619481563568,0.724171936511993,0,"Find Toppo's Posters,Crash Diagnostics - Mountains,U3 - Crash Side Quest P3,U5 - Crash Diagnostics P7,Jasper's Discovery","49,poster1;49,poster6;46,jasper;40,Find the supplies crate;62,Find the Black Box;66,Gain Entrance to the New Ruins","U2,U2_Collectibles,U2_Quests","0.11.235","TaskActiveEvent",51,"scrap",NA
"500","5d430bb1e4194c2f5ffff31b",4,"Development","e0e8ba1d-a1a8-492c-a490-549b4a24c221","JG1 UX1",90,"2019-08-01 05:56:25","WindowsPlayer",NA,11,"TaskEvent",0,"0.11.235",1119.95812988281,927.018127441406,140.487640380859,-0.689619481563568,0.724171936511993,0,"Find Toppo's Posters,Crash Diagnostics - Mountains,U3 - Crash Side Quest P3,U5 - Crash Diagnostics P7,Jasper's Discovery","49,poster1;49,poster6;46,jasper;40,Find the supplies crate;62,Find the Black Box;66,Gain Entrance to the New Ruins","U2,U2_Collectibles,U2_Quests","0.11.235","TaskCompleteEvent",51,"pod",NA
"501","5d430bb1e4194c2f5ffff31c",4,"Development","e0e8ba1d-a1a8-492c-a490-549b4a24c221","JG1 UX1",90,"2019-08-01 05:56:25","WindowsPlayer",NA,11,"TaskEvent",0,"0.11.235",1119.95812988281,927.018127441406,140.487640380859,-0.689619481563568,0.724171936511993,0,"Find Toppo's Posters,Crash Diagnostics - Mountains,U3 - Crash Side Quest P3,U5 - Crash Diagnostics P7,Jasper's Discovery","49,poster1;49,poster6;46,jasper;40,Find the supplies crate;62,Find the Black Box;66,Gain Entrance to the New Ruins;66,Complete the First Wing","U2,U2_Collectibles,U2_Quests","0.11.235","TaskProgressEvent",51,"scrap",1
"502","5d430be3e4194c2f5ffff479",4,"Development","e0e8ba1d-a1a8-492c-a490-549b4a24c221","JG1 UX1",90,"2019-08-01 05:57:22","WindowsPlayer",NA,11,"TaskEvent",0,"0.11.235",-7.42834377288818,23.4200000762939,2.41586446762085,-0.977783143520355,0.209618866443634,0,"Find Toppo's Posters,Crash Diagnostics - Mountains,U3 - Crash Side Quest P3,U5 - Crash Diagnostics P7,Jasper's Discovery","49,poster1;49,poster6;46,jasper;40,Find the supplies crate;62,Find the Black Box;66,Complete the First Wing","U6_Dungeon","0.11.235","TaskProgressEvent",51,"scrap",2
"503","5d430be3e4194c2f5ffff47a",4,"Development","e0e8ba1d-a1a8-492c-a490-549b4a24c221","JG1 UX1",90,"2019-08-01 05:57:22","WindowsPlayer",NA,11,"TaskEvent",0,"0.11.235",-7.42834377288818,23.4200000762939,2.41586446762085,-0.977783143520355,0.209618866443634,0,"Find Toppo's Posters,Crash Diagnostics - Mountains,U3 - Crash Side Quest P3,U5 - Crash Diagnostics P7,Jasper's Discovery","49,poster1;49,poster6;46,jasper;40,Find the supplies crate;62,Find the Black Box;66,Complete the First Wing;66,Complete the Second Wing","U6_Dungeon","0.11.235","TaskProgressEvent",51,"scrap",3
"504","5d430be4e4194c2f5ffff47f",4,"Development","e0e8ba1d-a1a8-492c-a490-549b4a24c221","JG1 UX1",90,"2019-08-01 05:57:22","WindowsPlayer",NA,11,"TaskEvent",0,"0.11.235",-7.42834377288818,23.4200000762939,2.41586446762085,-0.977783143520355,0.209618866443634,0,"Find Toppo's Posters,Crash Diagnostics - Mountains,U3 - Crash Side Quest P3,U5 - Crash Diagnostics P7,Jasper's Discovery","49,poster1;49,poster6;46,jasper;40,Find the supplies crate;62,Find the Black Box;66,Complete the First Wing","U6_Dungeon","0.11.235","TaskCompleteEvent",51,"scrap",NA
"505","5d430c33e4194c2f5ffff56a",4,"Development","e0e8ba1d-a1a8-492c-a490-549b4a24c221","JG1 UX1",90,"2019-08-01 05:58:39","WindowsPlayer",NA,11,"TaskEvent",0,"0.11.235",66.1648483276367,15.7231540679932,3.48000001907349,0.427356123924255,-0.904083847999573,0,"Find Toppo's Posters,Crash Diagnostics - Mountains,U3 - Crash Side Quest P3,U5 - Crash Diagnostics P7,Jasper's Discovery","49,poster1;49,poster6;46,jasper;40,Find the supplies crate;62,Find the Black Box;66,Complete the Second Wing","U6_Dungeon","0.11.235","TaskActiveEvent",51,"hoverboard",NA
"506","5d430c33e4194c2f5ffff56e",4,"Development","e0e8ba1d-a1a8-492c-a490-549b4a24c221","JG1 UX1",90,"2019-08-01 05:58:39","WindowsPlayer",NA,11,"TaskEvent",0,"0.11.235",66.1648483276367,15.7231540679932,3.48000001907349,0.427356123924255,-0.904083847999573,0,"Find Toppo's Posters,Crash Diagnostics - Mountains,U3 - Crash Side Quest P3,U5 - Crash Diagnostics P7,Jasper's Discovery","49,poster1;49,poster6;46,jasper;40,Find the supplies crate;62,Find the Black Box;66,Complete the Second Wing","U6_Dungeon","0.11.235","TaskActiveEvent",51,"communications",NA
"507","5d430c34e4194c2f5ffff56f",4,"Development","e0e8ba1d-a1a8-492c-a490-549b4a24c221","JG1 UX1",90,"2019-08-01 05:58:39","WindowsPlayer",NA,11,"TaskEvent",0,"0.11.235",66.1648483276367,15.7231540679932,3.48000001907349,0.427356123924255,-0.904083847999573,0,"Find Toppo's Posters,Crash Diagnostics - Mountains,U3 - Crash Side Quest P3,U5 - Crash Diagnostics P7,Jasper's Discovery","49,poster1;49,poster6;46,jasper;40,Find the supplies crate;62,Find the Black Box;66,Complete the Second Wing;66,Complete the Third Wing","U6_Dungeon","0.11.235","TaskCompleteEvent",51,"hoverboard",NA
"508","5d430cbfe4194c2f5ffff88f",4,"Development","e0e8ba1d-a1a8-492c-a490-549b4a24c221","JG1 UX1",90,"2019-08-01 06:00:57","WindowsPlayer",NA,11,"TaskEvent",0,"0.11.235",51.6768074035645,-71.6771697998047,3.48000001907349,-0.507539451122284,-0.861628651618958,0,"Find Toppo's Posters,Crash Diagnostics - Mountains,U3 - Crash Side Quest P3,U5 - Crash Diagnostics P7,Jasper's Discovery","49,poster1;49,poster6;46,jasper;40,Find the supplies crate;62,Find the Black Box;66,Complete the Third Wing","U6_Dungeon","0.11.235","TaskProgressEvent",51,"hoverboard",1
"509","5d430cbfe4194c2f5ffff890",4,"Development","e0e8ba1d-a1a8-492c-a490-549b4a24c221","JG1 UX1",90,"2019-08-01 06:00:57","WindowsPlayer",NA,11,"TaskEvent",0,"0.11.235",51.6768074035645,-71.6771697998047,3.48000001907349,-0.507539451122284,-0.861628651618958,0,"Find Toppo's Posters,Crash Diagnostics - Mountains,U3 - Crash Side Quest P3,U5 - Crash Diagnostics P7,Jasper's Discovery","49,poster1;49,poster6;46,jasper;40,Find the supplies crate;62,Find the Black Box;66,Complete the Third Wing;66,Enter the Alien Teleporter","U6_Dungeon","0.11.235","TaskProgressEvent",49,"poster2",1
"510","5d430cc0e4194c2f5ffff894",4,"Development","e0e8ba1d-a1a8-492c-a490-549b4a24c221","JG1 UX1",90,"2019-08-01 06:00:57","WindowsPlayer",NA,11,"TaskEvent",0,"0.11.235",51.6768074035645,-71.6771697998047,3.48000001907349,-0.507539451122284,-0.861628651618958,0,"Find Toppo's Posters,Crash Diagnostics - Mountains,U3 - Crash Side Quest P3,U5 - Crash Diagnostics P7,Jasper's Discovery","49,poster1;49,poster6;46,jasper;40,Find the supplies crate;62,Find the Black Box;66,Complete the Third Wing","U6_Dungeon","0.11.235","TaskCompleteEvent",49,"poster2",NA
"511","5d430cece4194c2f5ffff9a1",4,"Development","e0e8ba1d-a1a8-492c-a490-549b4a24c221","JG1 UX1",90,"2019-08-01 06:01:41","WindowsPlayer",NA,11,"TaskEvent",0,"0.11.235",4.8187518119812,-8.13215637207031,5.20984315872192,0.994703233242035,0.102789461612701,0,"Find Toppo's Posters,Crash Diagnostics - Mountains,U3 - Crash Side Quest P3,U5 - Crash Diagnostics P7,Jasper's Discovery","49,poster1;49,poster6;46,jasper;40,Find the supplies crate;62,Find the Black Box;66,Enter the Alien Teleporter","U6_Dungeon,U6_Moon","0.11.235","TaskCompleteEvent",51,"communications",NA
"512","5d430cece4194c2f5ffff9a2",4,"Development","e0e8ba1d-a1a8-492c-a490-549b4a24c221","JG1 UX1",90,"2019-08-01 06:01:41","WindowsPlayer",NA,11,"TaskEvent",0,"0.11.235",4.8187518119812,-8.13215637207031,5.20984315872192,0.994703233242035,0.102789461612701,0,"Find Toppo's Posters,Crash Diagnostics - Mountains,U3 - Crash Side Quest P3,U5 - Crash Diagnostics P7,Jasper's Discovery,Into the Unknown!","49,poster1;49,poster6;46,jasper;40,Find the supplies crate;62,Find the Black Box","U6_Dungeon,U6_Moon","0.11.235","TaskActiveEvent",20,"Find the team",NA
"513","5d430cece4194c2f5ffff9a9",4,"Development","e0e8ba1d-a1a8-492c-a490-549b4a24c221","JG1 UX1",90,"2019-08-01 06:01:41","WindowsPlayer",NA,11,"TaskEvent",0,"0.11.235",4.8187518119812,-8.13215637207031,5.20984315872192,0.994703233242035,0.102789461612701,0,"Find Toppo's Posters,Crash Diagnostics - Mountains,U3 - Crash Side Quest P3,U5 - Crash Diagnostics P7,Into the Unknown!","49,poster1;49,poster6;46,jasper;40,Find the supplies crate;62,Find the Black Box;90,Enter the Alien Base","U6_Dungeon,U6_Moon","0.11.235","TaskProgressEvent",51,"communications",1
"514","5d430d05e4194c2f5ffffa43",4,"Development","e0e8ba1d-a1a8-492c-a490-549b4a24c221","JG1 UX1",90,"2019-08-01 06:02:12","WindowsPlayer",NA,11,"TaskEvent",0,"0.11.235",0.0816758722066879,133.497894287109,0.980000019073486,-0.171929091215134,0.985109329223633,0,"Find Toppo's Posters,Crash Diagnostics - Mountains,U3 - Crash Side Quest P3,U5 - Crash Diagnostics P7,Into the Unknown!","49,poster1;49,poster6;46,jasper;40,Find the supplies crate;62,Find the Black Box;90,Enter the Alien Base;90,Operate the Alien Console","U6_Moon,U6_Moon_Quest,U6_MoonBase","0.11.235","TaskProgressEvent",20,"Find the team",1
"515","5d430d05e4194c2f5ffffa49",4,"Development","e0e8ba1d-a1a8-492c-a490-549b4a24c221","JG1 UX1",90,"2019-08-01 06:02:12","WindowsPlayer",NA,11,"TaskEvent",0,"0.11.235",0.0816758722066879,133.497894287109,0.980000019073486,-0.171929091215134,0.985109329223633,0,"Find Toppo's Posters,Crash Diagnostics - Mountains,U3 - Crash Side Quest P3,U5 - Crash Diagnostics P7,Into the Unknown!","49,poster1;49,poster6;46,jasper;40,Find the supplies crate;62,Find the Black Box;90,Enter the Alien Base","U6_Moon,U6_Moon_Quest,U6_MoonBase","0.11.235","TaskCompleteEvent",20,"Find the team",NA
"516","5d430d06e4194c2f5ffffa4f",4,"Development","e0e8ba1d-a1a8-492c-a490-549b4a24c221","JG1 UX1",90,"2019-08-01 06:02:12","WindowsPlayer",NA,11,"TaskEvent",0,"0.11.235",0.0816758722066879,133.497894287109,0.980000019073486,-0.171929091215134,0.985109329223633,0,"Find Toppo's Posters,Crash Diagnostics - Mountains,U3 - Crash Side Quest P3,U5 - Crash Diagnostics P7,Into the Unknown!","49,poster1;49,poster6;46,jasper;40,Find the supplies crate;62,Find the Black Box;90,Enter the Alien Base","U6_Moon,U6_Moon_Quest,U6_MoonBase","0.11.235","TaskActiveEvent",20,"Talk with Dr. Topo",NA
"517","5d430d32e4194c2f5ffffb50",4,"Development","e0e8ba1d-a1a8-492c-a490-549b4a24c221","JG1 UX1",90,"2019-08-01 06:02:57","WindowsPlayer",NA,11,"TaskEvent",0,"0.11.235",0.0872583836317062,670.335571289062,-25.1720428466797,-0.0261769182980061,0.999657332897186,0,"Find Toppo's Posters,Crash Diagnostics - Mountains,U3 - Crash Side Quest P3,U5 - Crash Diagnostics P7,Into the Unknown!","49,poster1;49,poster6;46,jasper;40,Find the supplies crate;62,Find the Black Box;90,Operate the Alien Console","U6_Moon,U6_Moon_Quest,U6_MoonBase","0.11.235","TaskActiveEvent",22,"Talk to Anderson",NA
"518","5d430d32e4194c2f5ffffb51",4,"Development","e0e8ba1d-a1a8-492c-a490-549b4a24c221","JG1 UX1",90,"2019-08-01 06:02:57","WindowsPlayer",NA,11,"TaskEvent",0,"0.11.235",0.0872583836317062,670.335571289062,-25.1720428466797,-0.0261769182980061,0.999657332897186,0,"Find Toppo's Posters,Crash Diagnostics - Mountains,U3 - Crash Side Quest P3,U5 - Crash Diagnostics P7,Into the Unknown!,Save the Water!","49,poster1;49,poster6;46,jasper;40,Find the supplies crate;62,Find the Black Box","U6_Moon,U6_Moon_Quest,U6_MoonBase","0.11.235","TaskCompleteEvent",20,"Talk with Dr. Topo",NA
"519","5d430d32e4194c2f5ffffb52",4,"Development","e0e8ba1d-a1a8-492c-a490-549b4a24c221","JG1 UX1",90,"2019-08-01 06:02:57","WindowsPlayer",NA,11,"TaskEvent",0,"0.11.235",0.0872583836317062,670.335571289062,-25.1720428466797,-0.0261769182980061,0.999657332897186,0,"Find Toppo's Posters,Crash Diagnostics - Mountains,U3 - Crash Side Quest P3,U5 - Crash Diagnostics P7,Save the Water!","49,poster1;49,poster6;46,jasper;40,Find the supplies crate;62,Find the Black Box;67,Reverse the Water","U6_Moon,U6_Moon_Quest,U6_MoonBase","0.11.235","TaskProgressEvent",20,"Talk with Dr. Topo",1
"520","5d430d41e4194c2f5ffffb7e",4,"Development","e0e8ba1d-a1a8-492c-a490-549b4a24c221","JG1 UX1",90,"2019-08-01 06:03:10","WindowsPlayer",NA,11,"TaskEvent",0,"0.11.235",0.0872583836317062,670.335571289062,-25.1720428466797,-0.0261769182980061,0.999657332897186,0,"Find Toppo's Posters,Crash Diagnostics - Mountains,U3 - Crash Side Quest P3,U5 - Crash Diagnostics P7,Save the Water!","49,poster1;49,poster6;46,jasper;40,Find the supplies crate;62,Find the Black Box;67,Reverse the Water","U6_Moon,U6_Moon_Quest,U6_MoonBase","0.11.235","TaskActiveEvent",46,"jasper",NA
"521","5d430d41e4194c2f5ffffb7f",4,"Development","e0e8ba1d-a1a8-492c-a490-549b4a24c221","JG1 UX1",90,"2019-08-01 06:03:10","WindowsPlayer",NA,11,"TaskEvent",0,"0.11.235",0.0872583836317062,670.335571289062,-25.1720428466797,-0.0261769182980061,0.999657332897186,0,"Find Toppo's Posters,Crash Diagnostics - Mountains,U3 - Crash Side Quest P3,U5 - Crash Diagnostics P7,Save the Water!","49,poster1;49,poster6;46,jasper;40,Find the supplies crate;62,Find the Black Box;67,Reverse the Water;67,Open the 2nd Blast Door","U6_Moon,U6_Moon_Quest,U6_MoonBase","0.11.235","TaskActiveEvent",22,"Talk to Sam",NA
"522","5d430d41e4194c2f5ffffb81",4,"Development","e0e8ba1d-a1a8-492c-a490-549b4a24c221","JG1 UX1",90,"2019-08-01 06:03:10","WindowsPlayer",NA,11,"TaskEvent",0,"0.11.235",0.0872583836317062,670.335571289062,-25.1720428466797,-0.0261769182980061,0.999657332897186,0,"Find Toppo's Posters,Crash Diagnostics - Mountains,U3 - Crash Side Quest P3,U5 - Crash Diagnostics P7,Save the Water!","49,poster1;49,poster6;46,jasper;40,Find the supplies crate;62,Find the Black Box;67,Reverse the Water","U6_Moon,U6_Moon_Quest,U6_MoonBase","0.11.235","TaskProgressEvent",22,"Talk to Anderson",1
"523","5d430d5fe4194c2f5ffffbea",4,"Development","e0e8ba1d-a1a8-492c-a490-549b4a24c221","JG1 UX1",90,"2019-08-01 06:03:28","WindowsPlayer",NA,11,"TaskEvent",0,"0.11.235",0.0872583836317062,670.335571289062,-25.1720428466797,-0.0261769182980061,0.999657332897186,0,"Find Toppo's Posters,Crash Diagnostics - Mountains,U3 - Crash Side Quest P3,U5 - Crash Diagnostics P7,Save the Water!","49,poster1;49,poster6;46,jasper;40,Find the supplies crate;62,Find the Black Box;67,Open the 2nd Blast Door","U6_Moon,U6_Moon_Quest,U6_MoonBase","0.11.235","TaskCompleteEvent",22,"Talk to Anderson",NA
"524","5d430d5fe4194c2f5ffffbec",4,"Development","e0e8ba1d-a1a8-492c-a490-549b4a24c221","JG1 UX1",90,"2019-08-01 06:03:28","WindowsPlayer",NA,11,"TaskEvent",0,"0.11.235",0.0872583836317062,670.335571289062,-25.1720428466797,-0.0261769182980061,0.999657332897186,0,"Find Toppo's Posters,Crash Diagnostics - Mountains,U3 - Crash Side Quest P3,U5 - Crash Diagnostics P7,Save the Water!","49,poster1;49,poster6;46,jasper;40,Find the supplies crate;62,Find the Black Box;67,Open the 2nd Blast Door","U6_Moon,U6_Moon_Quest,U6_MoonBase","0.11.235","TaskCompleteEvent",22,"Talk to Sam",NA
"525","5d430d5fe4194c2f5ffffbed",4,"Development","e0e8ba1d-a1a8-492c-a490-549b4a24c221","JG1 UX1",90,"2019-08-01 06:03:28","WindowsPlayer",NA,11,"TaskEvent",0,"0.11.235",0.0872583836317062,670.335571289062,-25.1720428466797,-0.0261769182980061,0.999657332897186,0,"Find Toppo's Posters,Crash Diagnostics - Mountains,U3 - Crash Side Quest P3,U5 - Crash Diagnostics P7,Save the Water!","49,poster1;49,poster6;46,jasper;40,Find the supplies crate;62,Find the Black Box;67,Open the 2nd Blast Door;67,Open the 3rd Blast Door","U6_Moon,U6_Moon_Quest,U6_MoonBase","0.11.235","TaskProgressEvent",22,"Talk to Sam",1
"526","5d430d6ee4194c2f5ffffc34",4,"Development","e0e8ba1d-a1a8-492c-a490-549b4a24c221","JG1 UX1",90,"2019-08-01 06:03:56","WindowsPlayer",NA,11,"TaskEvent",0,"0.11.235",0.0872583836317062,670.335571289062,-25.1720428466797,-0.0261769182980061,0.999657332897186,0,"Find Toppo's Posters,Crash Diagnostics - Mountains,U3 - Crash Side Quest P3,U5 - Crash Diagnostics P7,Save the Water!","49,poster1;49,poster6;46,jasper;40,Find the supplies crate;62,Find the Black Box;67,Open the 3rd Blast Door","U6_Moon,U6_Moon_Quest,U6_MoonBase","0.11.235","TaskActiveEvent",22,"Talk to Bill",NA
"527","5d430d6ee4194c2f5ffffc3c",4,"Development","e0e8ba1d-a1a8-492c-a490-549b4a24c221","JG1 UX1",90,"2019-08-01 06:03:56","WindowsPlayer",NA,11,"TaskEvent",0,"0.11.235",0.0872583836317062,670.335571289062,-25.1720428466797,-0.0261769182980061,0.999657332897186,0,"Find Toppo's Posters,Crash Diagnostics - Mountains,U3 - Crash Side Quest P3,U5 - Crash Diagnostics P7,Save the Water!","49,poster1;49,poster6;46,jasper;40,Find the supplies crate;62,Find the Black Box;67,Open the 3rd Blast Door","U6_Moon,U6_Moon_Quest,U6_MoonBase","0.11.235","TaskProgressEvent",22,"Talk to Bill",1
"528","5d430d6fe4194c2f5ffffc3e",4,"Development","e0e8ba1d-a1a8-492c-a490-549b4a24c221","JG1 UX1",90,"2019-08-01 06:03:56","WindowsPlayer",NA,11,"TaskEvent",0,"0.11.235",0.0872583836317062,670.335571289062,-25.1720428466797,-0.0261769182980061,0.999657332897186,0,"Find Toppo's Posters,Crash Diagnostics - Mountains,U3 - Crash Side Quest P3,U5 - Crash Diagnostics P7,Save the Water!","49,poster1;49,poster6;46,jasper;40,Find the supplies crate;62,Find the Black Box;67,Open the 3rd Blast Door;67,Thaw the Ice","U6_Moon,U6_Moon_Quest,U6_MoonBase","0.11.235","TaskCompleteEvent",22,"Talk to Bill",NA
"529","5d430d7de4194c2f5ffffc75",4,"Development","e0e8ba1d-a1a8-492c-a490-549b4a24c221","JG1 UX1",90,"2019-08-01 06:04:08","WindowsPlayer",NA,11,"TaskEvent",0,"0.11.235",0.0872583836317062,670.335571289062,-25.1720428466797,-0.0261769182980061,0.999657332897186,0,"Find Toppo's Posters,Crash Diagnostics - Mountains,U3 - Crash Side Quest P3,U5 - Crash Diagnostics P7,Save the Water!","49,poster1;49,poster6;46,jasper;40,Find the supplies crate;62,Find the Black Box;67,Thaw the Ice","U6_Moon,U6_Moon_Quest,U6_MoonBase","0.11.235","TaskActiveEvent",22,"Sample the east waterfall",NA
"530","5d430d7de4194c2f5ffffc76",4,"Development","e0e8ba1d-a1a8-492c-a490-549b4a24c221","JG1 UX1",90,"2019-08-01 06:04:08","WindowsPlayer",NA,11,"TaskEvent",0,"0.11.235",0.0872583836317062,670.335571289062,-25.1720428466797,-0.0261769182980061,0.999657332897186,0,"Find Toppo's Posters,Crash Diagnostics - Mountains,U3 - Crash Side Quest P3,U5 - Crash Diagnostics P7,Save the Water!","49,poster1;49,poster6;46,jasper;40,Find the supplies crate;62,Find the Black Box;67,Thaw the Ice;67,Open the 4th Blast Door","U6_Moon,U6_Moon_Quest,U6_MoonBase","0.11.235","TaskActiveEvent",22,"Sample the west waterfall",NA
"531","5d430d7de4194c2f5ffffc79",4,"Development","e0e8ba1d-a1a8-492c-a490-549b4a24c221","JG1 UX1",90,"2019-08-01 06:04:08","WindowsPlayer",NA,11,"TaskEvent",0,"0.11.235",0.0872583836317062,670.335571289062,-25.1720428466797,-0.0261769182980061,0.999657332897186,0,"Find Toppo's Posters,Crash Diagnostics - Mountains,U3 - Crash Side Quest P3,U5 - Crash Diagnostics P7,Save the Water!","49,poster1;49,poster6;46,jasper;40,Find the supplies crate;62,Find the Black Box;67,Thaw the Ice","U6_Moon,U6_Moon_Quest,U6_MoonBase","0.11.235","TaskCompleteEvent",22,"Sample the east waterfall",NA
"532","5d430d97e4194c2f5ffffcfa",4,"Development","e0e8ba1d-a1a8-492c-a490-549b4a24c221","JG1 UX1",90,"2019-08-01 06:04:29","WindowsPlayer",NA,11,"TaskEvent",0,"0.11.235",0.0872583836317062,670.335571289062,-25.1720428466797,-0.0261769182980061,0.999657332897186,0,"Find Toppo's Posters,Crash Diagnostics - Mountains,U3 - Crash Side Quest P3,U5 - Crash Diagnostics P7,Save the Water!","49,poster1;49,poster6;46,jasper;40,Find the supplies crate;62,Find the Black Box;67,Open the 4th Blast Door;67,Close the 4th Blast Door","U6_Moon,U6_Moon_Quest,U6_MoonBase","0.11.235","TaskProgressEvent",22,"Sample the east waterfall",1
"533","5d430d97e4194c2f5ffffcfd",4,"Development","e0e8ba1d-a1a8-492c-a490-549b4a24c221","JG1 UX1",90,"2019-08-01 06:04:29","WindowsPlayer",NA,11,"TaskEvent",0,"0.11.235",0.0872583836317062,670.335571289062,-25.1720428466797,-0.0261769182980061,0.999657332897186,0,"Find Toppo's Posters,Crash Diagnostics - Mountains,U3 - Crash Side Quest P3,U5 - Crash Diagnostics P7,Save the Water!","49,poster1;49,poster6;46,jasper;40,Find the supplies crate;62,Find the Black Box;67,Open the 4th Blast Door","U6_Moon,U6_Moon_Quest,U6_MoonBase","0.11.235","TaskActiveEvent",84,"Spawn a Component",NA
"534","5d430d97e4194c2f5ffffd00",4,"Development","e0e8ba1d-a1a8-492c-a490-549b4a24c221","JG1 UX1",90,"2019-08-01 06:04:29","WindowsPlayer",NA,11,"TaskEvent",0,"0.11.235",0.0872583836317062,670.335571289062,-25.1720428466797,-0.0261769182980061,0.999657332897186,0,"Find Toppo's Posters,Crash Diagnostics - Mountains,U3 - Crash Side Quest P3,U5 - Crash Diagnostics P7,Save the Water!","49,poster1;49,poster6;46,jasper;40,Find the supplies crate;62,Find the Black Box;67,Open the 4th Blast Door","U6_Moon,U6_Moon_Quest,U6_MoonBase","0.11.235","TaskProgressEvent",84,"Spawn a Component",1
"535","5d430d9be4194c2f5ffffd1d",4,"Development","e0e8ba1d-a1a8-492c-a490-549b4a24c221","JG1 UX1",90,"2019-08-01 06:04:38","WindowsPlayer",NA,11,"TaskEvent",0,"0.11.235",0.0872583836317062,670.335571289062,-25.1720428466797,-0.0261769182980061,0.999657332897186,0,"Find Toppo's Posters,Crash Diagnostics - Mountains,U3 - Crash Side Quest P3,U5 - Crash Diagnostics P7,Save the Water!","49,poster1;49,poster6;46,jasper;40,Find the supplies crate;62,Find the Black Box;67,Close the 4th Blast Door","U6_Moon,U6_Moon_Quest,U6_MoonBase","0.11.235","TaskActiveEvent",84,"Identify a Component",NA
"536","5d430d9be4194c2f5ffffd1e",4,"Development","e0e8ba1d-a1a8-492c-a490-549b4a24c221","JG1 UX1",90,"2019-08-01 06:04:38","WindowsPlayer",NA,11,"TaskEvent",0,"0.11.235",0.0872583836317062,670.335571289062,-25.1720428466797,-0.0261769182980061,0.999657332897186,0,"Find Toppo's Posters,Crash Diagnostics - Mountains,U3 - Crash Side Quest P3,U5 - Crash Diagnostics P7,Save the Water!","49,poster1;49,poster6;46,jasper;40,Find the supplies crate;62,Find the Black Box;67,Close the 4th Blast Door","U6_Moon,U6_Moon_Quest,U6_MoonBase","0.11.235","TaskCompleteEvent",84,"Spawn a Component",NA
"537","5d430d9ce4194c2f5ffffd1f",4,"Development","e0e8ba1d-a1a8-492c-a490-549b4a24c221","JG1 UX1",90,"2019-08-01 06:04:38","WindowsPlayer",NA,11,"TaskEvent",0,"0.11.235",0.0872583836317062,670.335571289062,-25.1720428466797,-0.0261769182980061,0.999657332897186,0,"Find Toppo's Posters,Crash Diagnostics - Mountains,U3 - Crash Side Quest P3,U5 - Crash Diagnostics P7,Save the Water!","49,poster1;49,poster6;46,jasper;40,Find the supplies crate;62,Find the Black Box;67,Close the 4th Blast Door;67,Condense the Water","U6_Moon,U6_Moon_Quest,U6_MoonBase","0.11.235","TaskProgressEvent",84,"Identify a Component",1
"538","5d430d9ce4194c2f5ffffd20",4,"Development","e0e8ba1d-a1a8-492c-a490-549b4a24c221","JG1 UX1",90,"2019-08-01 06:04:38","WindowsPlayer",NA,11,"TaskEvent",0,"0.11.235",0.0872583836317062,670.335571289062,-25.1720428466797,-0.0261769182980061,0.999657332897186,0,"Find Toppo's Posters,Crash Diagnostics - Mountains,U3 - Crash Side Quest P3,U5 - Crash Diagnostics P7,Save the Water!","49,poster1;49,poster6;46,jasper;40,Find the supplies crate;62,Find the Black Box;67,Condense the Water","U6_Moon,U6_Moon_Quest,U6_MoonBase","0.11.235","TaskActiveEvent",84,"And all the rest",NA
"539","5d430d9ce4194c2f5ffffd21",4,"Development","e0e8ba1d-a1a8-492c-a490-549b4a24c221","JG1 UX1",90,"2019-08-01 06:04:38","WindowsPlayer",NA,11,"TaskEvent",0,"0.11.235",0.0872583836317062,670.335571289062,-25.1720428466797,-0.0261769182980061,0.999657332897186,0,"Find Toppo's Posters,Crash Diagnostics - Mountains,U3 - Crash Side Quest P3,U5 - Crash Diagnostics P7,Save the Water!","49,poster1;49,poster6;46,jasper;40,Find the supplies crate;62,Find the Black Box;67,Condense the Water","U6_Moon,U6_Moon_Quest,U6_MoonBase","0.11.235","TaskCompleteEvent",84,"Identify a Component",NA
"540","5d430d9ce4194c2f5ffffd23",4,"Development","e0e8ba1d-a1a8-492c-a490-549b4a24c221","JG1 UX1",90,"2019-08-01 06:04:38","WindowsPlayer",NA,11,"TaskEvent",0,"0.11.235",0.0872583836317062,670.335571289062,-25.1720428466797,-0.0261769182980061,0.999657332897186,0,"Find Toppo's Posters,Crash Diagnostics - Mountains,U3 - Crash Side Quest P3,U5 - Crash Diagnostics P7,Save the Water!,Escape the Moon","49,poster1;49,poster6;46,jasper;40,Find the supplies crate;62,Find the Black Box","U6_Moon,U6_Moon_Quest,U6_MoonBase","0.11.235","TaskProgressEvent",84,"And all the rest",1
"541","5d430d9ce4194c2f5ffffd26",4,"Development","e0e8ba1d-a1a8-492c-a490-549b4a24c221","JG1 UX1",90,"2019-08-01 06:04:38","WindowsPlayer",NA,11,"TaskEvent",0,"0.11.235",0.0872583836317062,670.335571289062,-25.1720428466797,-0.0261769182980061,0.999657332897186,0,"Find Toppo's Posters,Crash Diagnostics - Mountains,U3 - Crash Side Quest P3,U5 - Crash Diagnostics P7,Save the Water!","49,poster1;49,poster6;46,jasper;40,Find the supplies crate;62,Find the Black Box;67,Condense the Water;67,Re-open the 4th Blast Door","U6_Moon,U6_Moon_Quest,U6_MoonBase","0.11.235","TaskActiveEvent",84,"Finish fixing ARF",NA
"542","5d430d9ce4194c2f5ffffd2c",4,"Development","e0e8ba1d-a1a8-492c-a490-549b4a24c221","JG1 UX1",90,"2019-08-01 06:04:38","WindowsPlayer",NA,11,"TaskEvent",0,"0.11.235",0.0872583836317062,670.335571289062,-25.1720428466797,-0.0261769182980061,0.999657332897186,0,"Find Toppo's Posters,Crash Diagnostics - Mountains,U3 - Crash Side Quest P3,U5 - Crash Diagnostics P7,Save the Water!","49,poster1;49,poster6;46,jasper;40,Find the supplies crate;62,Find the Black Box;67,Re-open the 4th Blast Door","U6_Moon,U6_Moon_Quest,U6_MoonBase","0.11.235","TaskCompleteEvent",84,"And all the rest",NA
"543","5d430d9ce4194c2f5ffffd2d",4,"Development","e0e8ba1d-a1a8-492c-a490-549b4a24c221","JG1 UX1",90,"2019-08-01 06:04:38","WindowsPlayer",NA,11,"TaskEvent",0,"0.11.235",0.0872583836317062,670.335571289062,-25.1720428466797,-0.0261769182980061,0.999657332897186,0,"Find Toppo's Posters,Crash Diagnostics - Mountains,U3 - Crash Side Quest P3,U5 - Crash Diagnostics P7,Escape the Moon","49,poster1;49,poster6;46,jasper;40,Find the supplies crate;62,Find the Black Box;68,Return to the Teleporter","U6_Moon,U6_Moon_Quest,U6_MoonBase","0.11.235","TaskCompleteEvent",84,"Finish fixing ARF",NA
"544","5d430de7e4194c2f5ffffe9f",4,"Development","e0e8ba1d-a1a8-492c-a490-549b4a24c221","JG1 UX1",90,"2019-08-01 06:05:34","WindowsPlayer",NA,11,"TaskEvent",0,"0.11.235",-0.0366145521402359,-0.139332592487335,2.70984315872192,0.0645322501659393,-0.997915863990784,0,"Find Toppo's Posters,Crash Diagnostics - Mountains,U3 - Crash Side Quest P3,U5 - Crash Diagnostics P7,Escape the Moon","49,poster1;49,poster6;46,jasper;40,Find the supplies crate;62,Find the Black Box;68,Return to the Teleporter","U6_Moon,U6_Moon_Quest,U6_MoonBase","0.11.235","TaskProgressEvent",84,"Finish fixing ARF",1
"545","5d430de7e4194c2f5ffffea7",4,"Development","e0e8ba1d-a1a8-492c-a490-549b4a24c221","JG1 UX1",90,"2019-08-01 06:05:34","WindowsPlayer",NA,11,"TaskEvent",0,"0.11.235",-0.0366145521402359,-0.139332592487335,2.70984315872192,0.0645322501659393,-0.997915863990784,0,"Find Toppo's Posters,Crash Diagnostics - Mountains,U3 - Crash Side Quest P3,U5 - Crash Diagnostics P7,Escape the Moon","49,poster1;49,poster6;46,jasper;40,Find the supplies crate;62,Find the Black Box;68,Return to the Teleporter;68,Talk with Toppo","U6_Moon,U6_Moon_Quest,U6_MoonBase","0.11.235","TaskCompleteEvent",22,"Sample the west waterfall",NA
"546","5d430de7e4194c2f5ffffeab",4,"Development","e0e8ba1d-a1a8-492c-a490-549b4a24c221","JG1 UX1",90,"2019-08-01 06:05:34","WindowsPlayer",NA,11,"TaskEvent",0,"0.11.235",-0.0366145521402359,-0.139332592487335,2.70984315872192,0.0645322501659393,-0.997915863990784,0,"Find Toppo's Posters,Crash Diagnostics - Mountains,U3 - Crash Side Quest P3,U5 - Crash Diagnostics P7,Escape the Moon","49,poster1;49,poster6;46,jasper;40,Find the supplies crate;62,Find the Black Box;68,Return to the Teleporter","U6_Moon,U6_Moon_Quest,U6_MoonBase","0.11.235","TaskActiveEvent",28,"Talk to Holo-Toppo",NA
"547","5d430e2be4194c2f5f00000a",4,"Development","e0e8ba1d-a1a8-492c-a490-549b4a24c221","JG1 UX1",90,"2019-08-01 06:06:55","WindowsPlayer",NA,11,"TaskEvent",0,"0.11.235",-69.9785919189453,-102.939407348633,58.9669380187988,0.874619722366333,0.484809577465057,0,"Find Toppo's Posters,Crash Diagnostics - Mountains,U3 - Crash Side Quest P3,U5 - Crash Diagnostics P7,Escape the Moon","49,poster1;49,poster6;46,jasper;40,Find the supplies crate;62,Find the Black Box;68,Talk with Toppo","Player_Base","0.11.235","TaskProgressEvent",22,"Sample the west waterfall",1
"548","5d430e2be4194c2f5f00000e",4,"Development","e0e8ba1d-a1a8-492c-a490-549b4a24c221","JG1 UX1",90,"2019-08-01 06:06:55","WindowsPlayer",NA,11,"TaskEvent",0,"0.11.235",-69.9785919189453,-102.939407348633,58.9669380187988,0.874619722366333,0.484809577465057,0,"Find Toppo's Posters,Crash Diagnostics - Mountains,U3 - Crash Side Quest P3,U5 - Crash Diagnostics P7","49,poster1;49,poster6;46,jasper;40,Find the supplies crate;62,Find the Black Box","Player_Base","0.11.235","TaskActiveEvent",28,"Argue which watershed is bigger",NA
"549","5c536e52e4194c47a14dee11",4,"Development","e0e8ba1d-a1a8-492c-a490-549b4a24c221","JG2 UX2",91,"2019-01-31 09:53:12","WindowsPlayer",NA,11,"TaskEvent",0,"0.11.141",66.7399978637695,-2.96000003814697,0.792359113693237,-1,5.96046447753906e-08,0,"U1 - Welcome to WAT247",NA,"U1,U1_Quest","0.11.141","TaskCompleteEvent",28,"Talk to Holo-Toppo",NA
"550","5c536e93e4194c47a14deeb8",4,"Development","e0e8ba1d-a1a8-492c-a490-549b4a24c221","JG2 UX2",91,"2019-01-31 09:54:22","WindowsPlayer",NA,11,"TaskEvent",0,"0.11.141",66.7399978637695,-2.96000003814697,0.792359113693237,0.986855745315552,-0.161604046821594,0,"U1 - Welcome to WAT247","74,wakeup","U1,U1_Quest","0.11.141","TaskProgressEvent",28,"Talk to Holo-Toppo",1
"551","5c536e93e4194c47a14deeb9",4,"Development","e0e8ba1d-a1a8-492c-a490-549b4a24c221","JG2 UX2",91,"2019-01-31 09:54:22","WindowsPlayer",NA,11,"TaskEvent",0,"0.11.141",66.7399978637695,-2.96000003814697,0.792359113693237,0.986855745315552,-0.161604046821594,0,"U1 - Welcome to WAT247","74,wakeup","U1,U1_Quest","0.11.141","TaskCompleteEvent",28,"Argue which watershed is bigger",NA
"552","5c536e93e4194c47a14deeba",4,"Development","e0e8ba1d-a1a8-492c-a490-549b4a24c221","JG2 UX2",91,"2019-01-31 09:54:22","WindowsPlayer",NA,11,"TaskEvent",0,"0.11.141",66.7399978637695,-2.96000003814697,0.792359113693237,0.986855745315552,-0.161604046821594,0,"U1 - Welcome to WAT247","74,wakeup;74,arfRoom","U1,U1_Quest","0.11.141","TaskActiveEvent",58,"Speak with Toppo",NA
"553","5c536ec5e4194c47a14def45",4,"Development","e0e8ba1d-a1a8-492c-a490-549b4a24c221","JG2 UX2",91,"2019-01-31 09:55:14","WindowsPlayer",NA,11,"TaskEvent",0,"0.11.141",-0.158068343997002,-54.3298072814941,0.984734356403351,0.166768103837967,-0.985996007919312,0,"U1 - Welcome to WAT247","74,arfRoom","U1,U1_Quest","0.11.141","TaskProgressEvent",28,"Argue which watershed is bigger",1
"554","5c536ec5e4194c47a14def47",4,"Development","e0e8ba1d-a1a8-492c-a490-549b4a24c221","JG2 UX2",91,"2019-01-31 09:55:14","WindowsPlayer",NA,11,"TaskEvent",0,"0.11.141",-0.158068343997002,-54.3298072814941,0.984734356403351,0.166768103837967,-0.985996007919312,0,"U1 - Welcome to WAT247,U1 - An Amazing AI",NA,"U1,U1_Quest","0.11.141","TaskCompleteEvent",58,"Speak with Toppo",NA
"555","5c536ec5e4194c47a14def49",4,"Development","e0e8ba1d-a1a8-492c-a490-549b4a24c221","JG2 UX2",91,"2019-01-31 09:55:14","WindowsPlayer",NA,11,"TaskEvent",0,"0.11.141",-0.158068343997002,-54.3298072814941,0.984734356403351,0.166768103837967,-0.985996007919312,0,"U1 - An Amazing AI","77,collectARF","U1,U1_Quest","0.11.141","TaskProgressEvent",58,"Speak with Toppo",1
"556","5c536f2ae4194c47a14df046",4,"Development","e0e8ba1d-a1a8-492c-a490-549b4a24c221","JG2 UX2",91,"2019-01-31 09:56:52","WindowsPlayer",NA,11,"TaskEvent",0,"0.11.141",-0.391067862510681,-59.0246543884277,0.777678310871124,0.185665979981422,-0.98261284828186,0,"U1 - An Amazing AI","77,collectARF","U1,U1_Quest","0.11.141","TaskActiveEvent",58,"Jasper's Proposal",NA
"557","5c536f2ae4194c47a14df047",4,"Development","e0e8ba1d-a1a8-492c-a490-549b4a24c221","JG2 UX2",91,"2019-01-31 09:56:52","WindowsPlayer",NA,11,"TaskEvent",0,"0.11.141",-0.391067862510681,-59.0246543884277,0.777678310871124,0.185665979981422,-0.98261284828186,0,"U1 - An Amazing AI","77,collectARF","U1,U1_Quest","0.11.141","TaskCompleteEvent",58,"Jasper's Proposal",NA
"558","5c536f2ae4194c47a14df048",4,"Development","e0e8ba1d-a1a8-492c-a490-549b4a24c221","JG2 UX2",91,"2019-01-31 09:56:52","WindowsPlayer",NA,11,"TaskEvent",0,"0.11.141",-0.391067862510681,-59.0246543884277,0.777678310871124,0.185665979981422,-0.98261284828186,0,"U1 - An Amazing AI","77,collectARF;77,checkPoster","U1,U1_Quest","0.11.141","TaskProgressEvent",58,"Jasper's Proposal",1
"559","5c536f70e4194c47a14df0f0",4,"Development","e0e8ba1d-a1a8-492c-a490-549b4a24c221","JG2 UX2",91,"2019-01-31 09:58:07","WindowsPlayer",NA,11,"TaskEvent",0,"0.11.141",-3.80343413352966,-61.6202774047852,0.777678310871124,-0.843391537666321,-0.537299394607544,0,"U1 - An Amazing AI","77,checkPoster","U1,U1_Quest","0.11.141","TaskActiveEvent",58,"Head to bed",NA
"560","5c536f70e4194c47a14df0f1",4,"Development","e0e8ba1d-a1a8-492c-a490-549b4a24c221","JG2 UX2",91,"2019-01-31 09:58:07","WindowsPlayer",NA,11,"TaskEvent",0,"0.11.141",-3.80343413352966,-61.6202774047852,0.777678310871124,-0.843391537666321,-0.537299394607544,0,"U1 - An Amazing AI","77,checkPoster","U1,U1_Quest","0.11.141","TaskCompleteEvent",58,"Head to bed",NA
"561","5c536f70e4194c47a14df0f2",4,"Development","e0e8ba1d-a1a8-492c-a490-549b4a24c221","JG2 UX2",91,"2019-01-31 09:58:07","WindowsPlayer",NA,11,"TaskEvent",0,"0.11.141",-3.80343413352966,-61.6202774047852,0.777678310871124,-0.843391537666321,-0.537299394607544,0,"U1 - An Amazing AI","77,checkPoster;77,trialArg","U1,U1_Quest","0.11.141","TaskProgressEvent",58,"Head to bed",1
"562","5c536fb6e4194c47a14df1b5",4,"Development","e0e8ba1d-a1a8-492c-a490-549b4a24c221","JG2 UX2",91,"2019-01-31 09:59:14","WindowsPlayer",NA,11,"TaskEvent",0,"0.11.141",-3.80343413352966,-61.6202774047852,0.777678310871124,-0.843391537666321,-0.537299394607544,0,"U1 - An Amazing AI","77,trialArg","U1,U1_Quest","0.11.141","TaskActiveEvent",57,"Meet up with Sam",NA
"563","5c536fb6e4194c47a14df1b7",4,"Development","e0e8ba1d-a1a8-492c-a490-549b4a24c221","JG2 UX2",91,"2019-01-31 09:59:14","WindowsPlayer",NA,11,"TaskEvent",0,"0.11.141",-3.80343413352966,-61.6202774047852,0.777678310871124,-0.843391537666321,-0.537299394607544,0,"U1 - An Amazing AI,U1 - Time to Argue!",NA,"U1,U1_Quest","0.11.141","TaskActiveEvent",74,"wakeup",NA
"564","5c536fb6e4194c47a14df1b9",4,"Development","e0e8ba1d-a1a8-492c-a490-549b4a24c221","JG2 UX2",91,"2019-01-31 09:59:14","WindowsPlayer",NA,11,"TaskEvent",0,"0.11.141",-3.80343413352966,-61.6202774047852,0.777678310871124,-0.843391537666321,-0.537299394607544,0,"U1 - Time to Argue!","78,toppoTalk","U1,U1_Quest","0.11.141","TaskActiveEvent",74,"arfRoom",NA
"565","5c53701fe4194c47a14df2fe",4,"Development","e0e8ba1d-a1a8-492c-a490-549b4a24c221","JG2 UX2",91,"2019-01-31 10:01:03","WindowsPlayer",NA,11,"TaskEvent",0,"0.11.141",-66.1429977416992,1.35662627220154,0.792359113693237,-0.848048448562622,-0.529918432235718,0,"U1 - Time to Argue!","78,toppoTalk","U1,U1_Quest","0.11.141","TaskProgressEvent",74,"wakeup",1
"566","5c53701fe4194c47a14df2ff",4,"Development","e0e8ba1d-a1a8-492c-a490-549b4a24c221","JG2 UX2",91,"2019-01-31 10:01:03","WindowsPlayer",NA,11,"TaskEvent",0,"0.11.141",-66.1429977416992,1.35662627220154,0.792359113693237,-0.848048448562622,-0.529918432235718,0,"U1 - Time to Argue!","78,toppoTalk","U1,U1_Quest","0.11.141","TaskCompleteEvent",74,"wakeup",NA
"567","5c53701fe4194c47a14df300",4,"Development","e0e8ba1d-a1a8-492c-a490-549b4a24c221","JG2 UX2",91,"2019-01-31 10:01:03","WindowsPlayer",NA,11,"TaskEvent",0,"0.11.141",-66.1429977416992,1.35662627220154,0.792359113693237,-0.848048448562622,-0.529918432235718,0,"U1 - Time to Argue!","78,toppoTalk;78,completeArg","U1,U1_Quest","0.11.141","TaskCompleteEvent",74,"arfRoom",NA
"568","5c537097e4194c47a14df41e",4,"Development","e0e8ba1d-a1a8-492c-a490-549b4a24c221","JG2 UX2",91,"2019-01-31 10:03:00","WindowsPlayer",NA,11,"TaskEvent",0,"0.11.141",-66.1429977416992,1.35662627220154,0.792359113693237,-0.756995439529419,-0.653420209884644,0,"U1 - Time to Argue!","78,completeArg","U1,U1_Quest","0.11.141","TaskActiveEvent",77,"collectARF",NA
"569","5c537097e4194c47a14df420",4,"Development","e0e8ba1d-a1a8-492c-a490-549b4a24c221","JG2 UX2",91,"2019-01-31 10:03:00","WindowsPlayer",NA,11,"TaskEvent",0,"0.11.141",-66.1429977416992,1.35662627220154,0.792359113693237,-0.756995439529419,-0.653420209884644,0,"U1 - Time to Argue!,U1 - Meet up with Jasper",NA,"U1,U1_Quest","0.11.141","TaskProgressEvent",74,"arfRoom",1
"570","5c537097e4194c47a14df422",4,"Development","e0e8ba1d-a1a8-492c-a490-549b4a24c221","JG2 UX2",91,"2019-01-31 10:03:00","WindowsPlayer",NA,11,"TaskEvent",0,"0.11.141",-66.1429977416992,1.35662627220154,0.792359113693237,-0.756995439529419,-0.653420209884644,0,"U1 - Meet up with Jasper","79,meetJasper","U1,U1_Quest","0.11.141","TaskProgressEvent",77,"collectARF",1
"571","5c537128e4194c47a14df572",4,"Development","e0e8ba1d-a1a8-492c-a490-549b4a24c221","JG2 UX2",91,"2019-01-31 10:05:25","WindowsPlayer",NA,11,"TaskEvent",0,"0.11.141",22.5667877197266,1.47103428840637,0.787625193595886,0.999961972236633,0.00872623920440674,0,"U1 - Meet up with Jasper","79,meetJasper","U1,U1_Quest","0.11.141","TaskActiveEvent",77,"checkPoster",NA
"572","5c537128e4194c47a14df573",4,"Development","e0e8ba1d-a1a8-492c-a490-549b4a24c221","JG2 UX2",91,"2019-01-31 10:05:25","WindowsPlayer",NA,11,"TaskEvent",0,"0.11.141",22.5667877197266,1.47103428840637,0.787625193595886,0.999961972236633,0.00872623920440674,0,"U1 - Meet up with Jasper","79,meetJasper","U1,U1_Quest","0.11.141","TaskCompleteEvent",77,"collectARF",NA
"573","5c537128e4194c47a14df574",4,"Development","e0e8ba1d-a1a8-492c-a490-549b4a24c221","JG2 UX2",91,"2019-01-31 10:05:25","WindowsPlayer",NA,11,"TaskEvent",0,"0.11.141",22.5667877197266,1.47103428840637,0.787625193595886,0.999961972236633,0.00872623920440674,0,"U1 - Meet up with Jasper","79,meetJasper;79,followJasper","U1,U1_Quest","0.11.141","TaskProgressEvent",77,"checkPoster",1
"574","5c537132e4194c47a14df580",4,"Development","e0e8ba1d-a1a8-492c-a490-549b4a24c221","JG2 UX2",91,"2019-01-31 10:05:35","WindowsPlayer",NA,11,"TaskEvent",0,"0.11.141",35.8363265991211,24.0608348846436,0.979737639427185,-0.500000178813934,0.866025328636169,0,"U1 - Meet up with Jasper","79,followJasper","U1,U1_Quest","0.11.141","TaskActiveEvent",77,"trialArg",NA
"575","5c537132e4194c47a14df581",4,"Development","e0e8ba1d-a1a8-492c-a490-549b4a24c221","JG2 UX2",91,"2019-01-31 10:05:35","WindowsPlayer",NA,11,"TaskEvent",0,"0.11.141",35.8363265991211,24.0608348846436,0.979737639427185,-0.500000178813934,0.866025328636169,0,"U1 - Meet up with Jasper","79,followJasper","U1,U1_Quest","0.11.141","TaskCompleteEvent",77,"checkPoster",NA
"576","5c537132e4194c47a14df582",4,"Development","e0e8ba1d-a1a8-492c-a490-549b4a24c221","JG2 UX2",91,"2019-01-31 10:05:35","WindowsPlayer",NA,11,"TaskEvent",0,"0.11.141",35.8363265991211,24.0608348846436,0.979737639427185,-0.500000178813934,0.866025328636169,0,"U1 - Meet up with Jasper","79,followJasper;79,jumpDebris","U1,U1_Quest","0.11.141","TaskCompleteEvent",77,"trialArg",NA
"577","5c53714be4194c47a14df5b9",4,"Development","e0e8ba1d-a1a8-492c-a490-549b4a24c221","JG2 UX2",91,"2019-01-31 10:05:53","WindowsPlayer",NA,11,"TaskEvent",0,"0.11.141",30.3063678741455,30.110767364502,1.80156016349792,-0.679441332817078,0.733729839324951,0,"U1 - Meet up with Jasper","79,jumpDebris","U1,U1_Quest","0.11.141","TaskActiveEvent",78,"toppoTalk",NA
"578","5c53714be4194c47a14df5ba",4,"Development","e0e8ba1d-a1a8-492c-a490-549b4a24c221","JG2 UX2",91,"2019-01-31 10:05:53","WindowsPlayer",NA,11,"TaskEvent",0,"0.11.141",30.3063678741455,30.110767364502,1.80156016349792,-0.679441332817078,0.733729839324951,0,"U1 - Meet up with Jasper","79,jumpDebris","U1,U1_Quest","0.11.141","TaskProgressEvent",77,"trialArg",1
"579","5c53714be4194c47a14df5bb",4,"Development","e0e8ba1d-a1a8-492c-a490-549b4a24c221","JG2 UX2",91,"2019-01-31 10:05:53","WindowsPlayer",NA,11,"TaskEvent",0,"0.11.141",30.3063678741455,30.110767364502,1.80156016349792,-0.679441332817078,0.733729839324951,0,"U1 - Meet up with Jasper","79,jumpDebris;79,escapePods","U1,U1_Quest","0.11.141","TaskActiveEvent",78,"completeArg",NA
"580","5c53714be4194c47a14df5c5",4,"Development","e0e8ba1d-a1a8-492c-a490-549b4a24c221","JG2 UX2",91,"2019-01-31 10:06:01","WindowsPlayer",NA,11,"TaskEvent",0,"0.11.141",0.161514133214951,55.6337585449219,0.980474591255188,-0.12360192835331,0.992331862449646,0,"U1 - Meet up with Jasper","79,escapePods","U1,U1_Quest","0.11.141","TaskCompleteEvent",78,"toppoTalk",NA
"581","5c53714be4194c47a14df5c6",4,"Development","e0e8ba1d-a1a8-492c-a490-549b4a24c221","JG2 UX2",91,"2019-01-31 10:06:01","WindowsPlayer",NA,11,"TaskEvent",0,"0.11.141",0.161514133214951,55.6337585449219,0.980474591255188,-0.12360192835331,0.992331862449646,0,"U1 - Meet up with Jasper","79,escapePods","U1,U1_Quest","0.11.141","TaskProgressEvent",78,"toppoTalk",1
"582","5c53714be4194c47a14df5c7",4,"Development","e0e8ba1d-a1a8-492c-a490-549b4a24c221","JG2 UX2",91,"2019-01-31 10:06:01","WindowsPlayer",NA,11,"TaskEvent",0,"0.11.141",0.161514133214951,55.6337585449219,0.980474591255188,-0.12360192835331,0.992331862449646,0,"U1 - Meet up with Jasper","79,escapePods;79,enterPod","U1,U1_Quest","0.11.141","TaskCompleteEvent",78,"completeArg",NA
"583","5c53715fe4194c47a14df5ff",4,"Development","e0e8ba1d-a1a8-492c-a490-549b4a24c221","JG2 UX2",91,"2019-01-31 10:06:21","WindowsPlayer",NA,11,"TaskEvent",0,"0.11.141",-0.699958264827728,70.7208251953125,0.980000019073486,0.0714969709515572,0.997440814971924,0,"U1 - Meet up with Jasper","79,enterPod","U1,U1_Quest","0.11.141","TaskActiveEvent",79,"meetJasper",NA
"584","5c53715fe4194c47a14df601",4,"Development","e0e8ba1d-a1a8-492c-a490-549b4a24c221","JG2 UX2",91,"2019-01-31 10:06:21","WindowsPlayer",NA,11,"TaskEvent",0,"0.11.141",-0.699958264827728,70.7208251953125,0.980000019073486,0.0714969709515572,0.997440814971924,0,"",NA,"U1,U1_Quest","0.11.141","TaskProgressEvent",78,"completeArg",1
"585","5c537184e4194c47a14df644",4,"Development","e0e8ba1d-a1a8-492c-a490-549b4a24c221","JG2 UX2",91,"2019-01-31 10:06:53","WindowsPlayer",NA,11,"TaskEvent",0,"0.11.141",675.669982910156,1129.66003417969,98.5059509277344,-0.163875415921211,-0.986481189727783,0,"Find Toppo's Posters",NA,"U2,U2_Collectibles,U2_Quests","0.11.141","TaskCompleteEvent",79,"meetJasper",NA
"586","5c537185e4194c47a14df645",4,"Development","e0e8ba1d-a1a8-492c-a490-549b4a24c221","JG2 UX2",91,"2019-01-31 10:06:53","WindowsPlayer",NA,11,"TaskEvent",0,"0.11.141",675.669982910156,1129.66003417969,98.5059509277344,-0.163875415921211,-0.986481189727783,0,"Find Toppo's Posters","49,poster1","U2,U2_Collectibles,U2_Quests","0.11.141","TaskProgressEvent",79,"meetJasper",1
"587","5c537185e4194c47a14df646",4,"Development","e0e8ba1d-a1a8-492c-a490-549b4a24c221","JG2 UX2",91,"2019-01-31 10:06:53","WindowsPlayer",NA,11,"TaskEvent",0,"0.11.141",675.669982910156,1129.66003417969,98.5059509277344,-0.163875415921211,-0.986481189727783,0,"Find Toppo's Posters","49,poster1;49,poster2","U2,U2_Collectibles,U2_Quests","0.11.141","TaskActiveEvent",79,"followJasper",NA
"588","5c537185e4194c47a14df647",4,"Development","e0e8ba1d-a1a8-492c-a490-549b4a24c221","JG2 UX2",91,"2019-01-31 10:06:53","WindowsPlayer",NA,11,"TaskEvent",0,"0.11.141",675.669982910156,1129.66003417969,98.5059509277344,-0.163875415921211,-0.986481189727783,0,"Find Toppo's Posters","49,poster1;49,poster2;49,poster3","U2,U2_Collectibles,U2_Quests","0.11.141","TaskActiveEvent",79,"jumpDebris",NA
"589","5c537185e4194c47a14df648",4,"Development","e0e8ba1d-a1a8-492c-a490-549b4a24c221","JG2 UX2",91,"2019-01-31 10:06:53","WindowsPlayer",NA,11,"TaskEvent",0,"0.11.141",675.669982910156,1129.66003417969,98.5059509277344,-0.163875415921211,-0.986481189727783,0,"Find Toppo's Posters","49,poster1;49,poster2;49,poster3;49,poster4","U2,U2_Collectibles,U2_Quests","0.11.141","TaskCompleteEvent",79,"followJasper",NA
"590","5c537185e4194c47a14df649",4,"Development","e0e8ba1d-a1a8-492c-a490-549b4a24c221","JG2 UX2",91,"2019-01-31 10:06:53","WindowsPlayer",NA,11,"TaskEvent",0,"0.11.141",675.669982910156,1129.66003417969,98.5059509277344,-0.163875415921211,-0.986481189727783,0,"Find Toppo's Posters","49,poster1;49,poster2;49,poster3;49,poster4;49,poster5","U2,U2_Collectibles,U2_Quests","0.11.141","TaskProgressEvent",79,"followJasper",1
"591","5c5371c6e4194c47a14df6df",4,"Development","e0e8ba1d-a1a8-492c-a490-549b4a24c221","JG2 UX2",91,"2019-01-31 10:08:00","WindowsPlayer",NA,11,"TaskEvent",0,"0.11.141",675.669982910156,1129.66003417969,98.5059509277344,-0.0535226799547672,0.998566627502441,0,"Find Toppo's Posters,What just happened?","49,poster1;49,poster2;49,poster3;49,poster4;49,poster5;49,poster6","U2,U2_Collectibles,U2_Quests","0.11.141","TaskCompleteEvent",79,"jumpDebris",NA
"592","5c5371d0e4194c47a14df6fb",4,"Development","e0e8ba1d-a1a8-492c-a490-549b4a24c221","JG2 UX2",91,"2019-01-31 10:08:03","WindowsPlayer",NA,11,"TaskEvent",0,"0.11.141",676.251281738281,1126.19592285156,98.1934127807617,-0.384809523820877,-0.922996282577515,0,"Find Toppo's Posters,What just happened?,Crash Diagnostics - Mountains","49,poster1;49,poster2;49,poster3;49,poster4;49,poster5;49,poster6;51,pod","U2,U2_Collectibles,U2_Quests","0.11.141","TaskProgressEvent",79,"escapePods",1
"593","5c5371dae4194c47a14df713",4,"Development","e0e8ba1d-a1a8-492c-a490-549b4a24c221","JG2 UX2",91,"2019-01-31 10:08:19","WindowsPlayer",NA,11,"TaskEvent",0,"0.11.141",675.557800292969,1124.98583984375,98.0916976928711,-0.245847374200821,-0.969308733940125,0,"Find Toppo's Posters,What just happened?,Crash Diagnostics - Mountains","49,poster1;49,poster2;49,poster3;49,poster4;49,poster5;49,poster6;51,pod;44,your pod","U2,U2_Collectibles,U2_Quests","0.11.141","TaskActiveEvent",79,"enterPod",NA
"594","5c5371dae4194c47a14df715",4,"Development","e0e8ba1d-a1a8-492c-a490-549b4a24c221","JG2 UX2",91,"2019-01-31 10:08:19","WindowsPlayer",NA,11,"TaskEvent",0,"0.11.141",675.557800292969,1124.98583984375,98.0916976928711,-0.245847374200821,-0.969308733940125,0,"Find Toppo's Posters,What just happened?","49,poster1;49,poster2;49,poster3;49,poster4;49,poster5;49,poster6;51,pod","U2,U2_Collectibles,U2_Quests","0.11.141","TaskProgressEvent",79,"jumpDebris",1
"595","5c5371f8e4194c47a14df766",4,"Development","e0e8ba1d-a1a8-492c-a490-549b4a24c221","JG2 UX2",91,"2019-01-31 10:08:50","WindowsPlayer",NA,11,"TaskEvent",0,"0.11.141",675.557800292969,1124.98583984375,98.0916976928711,-0.0998740121722221,-0.995000123977661,0,"Find Toppo's Posters,What just happened?","49,poster1;49,poster2;49,poster3;49,poster4;49,poster5;49,poster6;51,pod","U2,U2_Collectibles,U2_Quests","0.11.141","TaskCompleteEvent",79,"escapePods",NA
"596","5c5371f8e4194c47a14df767",4,"Development","e0e8ba1d-a1a8-492c-a490-549b4a24c221","JG2 UX2",91,"2019-01-31 10:08:50","WindowsPlayer",NA,11,"TaskEvent",0,"0.11.141",675.557800292969,1124.98583984375,98.0916976928711,-0.0998740121722221,-0.995000123977661,0,"Find Toppo's Posters,What just happened?","49,poster1;49,poster2;49,poster3;49,poster4;49,poster5;49,poster6;51,pod","U2,U2_Collectibles,U2_Quests","0.11.141","TaskActiveEvent",79,"escapePods",NA
"597","5c5371f8e4194c47a14df768",4,"Development","e0e8ba1d-a1a8-492c-a490-549b4a24c221","JG2 UX2",91,"2019-01-31 10:08:50","WindowsPlayer",NA,11,"TaskEvent",0,"0.11.141",675.557800292969,1124.98583984375,98.0916976928711,-0.0998740121722221,-0.995000123977661,0,"Find Toppo's Posters,What just happened?","49,poster1;49,poster2;49,poster3;49,poster4;49,poster5;49,poster6;51,pod;51,scrap","U2,U2_Collectibles,U2_Quests","0.11.141","TaskCompleteEvent",79,"enterPod",NA
"598","5c537216e4194c47a14df799",4,"Development","e0e8ba1d-a1a8-492c-a490-549b4a24c221","JG2 UX2",91,"2019-01-31 10:09:14","WindowsPlayer",NA,11,"TaskEvent",0,"0.11.141",642.454223632812,1207.47192382812,107.991516113281,-0.980505526065826,0.196491658687592,0,"Find Toppo's Posters,What just happened?","49,poster1;49,poster2;49,poster3;49,poster4;49,poster5;49,poster6;51,scrap","U2,U2_Collectibles,U2_Quests","0.11.141","TaskProgressEvent",79,"enterPod",1
"599","5c537220e4194c47a14df7ce",4,"Development","e0e8ba1d-a1a8-492c-a490-549b4a24c221","JG2 UX2",91,"2019-01-31 10:09:33","WindowsPlayer",NA,11,"TaskEvent",0,"0.11.141",656.71533203125,1239.18444824219,107.767524719238,-0.0517798252403736,0.998658537864685,0,"Find Toppo's Posters,What just happened?","49,poster1;49,poster2;49,poster3;49,poster4;49,poster5;49,poster6;51,scrap","U2,U2_Collectibles,U2_Quests","0.11.141","TaskActiveEvent",49,"poster1",NA
"600","5c53722fe4194c47a14df7f4",4,"Development","e0e8ba1d-a1a8-492c-a490-549b4a24c221","JG2 UX2",91,"2019-01-31 10:09:46","WindowsPlayer",NA,11,"TaskEvent",0,"0.11.141",710.791137695312,1217.96435546875,107.192596435547,0.934005558490753,-0.357258796691895,0,"Find Toppo's Posters,What just happened?","49,poster1;49,poster2;49,poster3;49,poster4;49,poster5;49,poster6;51,scrap","U2,U2_Collectibles,U2_Quests","0.11.141","TaskActiveEvent",49,"poster2",NA
"601","5c53722fe4194c47a14df7f5",4,"Development","e0e8ba1d-a1a8-492c-a490-549b4a24c221","JG2 UX2",91,"2019-01-31 10:09:46","WindowsPlayer",NA,11,"TaskEvent",0,"0.11.141",710.791137695312,1217.96435546875,107.192596435547,0.934005558490753,-0.357258796691895,0,"Find Toppo's Posters,What just happened?","49,poster1;49,poster2;49,poster3;49,poster4;49,poster5;49,poster6;51,scrap","U2,U2_Collectibles,U2_Quests","0.11.141","TaskActiveEvent",49,"poster3",NA
"602","5c53722fe4194c47a14df7f8",4,"Development","e0e8ba1d-a1a8-492c-a490-549b4a24c221","JG2 UX2",91,"2019-01-31 10:09:46","WindowsPlayer",NA,11,"TaskEvent",0,"0.11.141",710.791137695312,1217.96435546875,107.192596435547,0.934005558490753,-0.357258796691895,0,"Find Toppo's Posters,What just happened?","49,poster1;49,poster2;49,poster3;49,poster4;49,poster5;49,poster6;51,scrap;51,hoverboard","U2,U2_Collectibles,U2_Quests","0.11.141","TaskActiveEvent",49,"poster4",NA
"603","5c53727ae4194c47a14df948",4,"Development","e0e8ba1d-a1a8-492c-a490-549b4a24c221","JG2 UX2",91,"2019-01-31 10:10:59","WindowsPlayer",NA,11,"TaskEvent",0,"0.11.141",675.536376953125,1124.26489257812,98.0373382568359,-0.156985431909561,-0.987601280212402,0,"Find Toppo's Posters,What just happened?","49,poster1;49,poster2;49,poster3;49,poster4;49,poster5;49,poster6;51,hoverboard","U2,U2_Collectibles,U2_Quests","0.11.141","TaskActiveEvent",49,"poster5",NA
"604","5c53727ae4194c47a14df949",4,"Development","e0e8ba1d-a1a8-492c-a490-549b4a24c221","JG2 UX2",91,"2019-01-31 10:10:59","WindowsPlayer",NA,11,"TaskEvent",0,"0.11.141",675.536376953125,1124.26489257812,98.0373382568359,-0.156985431909561,-0.987601280212402,0,"Find Toppo's Posters,What just happened?","49,poster1;49,poster2;49,poster3;49,poster4;49,poster5;49,poster6;51,hoverboard","U2,U2_Collectibles,U2_Quests","0.11.141","TaskActiveEvent",49,"poster6",NA
"605","5c53727ae4194c47a14df94a",4,"Development","e0e8ba1d-a1a8-492c-a490-549b4a24c221","JG2 UX2",91,"2019-01-31 10:10:59","WindowsPlayer",NA,11,"TaskEvent",0,"0.11.141",675.536376953125,1124.26489257812,98.0373382568359,-0.156985431909561,-0.987601280212402,0,"Find Toppo's Posters,What just happened?","49,poster1;49,poster2;49,poster3;49,poster4;49,poster5;49,poster6;51,hoverboard;51,communications","U2,U2_Collectibles,U2_Quests","0.11.141","TaskActiveEvent",51,"pod",NA
"606","5c5372cfe4194c47a14dfa74",4,"Development","e0e8ba1d-a1a8-492c-a490-549b4a24c221","JG2 UX2",91,"2019-01-31 10:12:24","WindowsPlayer",NA,11,"TaskEvent",0,"0.11.141",726.688415527344,1514.45373535156,125.476371765137,0.993436813354492,0.114382028579712,0,"Find Toppo's Posters,What just happened?","49,poster1;49,poster2;49,poster3;49,poster4;49,poster5;49,poster6;51,communications","U2,U2_Collectibles,U2_Quests","0.11.141","TaskActiveEvent",44,"your pod",NA
"607","5c5372cfe4194c47a14dfa75",4,"Development","e0e8ba1d-a1a8-492c-a490-549b4a24c221","JG2 UX2",91,"2019-01-31 10:12:24","WindowsPlayer",NA,11,"TaskEvent",0,"0.11.141",726.688415527344,1514.45373535156,125.476371765137,0.993436813354492,0.114382028579712,0,"Find Toppo's Posters,What just happened?","49,poster1;49,poster2;49,poster3;49,poster4;49,poster5;49,poster6;51,communications","U2,U2_Collectibles,U2_Quests","0.11.141","TaskCompleteEvent",44,"your pod",NA
"608","5c5372fce4194c47a14dfb2a",4,"Development","e0e8ba1d-a1a8-492c-a490-549b4a24c221","JG2 UX2",91,"2019-01-31 10:12:48","WindowsPlayer",NA,11,"TaskEvent",0,"0.11.141",711.524475097656,1513.20678710938,126.293571472168,0.254905045032501,-0.966966152191162,0,"Find Toppo's Posters,What just happened?","49,poster1;49,poster3;49,poster4;49,poster5;49,poster6;51,communications","U2,U2_Collectibles,U2_Quests","0.11.141","TaskProgressEvent",44,"your pod",1
"609","5c5372fce4194c47a14dfb2c",4,"Development","e0e8ba1d-a1a8-492c-a490-549b4a24c221","JG2 UX2",91,"2019-01-31 10:12:48","WindowsPlayer",NA,11,"TaskEvent",0,"0.11.141",711.524475097656,1513.20678710938,126.293571472168,0.254905045032501,-0.966966152191162,0,"Find Toppo's Posters,What just happened?,Find the Team","49,poster1;49,poster3;49,poster4;49,poster5;49,poster6","U2,U2_Collectibles,U2_Quests","0.11.141","TaskProgressEvent",51,"pod",1
"610","5c5372fce4194c47a14dfb31",4,"Development","e0e8ba1d-a1a8-492c-a490-549b4a24c221","JG2 UX2",91,"2019-01-31 10:12:48","WindowsPlayer",NA,11,"TaskEvent",0,"0.11.141",711.524475097656,1513.20678710938,126.293571472168,0.254905045032501,-0.966966152191162,0,"Find Toppo's Posters,Find the Team","49,poster1;49,poster3;49,poster4;49,poster5;49,poster6;20,Find the team","U2,U2_Collectibles,U2_Quests","0.11.141","TaskActiveEvent",51,"scrap",NA
"611","5c53739ce4194c47a14dfd0c",4,"Development","e0e8ba1d-a1a8-492c-a490-549b4a24c221","JG2 UX2",91,"2019-01-31 10:15:50","WindowsPlayer",NA,11,"TaskEvent",0,"0.11.141",1009.93072509766,1772.03820800781,121.566223144531,0.668714165687561,-0.74351954460144,0,"Find Toppo's Posters,Find the Team","49,poster1;49,poster3;49,poster4;49,poster5;49,poster6;20,Find the team","U2,U2_Collectibles,U2_Quests","0.11.141","TaskCompleteEvent",51,"pod",NA
"612","5c53739ce4194c47a14dfd0d",4,"Development","e0e8ba1d-a1a8-492c-a490-549b4a24c221","JG2 UX2",91,"2019-01-31 10:15:50","WindowsPlayer",NA,11,"TaskEvent",0,"0.11.141",1009.93072509766,1772.03820800781,121.566223144531,0.668714165687561,-0.74351954460144,0,"Find Toppo's Posters,Find the Team","49,poster1;49,poster3;49,poster4;49,poster5;49,poster6;20,Find the team","U2,U2_Collectibles,U2_Quests","0.11.141","TaskProgressEvent",51,"scrap",1
"613","5c53739ce4194c47a14dfd0e",4,"Development","e0e8ba1d-a1a8-492c-a490-549b4a24c221","JG2 UX2",91,"2019-01-31 10:15:50","WindowsPlayer",NA,11,"TaskEvent",0,"0.11.141",1009.93072509766,1772.03820800781,121.566223144531,0.668714165687561,-0.74351954460144,0,"Find Toppo's Posters,Find the Team","49,poster1;49,poster3;49,poster4;49,poster5;49,poster6;20,Find the team;20,Talk with Dr. Topo","U2,U2_Collectibles,U2_Quests","0.11.141","TaskProgressEvent",51,"scrap",2
"614","5c5373a1e4194c47a14dfd22",4,"Development","e0e8ba1d-a1a8-492c-a490-549b4a24c221","JG2 UX2",91,"2019-01-31 10:15:57","WindowsPlayer",NA,11,"TaskEvent",0,"0.11.141",1060.36413574219,1756.02587890625,105.086380004883,0.938082993030548,0.346410572528839,0,"Find Toppo's Posters,Find the Team","49,poster1;49,poster3;49,poster4;49,poster5;49,poster6;20,Talk with Dr. Topo","U2,U2_Collectibles,U2_Quests","0.11.141","TaskProgressEvent",51,"scrap",3
"615","5c5373a1e4194c47a14dfd24",4,"Development","e0e8ba1d-a1a8-492c-a490-549b4a24c221","JG2 UX2",91,"2019-01-31 10:15:57","WindowsPlayer",NA,11,"TaskEvent",0,"0.11.141",1060.36413574219,1756.02587890625,105.086380004883,0.938082993030548,0.346410572528839,0,"Find Toppo's Posters,Find the Team,Settling WAT247","49,poster1;49,poster3;49,poster4;49,poster5;49,poster6","U2,U2_Collectibles,U2_Quests","0.11.141","TaskActiveEvent",51,"hoverboard",NA
"616","5c5373a1e4194c47a14dfd26",4,"Development","e0e8ba1d-a1a8-492c-a490-549b4a24c221","JG2 UX2",91,"2019-01-31 10:15:57","WindowsPlayer",NA,11,"TaskEvent",0,"0.11.141",1060.36413574219,1756.02587890625,105.086380004883,0.938082993030548,0.346410572528839,0,"Find Toppo's Posters,Settling WAT247","49,poster1;49,poster3;49,poster4;49,poster5;49,poster6;22,Talk to Anderson","U2,U2_Collectibles,U2_Quests","0.11.141","TaskCompleteEvent",51,"scrap",NA
"617","5c5373bfe4194c47a14dfd6a",4,"Development","e0e8ba1d-a1a8-492c-a490-549b4a24c221","JG2 UX2",91,"2019-01-31 10:16:18","WindowsPlayer",NA,11,"TaskEvent",0,"0.11.141",1060.36413574219,1756.02587890625,105.086380004883,0.938082993030548,0.346410572528839,0,"Find Toppo's Posters,Settling WAT247,Crash Diagnostics - Mountains","49,poster1;49,poster3;49,poster4;49,poster5;49,poster6;22,Talk to Anderson","U2,U2_Collectibles,U2_Quests","0.11.141","TaskProgressEvent",51,"hoverboard",1
"618","5c53746fe4194c47a14dff20",4,"Development","e0e8ba1d-a1a8-492c-a490-549b4a24c221","JG2 UX2",91,"2019-01-31 10:19:24","WindowsPlayer",NA,11,"TaskEvent",0,"0.11.141",1041.90686035156,1739.16394042969,104.645896911621,0.996243357658386,0.0865981578826904,0,"Find Toppo's Posters,Settling WAT247,Crash Diagnostics - Mountains","49,poster1;49,poster3;49,poster4;49,poster5;49,poster6;22,Talk to Anderson;46,jasper","U2,U2_Collectibles,U2_Quests","0.11.141","TaskActiveEvent",51,"communications",NA
"619","5c53746fe4194c47a14dff21",4,"Development","e0e8ba1d-a1a8-492c-a490-549b4a24c221","JG2 UX2",91,"2019-01-31 10:19:24","WindowsPlayer",NA,11,"TaskEvent",0,"0.11.141",1041.90686035156,1739.16394042969,104.645896911621,0.996243357658386,0.0865981578826904,0,"Find Toppo's Posters,Settling WAT247,Crash Diagnostics - Mountains","49,poster1;49,poster3;49,poster4;49,poster5;49,poster6;22,Talk to Anderson;46,jasper","U2,U2_Collectibles,U2_Quests","0.11.141","TaskCompleteEvent",51,"hoverboard",NA
"620","5c53746fe4194c47a14dff22",4,"Development","e0e8ba1d-a1a8-492c-a490-549b4a24c221","JG2 UX2",91,"2019-01-31 10:19:24","WindowsPlayer",NA,11,"TaskEvent",0,"0.11.141",1041.90686035156,1739.16394042969,104.645896911621,0.996243357658386,0.0865981578826904,0,"Find Toppo's Posters,Settling WAT247,Crash Diagnostics - Mountains","49,poster1;49,poster3;49,poster4;49,poster5;49,poster6;22,Talk to Anderson;46,jasper;22,Talk to Sam","U2,U2_Collectibles,U2_Quests","0.11.141","TaskProgressEvent",49,"poster2",1
"621","5c537488e4194c47a14dff6e",4,"Development","e0e8ba1d-a1a8-492c-a490-549b4a24c221","JG2 UX2",91,"2019-01-31 10:19:48","WindowsPlayer",NA,11,"TaskEvent",0,"0.11.141",1058.51281738281,1734.79296875,100.142784118652,0.923665463924408,-0.383200287818909,0,"Find Toppo's Posters,Settling WAT247,Crash Diagnostics - Mountains","49,poster1;49,poster3;49,poster4;49,poster5;49,poster6;46,jasper;22,Talk to Sam","U2,U2_Collectibles,U2_Quests","0.11.141","TaskCompleteEvent",49,"poster2",NA
"622","5c537488e4194c47a14dff6f",4,"Development","e0e8ba1d-a1a8-492c-a490-549b4a24c221","JG2 UX2",91,"2019-01-31 10:19:48","WindowsPlayer",NA,11,"TaskEvent",0,"0.11.141",1058.51281738281,1734.79296875,100.142784118652,0.923665463924408,-0.383200287818909,0,"Find Toppo's Posters,Settling WAT247,Crash Diagnostics - Mountains","49,poster1;49,poster3;49,poster4;49,poster5;49,poster6;46,jasper;22,Talk to Sam","U2,U2_Collectibles,U2_Quests","0.11.141","TaskActiveEvent",20,"Find the team",NA
"623","5c537488e4194c47a14dff70",4,"Development","e0e8ba1d-a1a8-492c-a490-549b4a24c221","JG2 UX2",91,"2019-01-31 10:19:48","WindowsPlayer",NA,11,"TaskEvent",0,"0.11.141",1058.51281738281,1734.79296875,100.142784118652,0.923665463924408,-0.383200287818909,0,"Find Toppo's Posters,Settling WAT247,Crash Diagnostics - Mountains","49,poster1;49,poster3;49,poster4;49,poster5;49,poster6;46,jasper;22,Talk to Sam;22,Talk to Bill","U2,U2_Collectibles,U2_Quests","0.11.141","TaskCompleteEvent",51,"communications",NA
"624","5c5374a6e4194c47a14dffa0",4,"Development","e0e8ba1d-a1a8-492c-a490-549b4a24c221","JG2 UX2",91,"2019-01-31 10:20:09","WindowsPlayer",NA,11,"TaskEvent",0,"0.11.141",1052.08142089844,1729.61535644531,100.25724029541,-0.785122632980347,-0.619340777397156,0,"Find Toppo's Posters,Settling WAT247,Crash Diagnostics - Mountains","49,poster1;49,poster3;49,poster4;49,poster5;49,poster6;46,jasper;22,Talk to Bill","U2,U2_Collectibles,U2_Quests","0.11.141","TaskProgressEvent",51,"communications",1
"625","5c5374a6e4194c47a14dffa1",4,"Development","e0e8ba1d-a1a8-492c-a490-549b4a24c221","JG2 UX2",91,"2019-01-31 10:20:09","WindowsPlayer",NA,11,"TaskEvent",0,"0.11.141",1052.08142089844,1729.61535644531,100.25724029541,-0.785122632980347,-0.619340777397156,0,"Find Toppo's Posters,Settling WAT247,Crash Diagnostics - Mountains","49,poster1;49,poster3;49,poster4;49,poster5;49,poster6;46,jasper;22,Talk to Bill","U2,U2_Collectibles,U2_Quests","0.11.141","TaskProgressEvent",20,"Talk with Dr. Topo",1
"626","5c5374a6e4194c47a14dffa2",4,"Development","e0e8ba1d-a1a8-492c-a490-549b4a24c221","JG2 UX2",91,"2019-01-31 10:20:09","WindowsPlayer",NA,11,"TaskEvent",0,"0.11.141",1052.08142089844,1729.61535644531,100.25724029541,-0.785122632980347,-0.619340777397156,0,"Find Toppo's Posters,Settling WAT247,Crash Diagnostics - Mountains","49,poster1;49,poster3;49,poster4;49,poster5;49,poster6;46,jasper;22,Talk to Bill;22,Sample the east waterfall","U2,U2_Collectibles,U2_Quests","0.11.141","TaskCompleteEvent",20,"Talk with Dr. Topo",NA
"627","5c537538e4194c47a14e015f",4,"Development","e0e8ba1d-a1a8-492c-a490-549b4a24c221","JG2 UX2",91,"2019-01-31 10:22:43","WindowsPlayer",NA,11,"TaskEvent",0,"0.11.141",1664.74633789062,289.137664794922,52.1399154663086,-0.495946168899536,-0.868353247642517,0,"Find Toppo's Posters,Settling WAT247,Crash Diagnostics - Mountains","49,poster1;49,poster3;49,poster4;49,poster5;49,poster6;46,jasper;22,Sample the east waterfall","U2,U2_Collectibles,U2_Quests,U2_LeftWaterfall","0.11.141","TaskActiveEvent",22,"Talk to Anderson",NA
"628","5c537538e4194c47a14e0160",4,"Development","e0e8ba1d-a1a8-492c-a490-549b4a24c221","JG2 UX2",91,"2019-01-31 10:22:43","WindowsPlayer",NA,11,"TaskEvent",0,"0.11.141",1664.74633789062,289.137664794922,52.1399154663086,-0.495946168899536,-0.868353247642517,0,"Find Toppo's Posters,Settling WAT247,Crash Diagnostics - Mountains","49,poster1;49,poster3;49,poster4;49,poster5;49,poster6;46,jasper;22,Sample the east waterfall","U2,U2_Collectibles,U2_Quests,U2_LeftWaterfall","0.11.141","TaskActiveEvent",20,"Talk with Dr. Topo",NA
"629","5c537538e4194c47a14e0161",4,"Development","e0e8ba1d-a1a8-492c-a490-549b4a24c221","JG2 UX2",91,"2019-01-31 10:22:43","WindowsPlayer",NA,11,"TaskEvent",0,"0.11.141",1664.74633789062,289.137664794922,52.1399154663086,-0.495946168899536,-0.868353247642517,0,"Find Toppo's Posters,Settling WAT247,Crash Diagnostics - Mountains","49,poster1;49,poster3;49,poster4;49,poster5;49,poster6;46,jasper;22,Sample the east waterfall;22,Sample the west waterfall","U2,U2_Collectibles,U2_Quests,U2_LeftWaterfall","0.11.141","TaskProgressEvent",20,"Find the team",1
"630","5c537587e4194c47a14e020b",4,"Development","e0e8ba1d-a1a8-492c-a490-549b4a24c221","JG2 UX2",91,"2019-01-31 10:23:55","WindowsPlayer",NA,11,"TaskEvent",0,"0.11.141",0,-50,0.980000019073486,0.342020303010941,0.939692556858063,0,"Find Toppo's Posters,Settling WAT247,Crash Diagnostics - Mountains,Welcome to CREi","49,poster1;49,poster3;49,poster4;49,poster5;49,poster6;46,jasper;22,Sample the west waterfall","CREi","0.11.141","TaskCompleteEvent",20,"Find the team",NA
"631","5c5375a5e4194c47a14e026d",4,"Development","e0e8ba1d-a1a8-492c-a490-549b4a24c221","JG2 UX2",91,"2019-01-31 10:24:35","WindowsPlayer",NA,11,"TaskEvent",0,"0.11.141",1.93703615665436,-39.6993293762207,0.980000019073486,0.0906324982643127,0.995884418487549,0,"Find Toppo's Posters,Settling WAT247,Crash Diagnostics - Mountains,Welcome to CREi","49,poster1;49,poster3;49,poster4;49,poster5;49,poster6;46,jasper;22,Sample the west waterfall;84,Spawn a Component","CREi","0.11.141","TaskActiveEvent",46,"jasper",NA
"632","5c5375a5e4194c47a14e026e",4,"Development","e0e8ba1d-a1a8-492c-a490-549b4a24c221","JG2 UX2",91,"2019-01-31 10:24:35","WindowsPlayer",NA,11,"TaskEvent",0,"0.11.141",1.93703615665436,-39.6993293762207,0.980000019073486,0.0906324982643127,0.995884418487549,0,"Find Toppo's Posters,Settling WAT247,Crash Diagnostics - Mountains,Welcome to CREi","49,poster1;49,poster3;49,poster4;49,poster5;49,poster6;46,jasper;22,Sample the west waterfall;84,Spawn a Component","CREi","0.11.141","TaskProgressEvent",22,"Talk to Anderson",1
"633","5c5375a5e4194c47a14e026f",4,"Development","e0e8ba1d-a1a8-492c-a490-549b4a24c221","JG2 UX2",91,"2019-01-31 10:24:35","WindowsPlayer",NA,11,"TaskEvent",0,"0.11.141",1.93703615665436,-39.6993293762207,0.980000019073486,0.0906324982643127,0.995884418487549,0,"Find Toppo's Posters,Settling WAT247,Crash Diagnostics - Mountains,Welcome to CREi","49,poster1;49,poster3;49,poster4;49,poster5;49,poster6;46,jasper;22,Sample the west waterfall;84,Spawn a Component;84,Identify a Component","CREi","0.11.141","TaskActiveEvent",22,"Talk to Sam",NA
"634","5c53760fe4194c47a14e0379",4,"Development","e0e8ba1d-a1a8-492c-a490-549b4a24c221","JG2 UX2",91,"2019-01-31 10:26:10","WindowsPlayer",NA,11,"TaskEvent",0,"0.11.141",-2.97216153144836,-35.457592010498,0.980000019073486,-0.422618120908737,0.906307876110077,0,"Find Toppo's Posters,Settling WAT247,Crash Diagnostics - Mountains,Welcome to CREi","49,poster1;49,poster3;49,poster4;49,poster5;49,poster6;46,jasper;22,Sample the west waterfall;84,Identify a Component","CREi","0.11.141","TaskCompleteEvent",22,"Talk to Anderson",NA
"635","5c53760fe4194c47a14e037a",4,"Development","e0e8ba1d-a1a8-492c-a490-549b4a24c221","JG2 UX2",91,"2019-01-31 10:26:10","WindowsPlayer",NA,11,"TaskEvent",0,"0.11.141",-2.97216153144836,-35.457592010498,0.980000019073486,-0.422618120908737,0.906307876110077,0,"Find Toppo's Posters,Settling WAT247,Crash Diagnostics - Mountains,Welcome to CREi","49,poster1;49,poster3;49,poster4;49,poster5;49,poster6;46,jasper;22,Sample the west waterfall;84,Identify a Component","CREi","0.11.141","TaskActiveEvent",22,"Talk to Bill",NA
"636","5c53760fe4194c47a14e037b",4,"Development","e0e8ba1d-a1a8-492c-a490-549b4a24c221","JG2 UX2",91,"2019-01-31 10:26:10","WindowsPlayer",NA,11,"TaskEvent",0,"0.11.141",-2.97216153144836,-35.457592010498,0.980000019073486,-0.422618120908737,0.906307876110077,0,"Find Toppo's Posters,Settling WAT247,Crash Diagnostics - Mountains,Welcome to CREi","49,poster1;49,poster3;49,poster4;49,poster5;49,poster6;46,jasper;22,Sample the west waterfall;84,Identify a Component;84,And all the rest","CREi","0.11.141","TaskProgressEvent",22,"Talk to Sam",1
"637","5c537628e4194c47a14e03c6",4,"Development","e0e8ba1d-a1a8-492c-a490-549b4a24c221","JG2 UX2",91,"2019-01-31 10:26:44","WindowsPlayer",NA,11,"TaskEvent",0,"0.11.141",0.170000001788139,-38.7799987792969,0.980000019073486,-0.147808983922005,0.989015936851501,0,"Find Toppo's Posters,Settling WAT247,Crash Diagnostics - Mountains,Welcome to CREi","49,poster1;49,poster3;49,poster4;49,poster5;49,poster6;46,jasper;22,Sample the west waterfall;84,And all the rest","CREi","0.11.141","TaskCompleteEvent",22,"Talk to Sam",NA
"638","5c537628e4194c47a14e03c7",4,"Development","e0e8ba1d-a1a8-492c-a490-549b4a24c221","JG2 UX2",91,"2019-01-31 10:26:44","WindowsPlayer",NA,11,"TaskEvent",0,"0.11.141",0.170000001788139,-38.7799987792969,0.980000019073486,-0.147808983922005,0.989015936851501,0,"Find Toppo's Posters,Settling WAT247,Crash Diagnostics - Mountains,Welcome to CREi","49,poster1;49,poster3;49,poster4;49,poster5;49,poster6;46,jasper;22,Sample the west waterfall;84,And all the rest","CREi","0.11.141","TaskCompleteEvent",22,"Talk to Bill",NA
"639","5c537628e4194c47a14e03c8",4,"Development","e0e8ba1d-a1a8-492c-a490-549b4a24c221","JG2 UX2",91,"2019-01-31 10:26:44","WindowsPlayer",NA,11,"TaskEvent",0,"0.11.141",0.170000001788139,-38.7799987792969,0.980000019073486,-0.147808983922005,0.989015936851501,0,"Find Toppo's Posters,Settling WAT247,Crash Diagnostics - Mountains,Welcome to CREi","49,poster1;49,poster3;49,poster4;49,poster5;49,poster6;46,jasper;22,Sample the west waterfall;84,And all the rest;84,Finish fixing ARF","CREi","0.11.141","TaskProgressEvent",22,"Talk to Bill",1
"640","5c5376b4e4194c47a14e056d",4,"Development","e0e8ba1d-a1a8-492c-a490-549b4a24c221","JG2 UX2",91,"2019-01-31 10:29:05","WindowsPlayer",NA,11,"TaskEvent",0,"0.11.141",0.170000001788139,-38.7799987792969,0.980000019073486,0.50452846288681,0.863395094871521,0,"Find Toppo's Posters,Settling WAT247,Crash Diagnostics - Mountains,Welcome to CREi","49,poster1;49,poster3;49,poster4;49,poster5;49,poster6;46,jasper;22,Sample the west waterfall;84,Finish fixing ARF","CREi","0.11.141","TaskActiveEvent",22,"Sample the east waterfall",NA
"641","5c5376b4e4194c47a14e056f",4,"Development","e0e8ba1d-a1a8-492c-a490-549b4a24c221","JG2 UX2",91,"2019-01-31 10:29:05","WindowsPlayer",NA,11,"TaskEvent",0,"0.11.141",0.170000001788139,-38.7799987792969,0.980000019073486,0.50452846288681,0.863395094871521,0,"Find Toppo's Posters,Settling WAT247,Crash Diagnostics - Mountains","49,poster1;49,poster3;49,poster4;49,poster5;49,poster6;46,jasper;22,Sample the west waterfall","CREi","0.11.141","TaskProgressEvent",22,"Sample the east waterfall",1
"642","5c537798e4194c47a14e0858",4,"Development","e0e8ba1d-a1a8-492c-a490-549b4a24c221","JG2 UX2",91,"2019-01-31 10:32:49","WindowsPlayer",NA,11,"TaskEvent",0,"0.11.141",271.013458251953,300.496612548828,51.5826644897461,-0.0471071302890778,-0.998890042304993,0,"Find Toppo's Posters,Settling WAT247,Crash Diagnostics - Mountains","49,poster1;49,poster3;49,poster4;49,poster5;49,poster6;46,jasper;22,Sample the west waterfall","U2,U2_Collectibles,U2_Quests,U2_RightWaterfall","0.11.141","TaskCompleteEvent",22,"Sample the east waterfall",NA
"643","5c537798e4194c47a14e085d",4,"Development","e0e8ba1d-a1a8-492c-a490-549b4a24c221","JG2 UX2",91,"2019-01-31 10:32:49","WindowsPlayer",NA,11,"TaskEvent",0,"0.11.141",271.013458251953,300.496612548828,51.5826644897461,-0.0471071302890778,-0.998890042304993,0,"Find Toppo's Posters,Settling WAT247,Crash Diagnostics - Mountains,The Largest Watershed","49,poster1;49,poster3;49,poster4;49,poster5;49,poster6;46,jasper","U2,U2_Collectibles,U2_Quests,U2_RightWaterfall","0.11.141","TaskActiveEvent",22,"Sample the west waterfall",NA
"644","5c537798e4194c47a14e085f",4,"Development","e0e8ba1d-a1a8-492c-a490-549b4a24c221","JG2 UX2",91,"2019-01-31 10:32:49","WindowsPlayer",NA,11,"TaskEvent",0,"0.11.141",271.013458251953,300.496612548828,51.5826644897461,-0.0471071302890778,-0.998890042304993,0,"Find Toppo's Posters,Crash Diagnostics - Mountains,The Largest Watershed","49,poster1;49,poster3;49,poster4;49,poster5;49,poster6;46,jasper;28,Talk to Holo-Toppo","U2,U2_Collectibles,U2_Quests,U2_RightWaterfall","0.11.141","TaskActiveEvent",84,"Spawn a Component",NA
"645","5c537829e4194c47a14e0aca",4,"Development","e0e8ba1d-a1a8-492c-a490-549b4a24c221","JG2 UX2",91,"2019-01-31 10:35:18","WindowsPlayer",NA,11,"TaskEvent",0,"0.11.141",259.696960449219,296.235229492188,55.368537902832,0.851726949214935,-0.523986220359802,0,"Find Toppo's Posters,Crash Diagnostics - Mountains,The Largest Watershed","49,poster1;49,poster3;49,poster4;49,poster5;49,poster6;46,jasper;28,Talk to Holo-Toppo","U2,U2_Collectibles,U2_Quests,U2_RightWaterfall","0.11.141","TaskCompleteEvent",84,"Spawn a Component",NA
"646","5c537829e4194c47a14e0acb",4,"Development","e0e8ba1d-a1a8-492c-a490-549b4a24c221","JG2 UX2",91,"2019-01-31 10:35:18","WindowsPlayer",NA,11,"TaskEvent",0,"0.11.141",259.696960449219,296.235229492188,55.368537902832,0.851726949214935,-0.523986220359802,0,"Find Toppo's Posters,Crash Diagnostics - Mountains,The Largest Watershed","49,poster1;49,poster3;49,poster4;49,poster5;49,poster6;46,jasper;28,Talk to Holo-Toppo","U2,U2_Collectibles,U2_Quests,U2_RightWaterfall","0.11.141","TaskProgressEvent",84,"Spawn a Component",1
"647","5c537829e4194c47a14e0ace",4,"Development","e0e8ba1d-a1a8-492c-a490-549b4a24c221","JG2 UX2",91,"2019-01-31 10:35:18","WindowsPlayer",NA,11,"TaskEvent",0,"0.11.141",259.696960449219,296.235229492188,55.368537902832,0.851726949214935,-0.523986220359802,0,"Find Toppo's Posters,Crash Diagnostics - Mountains,The Largest Watershed","49,poster1;49,poster3;49,poster4;49,poster5;49,poster6;46,jasper;28,Talk to Holo-Toppo;28,Argue which watershed is bigger","U2,U2_Collectibles,U2_Quests,U2_RightWaterfall","0.11.141","TaskActiveEvent",84,"Identify a Component",NA
"648","5c537888e4194c47a14e0bfa",4,"Development","e0e8ba1d-a1a8-492c-a490-549b4a24c221","JG2 UX2",91,"2019-01-31 10:36:52","WindowsPlayer",NA,11,"TaskEvent",0,"0.11.141",259.696960449219,296.235229492188,55.368537902832,0.807989597320557,-0.589196562767029,0,"Find Toppo's Posters,Crash Diagnostics - Mountains,The Largest Watershed","49,poster1;49,poster3;49,poster4;49,poster5;49,poster6;46,jasper;28,Argue which watershed is bigger","U2,U2_Collectibles,U2_Quests,U2_RightWaterfall","0.11.141","TaskActiveEvent",84,"And all the rest",NA
"649","5c537888e4194c47a14e0bfc",4,"Development","e0e8ba1d-a1a8-492c-a490-549b4a24c221","JG2 UX2",91,"2019-01-31 10:36:52","WindowsPlayer",NA,11,"TaskEvent",0,"0.11.141",259.696960449219,296.235229492188,55.368537902832,0.807989597320557,-0.589196562767029,0,"Find Toppo's Posters,Crash Diagnostics - Mountains,The Largest Watershed,Welcome home","49,poster1;49,poster3;49,poster4;49,poster5;49,poster6;46,jasper","U2,U2_Collectibles,U2_Quests,U2_RightWaterfall","0.11.141","TaskProgressEvent",84,"Identify a Component",1
"650","5c537888e4194c47a14e0c01",4,"Development","e0e8ba1d-a1a8-492c-a490-549b4a24c221","JG2 UX2",91,"2019-01-31 10:36:52","WindowsPlayer",NA,11,"TaskEvent",0,"0.11.141",259.696960449219,296.235229492188,55.368537902832,0.807989597320557,-0.589196562767029,0,"Find Toppo's Posters,Crash Diagnostics - Mountains,Welcome home","49,poster1;49,poster3;49,poster4;49,poster5;49,poster6;46,jasper;58,Speak with Toppo","U2,U2_Collectibles,U2_Quests,U2_RightWaterfall","0.11.141","TaskCompleteEvent",84,"Identify a Component",NA
"651","5c5378ece4194c47a14e0ce7",4,"Development","e0e8ba1d-a1a8-492c-a490-549b4a24c221","JG2 UX2",91,"2019-01-31 10:38:25","WindowsPlayer",NA,11,"TaskEvent",0,"0.11.141",91.0516662597656,103.005851745605,77.9805450439453,-0.993960976600647,0.109734058380127,0,"Find Toppo's Posters,Crash Diagnostics - Mountains,Welcome home","49,poster1;49,poster3;49,poster4;49,poster5;49,poster6;46,jasper;58,Speak with Toppo","Player_Base","0.11.141","TaskActiveEvent",84,"Finish fixing ARF",NA
"652","5c5378ece4194c47a14e0ce8",4,"Development","e0e8ba1d-a1a8-492c-a490-549b4a24c221","JG2 UX2",91,"2019-01-31 10:38:25","WindowsPlayer",NA,11,"TaskEvent",0,"0.11.141",91.0516662597656,103.005851745605,77.9805450439453,-0.993960976600647,0.109734058380127,0,"Find Toppo's Posters,Crash Diagnostics - Mountains,Welcome home","49,poster1;49,poster3;49,poster4;49,poster5;49,poster6;46,jasper;58,Speak with Toppo","Player_Base","0.11.141","TaskProgressEvent",84,"And all the rest",1
"653","5c5378ece4194c47a14e0ce9",4,"Development","e0e8ba1d-a1a8-492c-a490-549b4a24c221","JG2 UX2",91,"2019-01-31 10:38:25","WindowsPlayer",NA,11,"TaskEvent",0,"0.11.141",91.0516662597656,103.005851745605,77.9805450439453,-0.993960976600647,0.109734058380127,0,"Find Toppo's Posters,Crash Diagnostics - Mountains,Welcome home","49,poster1;49,poster3;49,poster4;49,poster5;49,poster6;46,jasper;58,Speak with Toppo;58,Jasper's Proposal","Player_Base","0.11.141","TaskCompleteEvent",84,"And all the rest",NA
"654","5c537929e4194c47a14e0d7f",4,"Development","e0e8ba1d-a1a8-492c-a490-549b4a24c221","JG2 UX2",91,"2019-01-31 10:39:32","WindowsPlayer",NA,11,"TaskEvent",0,"0.11.141",91.9863510131836,105.619644165039,77.9805450439453,-0.0418758206069469,0.999122798442841,0,"Find Toppo's Posters,Crash Diagnostics - Mountains,Welcome home","49,poster1;49,poster3;49,poster4;49,poster5;49,poster6;46,jasper;58,Jasper's Proposal","Player_Base","0.11.141","TaskProgressEvent",84,"Finish fixing ARF",1
"655","5c537929e4194c47a14e0d80",4,"Development","e0e8ba1d-a1a8-492c-a490-549b4a24c221","JG2 UX2",91,"2019-01-31 10:39:32","WindowsPlayer",NA,11,"TaskEvent",0,"0.11.141",91.9863510131836,105.619644165039,77.9805450439453,-0.0418758206069469,0.999122798442841,0,"Find Toppo's Posters,Crash Diagnostics - Mountains,Welcome home","49,poster1;49,poster3;49,poster4;49,poster5;49,poster6;46,jasper;58,Jasper's Proposal","Player_Base","0.11.141","TaskCompleteEvent",84,"Finish fixing ARF",NA
"656","5c537929e4194c47a14e0d81",4,"Development","e0e8ba1d-a1a8-492c-a490-549b4a24c221","JG2 UX2",91,"2019-01-31 10:39:32","WindowsPlayer",NA,11,"TaskEvent",0,"0.11.141",91.9863510131836,105.619644165039,77.9805450439453,-0.0418758206069469,0.999122798442841,0,"Find Toppo's Posters,Crash Diagnostics - Mountains,Welcome home","49,poster1;49,poster3;49,poster4;49,poster5;49,poster6;46,jasper;58,Jasper's Proposal;58,Head to bed","Player_Base","0.11.141","TaskCompleteEvent",22,"Sample the west waterfall",NA
"657","5c53793de4194c47a14e0db3",4,"Development","e0e8ba1d-a1a8-492c-a490-549b4a24c221","JG2 UX2",91,"2019-01-31 10:39:49","WindowsPlayer",NA,11,"TaskEvent",0,"0.11.141",134.537933349609,130.293029785156,77.9805450439453,0.925870835781097,0.377840399742126,0,"Find Toppo's Posters,Crash Diagnostics - Mountains,Welcome home","49,poster1;49,poster3;49,poster4;49,poster5;49,poster6;46,jasper;58,Head to bed","Player_Base","0.11.141","TaskProgressEvent",22,"Sample the west waterfall",1
"658","5c53793de4194c47a14e0db5",4,"Development","e0e8ba1d-a1a8-492c-a490-549b4a24c221","JG2 UX2",91,"2019-01-31 10:39:49","WindowsPlayer",NA,11,"TaskEvent",0,"0.11.141",134.537933349609,130.293029785156,77.9805450439453,0.925870835781097,0.377840399742126,0,"Find Toppo's Posters,Crash Diagnostics - Mountains","49,poster1;49,poster3;49,poster4;49,poster5;49,poster6;46,jasper","Player_Base","0.11.141","TaskActiveEvent",28,"Talk to Holo-Toppo",NA
"659","5c53793de4194c47a14e0db7",4,"Development","e0e8ba1d-a1a8-492c-a490-549b4a24c221","JG2 UX2",91,"2019-01-31 10:39:49","WindowsPlayer",NA,11,"TaskEvent",0,"0.11.141",134.537933349609,130.293029785156,77.9805450439453,0.925870835781097,0.377840399742126,0,"Find Toppo's Posters,Crash Diagnostics - Mountains,Good Morning!","49,poster1;49,poster3;49,poster4;49,poster5;49,poster6;46,jasper","Player_Base","0.11.141","TaskProgressEvent",28,"Talk to Holo-Toppo",1
"660","5c66cafee4194c47a1584052",4,"Development","e0e8ba1d-a1a8-492c-a490-549b4a24c221","JG2 UX2",91,"2019-02-15 02:21:45","WindowsPlayer",NA,11,"TaskEvent",0,"0.11.141",6.34999990463257,616.760009765625,55.9760322570801,-0.387515604496002,-0.921863079071045,0,"Find Toppo's Posters,Crash Diagnostics - Mountains,Sam’s supplies,History of WAT247","49,poster1;49,poster3;49,poster4;49,poster5;49,poster6;46,jasper;27,Talk with Sam","U3,U3_Collectibles,U3_Quests,U3_RiverSpline","0.11.141","TaskActiveEvent",28,"Argue which watershed is bigger",NA
"661","5c66cafee4194c47a1584060",4,"Development","e0e8ba1d-a1a8-492c-a490-549b4a24c221","JG2 UX2",91,"2019-02-15 02:21:45","WindowsPlayer",NA,11,"TaskEvent",0,"0.11.141",6.34999990463257,616.760009765625,55.9760322570801,-0.387515604496002,-0.921863079071045,0,"Find Toppo's Posters,Crash Diagnostics - Mountains,Sam’s supplies,History of WAT247","49,poster1;49,poster3;49,poster4;49,poster5;49,poster6;46,jasper;27,Talk with Sam;50,watershed","U3,U3_Collectibles,U3_Quests,U3_RiverSpline","0.11.141","TaskCompleteEvent",28,"Talk to Holo-Toppo",NA
"662","5c66cafee4194c47a1584061",4,"Development","e0e8ba1d-a1a8-492c-a490-549b4a24c221","JG2 UX2",91,"2019-02-15 02:21:45","WindowsPlayer",NA,11,"TaskEvent",0,"0.11.141",6.34999990463257,616.760009765625,55.9760322570801,-0.387515604496002,-0.921863079071045,0,"Find Toppo's Posters,Crash Diagnostics - Mountains,Sam’s supplies,History of WAT247","49,poster1;49,poster3;49,poster4;49,poster5;49,poster6;46,jasper;27,Talk with Sam;50,watershed;50,dissolved materials","U3,U3_Collectibles,U3_Quests,U3_RiverSpline","0.11.141","TaskCompleteEvent",28,"Argue which watershed is bigger",NA
"663","5c66cafee4194c47a1584062",4,"Development","e0e8ba1d-a1a8-492c-a490-549b4a24c221","JG2 UX2",91,"2019-02-15 02:21:45","WindowsPlayer",NA,11,"TaskEvent",0,"0.11.141",6.34999990463257,616.760009765625,55.9760322570801,-0.387515604496002,-0.921863079071045,0,"Good Morning!,Find Toppo's Posters,Crash Diagnostics - Mountains","57,Meet up with Sam;49,poster1;49,poster3;49,poster4;49,poster5;49,poster6;46,jasper","U3,U3_Collectibles,U3_Quests,U3_RiverSpline","0.11.141","TaskActiveEvent",58,"Speak with Toppo",NA
"664","5c66cafee4194c47a1584063",4,"Development","e0e8ba1d-a1a8-492c-a490-549b4a24c221","JG2 UX2",91,"2019-02-15 02:21:45","WindowsPlayer",NA,11,"TaskEvent",0,"0.11.141",6.34999990463257,616.760009765625,55.9760322570801,-0.387515604496002,-0.921863079071045,0,"Good Morning!,Find Toppo's Posters,Crash Diagnostics - Mountains,Sam’s supplies","49,poster1;49,poster3;49,poster4;49,poster5;49,poster6;46,jasper","U3,U3_Collectibles,U3_Quests,U3_RiverSpline","0.11.141","TaskProgressEvent",28,"Argue which watershed is bigger",1
"665","5c66cafee4194c47a1584065",4,"Development","e0e8ba1d-a1a8-492c-a490-549b4a24c221","JG2 UX2",91,"2019-02-15 02:21:45","WindowsPlayer",NA,11,"TaskEvent",0,"0.11.141",6.34999990463257,616.760009765625,55.9760322570801,-0.387515604496002,-0.921863079071045,0,"Find Toppo's Posters,Crash Diagnostics - Mountains,Sam’s supplies","49,poster1;49,poster3;49,poster4;49,poster5;49,poster6;46,jasper;27,Talk with Sam","U3,U3_Collectibles,U3_Quests,U3_RiverSpline","0.11.141","TaskCompleteEvent",58,"Speak with Toppo",NA
"666","5c66cafee4194c47a1584066",4,"Development","e0e8ba1d-a1a8-492c-a490-549b4a24c221","JG2 UX2",91,"2019-02-15 02:21:45","WindowsPlayer",NA,11,"TaskEvent",0,"0.11.141",6.34999990463257,616.760009765625,55.9760322570801,-0.387515604496002,-0.921863079071045,0,"Find Toppo's Posters,Crash Diagnostics - Mountains,Sam’s supplies,History of WAT247","49,poster1;49,poster3;49,poster4;49,poster5;49,poster6;46,jasper;27,Talk with Sam;50,watershed;50,dissolved materials;50,infiltration","U3,U3_Collectibles,U3_Quests,U3_RiverSpline","0.11.141","TaskProgressEvent",58,"Speak with Toppo",1
"667","5c66cb3ae4194c47a158414b",4,"Development","e0e8ba1d-a1a8-492c-a490-549b4a24c221","JG2 UX2",91,"2019-02-15 02:22:38","WindowsPlayer",NA,11,"TaskEvent",0,"0.11.141",0.663218557834625,617.859069824219,55.9760322570801,-0.501510918140411,-0.865151524543762,0,"Find Toppo's Posters,Crash Diagnostics - Mountains,Sam’s supplies,History of WAT247","49,poster1;49,poster3;49,poster4;49,poster5;49,poster6;46,jasper;27,Talk with Sam;50,watershed;50,dissolved materials;50,infiltration;50,energy","U3,U3_Collectibles,U3_Quests,U3_RiverSpline","0.11.141","TaskActiveEvent",58,"Jasper's Proposal",NA
"668","5c66cb3ae4194c47a1584150",4,"Development","e0e8ba1d-a1a8-492c-a490-549b4a24c221","JG2 UX2",91,"2019-02-15 02:22:38","WindowsPlayer",NA,11,"TaskEvent",0,"0.11.141",0.663218557834625,617.859069824219,55.9760322570801,-0.501510918140411,-0.865151524543762,0,"Find Toppo's Posters,Crash Diagnostics - Mountains,Sam’s supplies,History of WAT247","49,poster1;49,poster3;49,poster4;49,poster5;49,poster6;46,jasper;27,Talk with Sam;50,watershed;50,dissolved materials;50,infiltration;50,energy;27,Find the supplies","U3,U3_Collectibles,U3_Quests,U3_RiverSpline","0.11.141","TaskActiveEvent",58,"Head to bed",NA
"669","5c66cb3ae4194c47a1584156",4,"Development","e0e8ba1d-a1a8-492c-a490-549b4a24c221","JG2 UX2",91,"2019-02-15 02:22:38","WindowsPlayer",NA,11,"TaskEvent",0,"0.11.141",0.663218557834625,617.859069824219,55.9760322570801,-0.501510918140411,-0.865151524543762,0,"Find Toppo's Posters,Crash Diagnostics - Mountains,Sam’s supplies,History of WAT247","49,poster1;49,poster3;49,poster4;49,poster5;49,poster6;46,jasper;27,Talk with Sam;50,watershed;50,dissolved materials;50,infiltration;50,energy","U3,U3_Collectibles,U3_Quests,U3_RiverSpline","0.11.141","TaskCompleteEvent",58,"Jasper's Proposal",NA
"670","5c66cba8e4194c47a158430c",4,"Development","e0e8ba1d-a1a8-492c-a490-549b4a24c221","JG2 UX2",91,"2019-02-15 02:24:34","WindowsPlayer",NA,11,"TaskEvent",0,"0.11.141",-178.690475463867,139.865280151367,94.6804428100586,-0.318958550691605,-0.947768807411194,0,"Find Toppo's Posters,Crash Diagnostics - Mountains,Sam’s supplies,History of WAT247","49,poster1;49,poster3;49,poster4;49,poster5;49,poster6;46,jasper;50,watershed;50,dissolved materials;50,infiltration;50,energy;27,Find the supplies","U3,U3_Collectibles,U3_Quests,U3_RiverSpline","0.11.141","TaskProgressEvent",58,"Jasper's Proposal",1
"671","5c66cba9e4194c47a1584312",4,"Development","e0e8ba1d-a1a8-492c-a490-549b4a24c221","JG2 UX2",91,"2019-02-15 02:24:34","WindowsPlayer",NA,11,"TaskEvent",0,"0.11.141",-178.690475463867,139.865280151367,94.6804428100586,-0.318958550691605,-0.947768807411194,0,"Find Toppo's Posters,Crash Diagnostics - Mountains,Sam’s supplies,History of WAT247","49,poster1;49,poster3;49,poster4;49,poster5;49,poster6;46,jasper;50,watershed;50,dissolved materials;50,infiltration;50,energy;27,Find the supplies","U3,U3_Collectibles,U3_Quests,U3_RiverSpline","0.11.141","TaskProgressEvent",58,"Head to bed",1
"672","5c66cba9e4194c47a1584313",4,"Development","e0e8ba1d-a1a8-492c-a490-549b4a24c221","JG2 UX2",91,"2019-02-15 02:24:34","WindowsPlayer",NA,11,"TaskEvent",0,"0.11.141",-178.690475463867,139.865280151367,94.6804428100586,-0.318958550691605,-0.947768807411194,0,"Find Toppo's Posters,Crash Diagnostics - Mountains,Sam’s supplies,History of WAT247","49,poster1;49,poster3;49,poster4;49,poster5;49,poster6;46,jasper;50,watershed;50,dissolved materials;50,infiltration;50,energy;27,Find the supplies;27,Deliver crates","U3,U3_Collectibles,U3_Quests,U3_RiverSpline","0.11.141","TaskActiveEvent",57,"Meet up with Sam",NA
"673","5c66cc4de4194c47a1584592",4,"Development","e0e8ba1d-a1a8-492c-a490-549b4a24c221","JG2 UX2",91,"2019-02-15 02:27:13","WindowsPlayer",NA,11,"TaskEvent",0,"0.11.141",-315.597351074219,47.4936332702637,56.680290222168,-0.725373923778534,-0.688355326652527,0,"Find Toppo's Posters,Crash Diagnostics - Mountains,Sam’s supplies,History of WAT247","49,poster1;49,poster3;49,poster4;49,poster5;49,poster6;46,jasper;50,watershed;50,dissolved materials;50,infiltration;50,energy;27,Deliver crates","U3,U3_Collectibles,U3_Quests,U3_RiverSpline","0.11.141","TaskCompleteEvent",58,"Head to bed",NA
"674","5c66cd16e4194c47a15848a7",4,"Development","e0e8ba1d-a1a8-492c-a490-549b4a24c221","JG2 UX2",91,"2019-02-15 02:30:38","WindowsPlayer",NA,11,"TaskEvent",0,"0.11.141",-214.532852172852,-304.190979003906,56.6999816894531,0.525469303131104,-0.850812554359436,0,"Find Toppo's Posters,Crash Diagnostics - Mountains,Sam’s supplies,History of WAT247","49,poster1;49,poster3;49,poster4;49,poster5;49,poster6;46,jasper;50,watershed;50,dissolved materials;50,infiltration;50,energy;27,Deliver crates","U3,U3_Collectibles,U3_Quests,U3_RiverSpline","0.11.141","TaskActiveEvent",27,"Talk with Sam",NA
"675","5c66cdcae4194c47a15849d5",4,"Development","e0e8ba1d-a1a8-492c-a490-549b4a24c221","JG2 UX2",91,"2019-02-15 02:33:39","WindowsPlayer",NA,11,"TaskEvent",0,"0.11.141",114.010780334473,-46.2937469482422,54.711353302002,0.923211753368378,0.384291887283325,0,"Find Toppo's Posters,Crash Diagnostics - Mountains,Sam’s supplies,History of WAT247","49,poster1;49,poster3;49,poster4;49,poster5;49,poster6;46,jasper;50,watershed;50,dissolved materials;50,infiltration;50,energy;27,Deliver crates","U3,U3_Collectibles,U3_Quests,U3_RiverSpline","0.11.141","TaskCompleteEvent",57,"Meet up with Sam",NA
"676","5c66ce74e4194c47a1584ad8",4,"Development","e0e8ba1d-a1a8-492c-a490-549b4a24c221","JG2 UX2",91,"2019-02-15 02:36:29","WindowsPlayer",NA,11,"TaskEvent",0,"0.11.141",116.200141906738,48.3261070251465,55.4021453857422,0.896485030651093,-0.443074464797974,0,"Find Toppo's Posters,Crash Diagnostics - Mountains,Sam’s supplies,History of WAT247","49,poster1;49,poster3;49,poster4;49,poster5;49,poster6;46,jasper;50,watershed;50,dissolved materials;50,infiltration;50,energy;27,Deliver crates","U3,U3_Collectibles,U3_Quests,U3_RiverSpline","0.11.141","TaskProgressEvent",57,"Meet up with Sam",1
"677","5c66ce74e4194c47a1584adc",4,"Development","e0e8ba1d-a1a8-492c-a490-549b4a24c221","JG2 UX2",91,"2019-02-15 02:36:29","WindowsPlayer",NA,11,"TaskEvent",0,"0.11.141",116.200141906738,48.3261070251465,55.4021453857422,0.896485030651093,-0.443074464797974,0,"Find Toppo's Posters,Crash Diagnostics - Mountains,History of WAT247,Sam’s base is polluted!","49,poster1;49,poster3;49,poster4;49,poster5;49,poster6;46,jasper;50,watershed;50,dissolved materials;50,infiltration;50,energy;24,Return to Sam","U3,U3_Collectibles,U3_Quests,U3_RiverSpline","0.11.141","TaskActiveEvent",50,"watershed",NA
"678","5c66ce74e4194c47a1584add",4,"Development","e0e8ba1d-a1a8-492c-a490-549b4a24c221","JG2 UX2",91,"2019-02-15 02:36:29","WindowsPlayer",NA,11,"TaskEvent",0,"0.11.141",116.200141906738,48.3261070251465,55.4021453857422,0.896485030651093,-0.443074464797974,0,"Find Toppo's Posters,Crash Diagnostics - Mountains,Sam’s supplies,History of WAT247,Sam’s base is polluted!","49,poster1;49,poster3;49,poster4;49,poster5;49,poster6;46,jasper;50,watershed;50,dissolved materials;50,infiltration;50,energy","U3,U3_Collectibles,U3_Quests,U3_RiverSpline","0.11.141","TaskActiveEvent",50,"dissolved materials",NA
"679","5c66cf15e4194c47a1584bcb",4,"Development","e0e8ba1d-a1a8-492c-a490-549b4a24c221","JG2 UX2",91,"2019-02-15 02:39:04","WindowsPlayer",NA,11,"TaskEvent",0,"0.11.141",0.0751776844263077,617.060363769531,55.9760322570801,0.0941048935055733,-0.995562672615051,0,"Find Toppo's Posters,Crash Diagnostics - Mountains,History of WAT247,Sam’s base is polluted!","49,poster1;49,poster3;49,poster4;49,poster5;49,poster6;46,jasper;50,watershed;50,dissolved materials;50,infiltration;50,energy;24,Return to Sam","U3,U3_Collectibles,U3_Quests,U3_RiverSpline","0.11.141","TaskActiveEvent",50,"energy",NA
"680","5c66cf15e4194c47a1584bcd",4,"Development","e0e8ba1d-a1a8-492c-a490-549b4a24c221","JG2 UX2",91,"2019-02-15 02:39:04","WindowsPlayer",NA,11,"TaskEvent",0,"0.11.141",0.0751776844263077,617.060363769531,55.9760322570801,0.0941048935055733,-0.995562672615051,0,"Find Toppo's Posters,Crash Diagnostics - Mountains,History of WAT247,Sam’s base is polluted!","49,poster1;49,poster3;49,poster4;49,poster5;49,poster6;46,jasper;50,watershed;50,dissolved materials;50,infiltration;50,energy;24,Return to Sam;24,Test the base's water","U3,U3_Collectibles,U3_Quests,U3_RiverSpline","0.11.141","TaskActiveEvent",50,"infiltration",NA
"681","5c66cf15e4194c47a1584bd2",4,"Development","e0e8ba1d-a1a8-492c-a490-549b4a24c221","JG2 UX2",91,"2019-02-15 02:39:04","WindowsPlayer",NA,11,"TaskEvent",0,"0.11.141",0.0751776844263077,617.060363769531,55.9760322570801,0.0941048935055733,-0.995562672615051,0,"Find Toppo's Posters,Crash Diagnostics - Mountains,History of WAT247,Sam’s base is polluted!","49,poster1;49,poster3;49,poster4;49,poster5;49,poster6;46,jasper;50,watershed;50,dissolved materials;50,infiltration;50,energy;24,Return to Sam","U3,U3_Collectibles,U3_Quests,U3_RiverSpline","0.11.141","TaskProgressEvent",27,"Talk with Sam",1
"682","5c66cf4ce4194c47a1584c36",4,"Development","e0e8ba1d-a1a8-492c-a490-549b4a24c221","JG2 UX2",91,"2019-02-15 02:40:06","WindowsPlayer",NA,11,"TaskEvent",0,"0.11.141",90.4019622802734,586.428039550781,55.9756927490234,0.673009693622589,-0.739633917808533,0,"Find Toppo's Posters,Crash Diagnostics - Mountains,History of WAT247,Sam’s base is polluted!","49,poster1;49,poster3;49,poster4;49,poster5;49,poster6;46,jasper;50,watershed;50,dissolved materials;50,infiltration;50,energy;24,Test the base's water","U3,U3_Collectibles,U3_Quests,U3_RiverSpline","0.11.141","TaskActiveEvent",27,"Find the supplies",NA
"683","5c66cf4ce4194c47a1584c37",4,"Development","e0e8ba1d-a1a8-492c-a490-549b4a24c221","JG2 UX2",91,"2019-02-15 02:40:06","WindowsPlayer",NA,11,"TaskEvent",0,"0.11.141",90.4019622802734,586.428039550781,55.9756927490234,0.673009693622589,-0.739633917808533,0,"Find Toppo's Posters,Crash Diagnostics - Mountains,History of WAT247,Sam’s base is polluted!","49,poster1;49,poster3;49,poster4;49,poster5;49,poster6;46,jasper;50,watershed;50,dissolved materials;50,infiltration;50,energy;24,Test the base's water","U3,U3_Collectibles,U3_Quests,U3_RiverSpline","0.11.141","TaskCompleteEvent",27,"Talk with Sam",NA
"684","5c66cf4ce4194c47a1584c3d",4,"Development","e0e8ba1d-a1a8-492c-a490-549b4a24c221","JG2 UX2",91,"2019-02-15 02:40:06","WindowsPlayer",NA,11,"TaskEvent",0,"0.11.141",90.4019622802734,586.428039550781,55.9756927490234,0.673009693622589,-0.739633917808533,0,"Find Toppo's Posters,Crash Diagnostics - Mountains,History of WAT247,Sam’s base is polluted!","49,poster1;49,poster3;49,poster4;49,poster5;49,poster6;46,jasper;50,watershed;50,dissolved materials;50,infiltration;50,energy;24,Test the base's water;24,Trace the pollutant","U3,U3_Collectibles,U3_Quests,U3_RiverSpline","0.11.141","TaskCompleteEvent",27,"Find the supplies",NA
"685","5c66d312e4194c47a1585469",4,"Development","e0e8ba1d-a1a8-492c-a490-549b4a24c221","JG2 UX2",91,"2019-02-15 02:56:14","WindowsPlayer",NA,11,"TaskEvent",0,"0.11.141",643.478942871094,-304.542541503906,54.9799995422363,0.268922448158264,0.963161826133728,0,"Find Toppo's Posters,Crash Diagnostics - Mountains,History of WAT247,Sam’s base is polluted!","49,poster1;49,poster3;49,poster4;49,poster5;49,poster6;46,jasper;50,watershed;50,dissolved materials;50,infiltration;50,energy;24,Trace the pollutant","U3,U3_Collectibles,U3_Quests,U3_RiverSpline","0.11.141","TaskProgressEvent",27,"Find the supplies",1
"686","5c66d312e4194c47a158546a",4,"Development","e0e8ba1d-a1a8-492c-a490-549b4a24c221","JG2 UX2",91,"2019-02-15 02:56:14","WindowsPlayer",NA,11,"TaskEvent",0,"0.11.141",643.478942871094,-304.542541503906,54.9799995422363,0.268922448158264,0.963161826133728,0,"Find Toppo's Posters,Crash Diagnostics - Mountains,History of WAT247,Sam’s base is polluted!","49,poster1;49,poster3;49,poster4;49,poster5;49,poster6;46,jasper;50,watershed;50,dissolved materials;50,infiltration;50,energy;24,Trace the pollutant","U3,U3_Collectibles,U3_Quests,U3_RiverSpline","0.11.141","TaskActiveEvent",27,"Deliver crates",NA
"687","5c66d312e4194c47a1585471",4,"Development","e0e8ba1d-a1a8-492c-a490-549b4a24c221","JG2 UX2",91,"2019-02-15 02:56:14","WindowsPlayer",NA,11,"TaskEvent",0,"0.11.141",643.478942871094,-304.542541503906,54.9799995422363,0.268922448158264,0.963161826133728,0,"Find Toppo's Posters,Crash Diagnostics - Mountains,History of WAT247,Sam’s base is polluted!","49,poster1;49,poster3;49,poster4;49,poster5;49,poster6;46,jasper;50,watershed;50,dissolved materials;50,infiltration;50,energy;24,Trace the pollutant;24,Open the Claimer System","U3,U3_Collectibles,U3_Quests,U3_RiverSpline","0.11.141","TaskProgressEvent",27,"Deliver crates",1
"688","5c66d344e4194c47a15854bc",4,"Development","e0e8ba1d-a1a8-492c-a490-549b4a24c221","JG2 UX2",91,"2019-02-15 02:56:56","WindowsPlayer",NA,11,"TaskEvent",0,"0.11.141",653.073303222656,-269.844818115234,54.9799995422363,0.064534991979599,0.99791544675827,0,"Find Toppo's Posters,Crash Diagnostics - Mountains,History of WAT247,Sam’s base is polluted!,The Pollutant","49,poster1;49,poster3;49,poster4;49,poster5;49,poster6;46,jasper;50,watershed;50,dissolved materials;50,infiltration;50,energy","U3,U3_Collectibles,U3_Quests,U3_RiverSpline","0.11.141","TaskProgressEvent",27,"Deliver crates",3
"689","5c66d344e4194c47a15854c0",4,"Development","e0e8ba1d-a1a8-492c-a490-549b4a24c221","JG2 UX2",91,"2019-02-15 02:56:56","WindowsPlayer",NA,11,"TaskEvent",0,"0.11.141",653.073303222656,-269.844818115234,54.9799995422363,0.064534991979599,0.99791544675827,0,"Find Toppo's Posters,Crash Diagnostics - Mountains,History of WAT247,Sam’s base is polluted!","49,poster1;49,poster3;49,poster4;49,poster5;49,poster6;46,jasper;50,watershed;50,dissolved materials;50,infiltration;50,energy;24,Open the Claimer System","U3,U3_Collectibles,U3_Quests,U3_RiverSpline","0.11.141","TaskProgressEvent",27,"Deliver crates",4
"690","5c66d344e4194c47a15854c1",4,"Development","e0e8ba1d-a1a8-492c-a490-549b4a24c221","JG2 UX2",91,"2019-02-15 02:56:56","WindowsPlayer",NA,11,"TaskEvent",0,"0.11.141",653.073303222656,-269.844818115234,54.9799995422363,0.064534991979599,0.99791544675827,0,"Find Toppo's Posters,Crash Diagnostics - Mountains,History of WAT247,The Pollutant","49,poster1;49,poster3;49,poster4;49,poster5;49,poster6;46,jasper;50,watershed;50,dissolved materials;50,infiltration;50,energy;0,Convince Bill the pollutant is nearby","U3,U3_Collectibles,U3_Quests,U3_RiverSpline","0.11.141","TaskCompleteEvent",27,"Deliver crates",NA
"691","5c66d426e4194c47a1585627",4,"Development","e0e8ba1d-a1a8-492c-a490-549b4a24c221","JG2 UX2",91,"2019-02-15 03:00:47","WindowsPlayer",NA,11,"TaskEvent",0,"0.11.141",617.7021484375,-229.25422668457,64.5426330566406,-0.984807252883911,0.173651039600372,0,"Find Toppo's Posters,Crash Diagnostics - Mountains,History of WAT247,The Pollutant","49,poster1;49,poster3;49,poster4;49,poster5;49,poster6;46,jasper;50,watershed;50,dissolved materials;50,infiltration;50,energy;0,Convince Bill the pollutant is nearby","U3,U3_Collectibles,U3_Quests,U3_RiverSpline","0.11.141","TaskActiveEvent",24,"Return to Sam",NA
"692","5c66d426e4194c47a158562b",4,"Development","e0e8ba1d-a1a8-492c-a490-549b4a24c221","JG2 UX2",91,"2019-02-15 03:00:47","WindowsPlayer",NA,11,"TaskEvent",0,"0.11.141",617.7021484375,-229.25422668457,64.5426330566406,-0.984807252883911,0.173651039600372,0,"Find Toppo's Posters,Crash Diagnostics - Mountains,History of WAT247,The Pollutant","49,poster1;49,poster3;49,poster4;49,poster5;49,poster6;46,jasper;50,watershed;50,dissolved materials;50,infiltration;50,energy;0,Convince Bill the pollutant is nearby","U3,U3_Collectibles,U3_Quests,U3_RiverSpline","0.11.141","TaskActiveEvent",24,"Test the base's water",NA
"693","5c66d426e4194c47a1585630",4,"Development","e0e8ba1d-a1a8-492c-a490-549b4a24c221","JG2 UX2",91,"2019-02-15 03:00:47","WindowsPlayer",NA,11,"TaskEvent",0,"0.11.141",617.7021484375,-229.25422668457,64.5426330566406,-0.984807252883911,0.173651039600372,0,"Find Toppo's Posters,Crash Diagnostics - Mountains,History of WAT247,The Pollutant","49,poster1;49,poster3;49,poster4;49,poster5;49,poster6;46,jasper;50,watershed;50,dissolved materials;50,infiltration;50,energy;0,Convince Bill the pollutant is nearby;0,Identify pollutant","U3,U3_Collectibles,U3_Quests,U3_RiverSpline","0.11.141","TaskProgressEvent",24,"Return to Sam",1
"694","5c66d458e4194c47a1585663",4,"Development","e0e8ba1d-a1a8-492c-a490-549b4a24c221","JG2 UX2",91,"2019-02-15 03:01:36","WindowsPlayer",NA,11,"TaskEvent",0,"0.11.141",617.7021484375,-229.25422668457,64.5426330566406,-0.984807252883911,0.173651039600372,0,"Find Toppo's Posters,Crash Diagnostics - Mountains,History of WAT247,The Pollutant","49,poster1;49,poster3;49,poster4;49,poster5;49,poster6;46,jasper;50,watershed;50,dissolved materials;50,infiltration;50,energy;0,Identify pollutant","U3,U3_Collectibles,U3_Quests,U3_RiverSpline","0.11.141","TaskCompleteEvent",24,"Return to Sam",NA
"695","5c66d458e4194c47a1585669",4,"Development","e0e8ba1d-a1a8-492c-a490-549b4a24c221","JG2 UX2",91,"2019-02-15 03:01:36","WindowsPlayer",NA,11,"TaskEvent",0,"0.11.141",617.7021484375,-229.25422668457,64.5426330566406,-0.984807252883911,0.173651039600372,0,"Find Toppo's Posters,Crash Diagnostics - Mountains,History of WAT247,The Pollutant","49,poster1;49,poster3;49,poster4;49,poster5;49,poster6;46,jasper;50,watershed;50,dissolved materials;50,infiltration;50,energy;0,Identify pollutant","U3,U3_Collectibles,U3_Quests,U3_RiverSpline","0.11.141","TaskProgressEvent",24,"Test the base's water",1
"696","5c66d458e4194c47a158566a",4,"Development","e0e8ba1d-a1a8-492c-a490-549b4a24c221","JG2 UX2",91,"2019-02-15 03:01:36","WindowsPlayer",NA,11,"TaskEvent",0,"0.11.141",617.7021484375,-229.25422668457,64.5426330566406,-0.984807252883911,0.173651039600372,0,"Find Toppo's Posters,Crash Diagnostics - Mountains,History of WAT247,The Pollutant","49,poster1;49,poster3;49,poster4;49,poster5;49,poster6;46,jasper;50,watershed;50,dissolved materials;50,infiltration;50,energy;0,Identify pollutant;0,Talk with Sam","U3,U3_Collectibles,U3_Quests,U3_RiverSpline","0.11.141","TaskActiveEvent",24,"Trace the pollutant",NA
"697","5c66d4a3e4194c47a15856cd",4,"Development","e0e8ba1d-a1a8-492c-a490-549b4a24c221","JG2 UX2",91,"2019-02-15 03:02:50","WindowsPlayer",NA,11,"TaskEvent",0,"0.11.141",5.54998779296875,626.559997558594,56.9300003051758,-0.772620797157288,-0.633005142211914,-0.0486011281609535,"Find Toppo's Posters,Crash Diagnostics - Mountains,History of WAT247,The Pollutant","49,poster1;49,poster3;49,poster4;49,poster5;49,poster6;46,jasper;50,watershed;50,dissolved materials;50,infiltration;50,energy;0,Talk with Sam","U3,U3_Collectibles,U3_Quests,U3_RiverSpline","0.11.141","TaskCompleteEvent",24,"Test the base's water",NA
"698","5c66d4a3e4194c47a15856ce",4,"Development","e0e8ba1d-a1a8-492c-a490-549b4a24c221","JG2 UX2",91,"2019-02-15 03:02:50","WindowsPlayer",NA,11,"TaskEvent",0,"0.11.141",5.54998779296875,626.559997558594,56.9300003051758,-0.772620797157288,-0.633005142211914,-0.0486011281609535,"Find Toppo's Posters,Crash Diagnostics - Mountains,History of WAT247,The Pollutant,Alien Gardens","49,poster1;49,poster3;49,poster4;49,poster5;49,poster6;46,jasper;50,watershed;50,dissolved materials;50,infiltration;50,energy","U3,U3_Collectibles,U3_Quests,U3_RiverSpline","0.11.141","TaskProgressEvent",49,"poster3",1
"699","5c66d4a3e4194c47a15856cf",4,"Development","e0e8ba1d-a1a8-492c-a490-549b4a24c221","JG2 UX2",91,"2019-02-15 03:02:50","WindowsPlayer",NA,11,"TaskEvent",0,"0.11.141",5.54998779296875,626.559997558594,56.9300003051758,-0.772620797157288,-0.633005142211914,-0.0486011281609535,"Find Toppo's Posters,Crash Diagnostics - Mountains,History of WAT247,Alien Gardens","49,poster1;49,poster3;49,poster4;49,poster5;49,poster6;46,jasper;50,watershed;50,dissolved materials;50,infiltration;50,energy;86,Talk to Sam","U3,U3_Collectibles,U3_Quests,U3_RiverSpline","0.11.141","TaskCompleteEvent",49,"poster3",NA
"700","5c66d4a8e4194c47a15856dc",4,"Development","e0e8ba1d-a1a8-492c-a490-549b4a24c221","JG2 UX2",91,"2019-02-15 03:03:02","WindowsPlayer",NA,11,"TaskEvent",0,"0.11.141",0.543004214763641,619.455871582031,55.9760322570801,-0.73491644859314,-0.678157687187195,0,"Find Toppo's Posters,Crash Diagnostics - Mountains,History of WAT247,Alien Gardens","49,poster1;49,poster3;49,poster4;49,poster5;49,poster6;46,jasper;50,watershed;50,dissolved materials;50,infiltration;50,energy;86,Talk to Sam;86,Examine a Garden","U3,U3_Collectibles,U3_Quests,U3_RiverSpline","0.11.141","TaskCompleteEvent",24,"Open the Claimer System",NA
"701","5c66d4a8e4194c47a15856e6",4,"Development","e0e8ba1d-a1a8-492c-a490-549b4a24c221","JG2 UX2",91,"2019-02-15 03:03:02","WindowsPlayer",NA,11,"TaskEvent",0,"0.11.141",0.543004214763641,619.455871582031,55.9760322570801,-0.73491644859314,-0.678157687187195,0,"Find Toppo's Posters,Crash Diagnostics - Mountains,History of WAT247,Alien Gardens","49,poster1;49,poster3;49,poster4;49,poster5;49,poster6;46,jasper;50,watershed;50,dissolved materials;50,infiltration;50,energy;86,Talk to Sam","U3,U3_Collectibles,U3_Quests,U3_RiverSpline","0.11.141","TaskActiveEvent",0,"Convince Bill the pollutant is nearby",NA
"702","5c66d4a8e4194c47a15856e7",4,"Development","e0e8ba1d-a1a8-492c-a490-549b4a24c221","JG2 UX2",91,"2019-02-15 03:03:02","WindowsPlayer",NA,11,"TaskEvent",0,"0.11.141",0.543004214763641,619.455871582031,55.9760322570801,-0.73491644859314,-0.678157687187195,0,"Find Toppo's Posters,Crash Diagnostics - Mountains,History of WAT247,Alien Gardens","49,poster1;49,poster3;49,poster4;49,poster5;49,poster6;46,jasper;50,watershed;50,dissolved materials;50,infiltration;50,energy;86,Talk to Sam","U3,U3_Collectibles,U3_Quests,U3_RiverSpline","0.11.141","TaskProgressEvent",24,"Open the Claimer System",1
"703","5c66d502e4194c47a1585773",4,"Development","e0e8ba1d-a1a8-492c-a490-549b4a24c221","JG2 UX2",91,"2019-02-15 03:04:31","WindowsPlayer",NA,11,"TaskEvent",0,"0.11.141",-239.602279663086,5.75782871246338,64.8633880615234,-0.421039164066315,-0.907042741775513,0,"Find Toppo's Posters,Crash Diagnostics - Mountains,History of WAT247,Alien Gardens","49,poster1;49,poster3;49,poster4;49,poster5;49,poster6;46,jasper;50,watershed;50,dissolved materials;50,infiltration;50,energy;86,Examine a Garden","U3,U3_Collectibles,U3_Quests,U3_RiverSpline","0.11.141","TaskCompleteEvent",24,"Trace the pollutant",NA
"704","5c66d502e4194c47a1585778",4,"Development","e0e8ba1d-a1a8-492c-a490-549b4a24c221","JG2 UX2",91,"2019-02-15 03:04:31","WindowsPlayer",NA,11,"TaskEvent",0,"0.11.141",-239.602279663086,5.75782871246338,64.8633880615234,-0.421039164066315,-0.907042741775513,0,"Find Toppo's Posters,Crash Diagnostics - Mountains,History of WAT247,Alien Gardens","49,poster1;49,poster3;49,poster4;49,poster5;49,poster6;46,jasper;50,watershed;50,dissolved materials;50,infiltration;50,energy;86,Examine a Garden;86,Check out the Supertree","U3,U3_Collectibles,U3_Quests,U3_RiverSpline","0.11.141","TaskProgressEvent",24,"Trace the pollutant",1
"705","5c66d503e4194c47a158577a",4,"Development","e0e8ba1d-a1a8-492c-a490-549b4a24c221","JG2 UX2",91,"2019-02-15 03:04:31","WindowsPlayer",NA,11,"TaskEvent",0,"0.11.141",-239.602279663086,5.75782871246338,64.8633880615234,-0.421039164066315,-0.907042741775513,0,"Find Toppo's Posters,Crash Diagnostics - Mountains,History of WAT247,Alien Gardens","49,poster1;49,poster3;49,poster4;49,poster5;49,poster6;46,jasper;50,watershed;50,dissolved materials;50,infiltration;50,energy;86,Examine a Garden","U3,U3_Collectibles,U3_Quests,U3_RiverSpline","0.11.141","TaskActiveEvent",24,"Open the Claimer System",NA
"706","5c66d557e4194c47a1585801",4,"Development","e0e8ba1d-a1a8-492c-a490-549b4a24c221","JG2 UX2",91,"2019-02-15 03:05:55","WindowsPlayer",NA,11,"TaskEvent",0,"0.11.141",-635.885803222656,-352.225524902344,73.8373413085938,0.930416107177734,-0.366505026817322,0,"Find Toppo's Posters,Crash Diagnostics - Mountains,History of WAT247,Alien Gardens","49,poster1;49,poster3;49,poster4;49,poster5;49,poster6;46,jasper;50,watershed;50,dissolved materials;50,infiltration;50,energy;86,Check out the Supertree","U3,U3_Collectibles,U3_Quests,U3_RiverSpline","0.11.141","TaskProgressEvent",27,"Deliver crates",2
"707","5c66d558e4194c47a1585806",4,"Development","e0e8ba1d-a1a8-492c-a490-549b4a24c221","JG2 UX2",91,"2019-02-15 03:05:55","WindowsPlayer",NA,11,"TaskEvent",0,"0.11.141",-635.885803222656,-352.225524902344,73.8373413085938,0.930416107177734,-0.366505026817322,0,"Find Toppo's Posters,Crash Diagnostics - Mountains,History of WAT247,Alien Gardens,The Ruins","49,poster1;49,poster3;49,poster4;49,poster5;49,poster6;46,jasper;50,watershed;50,dissolved materials;50,infiltration;50,energy","U3,U3_Collectibles,U3_Quests,U3_RiverSpline","0.11.141","TaskProgressEvent",0,"Convince Bill the pollutant is nearby",1
"708","5c66d558e4194c47a1585807",4,"Development","e0e8ba1d-a1a8-492c-a490-549b4a24c221","JG2 UX2",91,"2019-02-15 03:05:55","WindowsPlayer",NA,11,"TaskEvent",0,"0.11.141",-635.885803222656,-352.225524902344,73.8373413085938,0.930416107177734,-0.366505026817322,0,"Find Toppo's Posters,Crash Diagnostics - Mountains,History of WAT247,The Ruins","49,poster1;49,poster3;49,poster4;49,poster5;49,poster6;46,jasper;50,watershed;50,dissolved materials;50,infiltration;50,energy;87,Gain Acces to the Ruins","U3,U3_Collectibles,U3_Quests,U3_RiverSpline","0.11.141","TaskActiveEvent",0,"Identify pollutant",NA
"709","5c66d598e4194c47a1585898",4,"Development","e0e8ba1d-a1a8-492c-a490-549b4a24c221","JG2 UX2",91,"2019-02-15 03:06:59","WindowsPlayer",NA,11,"TaskEvent",0,"0.11.141",-559.297485351562,-460.074737548828,74.3499984741211,0.998629331588745,-0.0523405075073242,0,"Find Toppo's Posters,Crash Diagnostics - Mountains,History of WAT247,The Ruins","49,poster1;49,poster3;49,poster4;49,poster5;49,poster6;46,jasper;50,watershed;50,dissolved materials;50,infiltration;50,energy;87,Pickup the Key","U3,U3_Collectibles,U3_Quests,U3_RiverSpline","0.11.141","TaskCompleteEvent",0,"Convince Bill the pollutant is nearby",NA
"710","5c66d598e4194c47a158589b",4,"Development","e0e8ba1d-a1a8-492c-a490-549b4a24c221","JG2 UX2",91,"2019-02-15 03:06:59","WindowsPlayer",NA,11,"TaskEvent",0,"0.11.141",-559.297485351562,-460.074737548828,74.3499984741211,0.998629331588745,-0.0523405075073242,0,"Find Toppo's Posters,Crash Diagnostics - Mountains,History of WAT247,The Ruins","49,poster1;49,poster3;49,poster4;49,poster5;49,poster6;46,jasper;50,watershed;50,dissolved materials;50,infiltration;50,energy;87,Pickup the Key;87,Unlock the door","U3,U3_Collectibles,U3_Quests,U3_RiverSpline","0.11.141","TaskProgressEvent",0,"Identify pollutant",1
"711","5c66d598e4194c47a15858a2",4,"Development","e0e8ba1d-a1a8-492c-a490-549b4a24c221","JG2 UX2",91,"2019-02-15 03:06:59","WindowsPlayer",NA,11,"TaskEvent",0,"0.11.141",-559.297485351562,-460.074737548828,74.3499984741211,0.998629331588745,-0.0523405075073242,0,"Find Toppo's Posters,Crash Diagnostics - Mountains,History of WAT247,The Ruins","49,poster1;49,poster3;49,poster4;49,poster5;49,poster6;46,jasper;50,watershed;50,dissolved materials;50,infiltration;50,energy;87,Pickup the Key","U3,U3_Collectibles,U3_Quests,U3_RiverSpline","0.11.141","TaskCompleteEvent",0,"Identify pollutant",NA
"712","5c66d59de4194c47a15858ac",4,"Development","e0e8ba1d-a1a8-492c-a490-549b4a24c221","JG2 UX2",91,"2019-02-15 03:06:53","WindowsPlayer",NA,11,"TaskEvent",0,"0.11.141",-561.578735351562,-462.799011230469,75.1838073730469,-0.182240158319473,-0.983254313468933,0,"Find Toppo's Posters,Crash Diagnostics - Mountains,History of WAT247,The Ruins","49,poster1;49,poster3;49,poster4;49,poster5;49,poster6;46,jasper;50,watershed;50,dissolved materials;50,infiltration;50,energy;87,Gain Acces to the Ruins","U3,U3_Collectibles,U3_Quests,U3_RiverSpline","0.11.141","TaskActiveEvent",0,"Talk with Sam",NA
"713","5c66d59de4194c47a15858b0",4,"Development","e0e8ba1d-a1a8-492c-a490-549b4a24c221","JG2 UX2",91,"2019-02-15 03:06:53","WindowsPlayer",NA,11,"TaskEvent",0,"0.11.141",-561.578735351562,-462.799011230469,75.1838073730469,-0.182240158319473,-0.983254313468933,0,"Find Toppo's Posters,Crash Diagnostics - Mountains,History of WAT247,The Ruins","49,poster1;49,poster3;49,poster4;49,poster5;49,poster6;46,jasper;50,watershed;50,dissolved materials;50,infiltration;50,energy;87,Gain Acces to the Ruins","U3,U3_Collectibles,U3_Quests,U3_RiverSpline","0.11.141","TaskCompleteEvent",0,"Talk with Sam",NA
"714","5c66d59de4194c47a15858b3",4,"Development","e0e8ba1d-a1a8-492c-a490-549b4a24c221","JG2 UX2",91,"2019-02-15 03:06:53","WindowsPlayer",NA,11,"TaskEvent",0,"0.11.141",-561.578735351562,-462.799011230469,75.1838073730469,-0.182240158319473,-0.983254313468933,0,"Find Toppo's Posters,Crash Diagnostics - Mountains,History of WAT247,The Ruins","49,poster1;49,poster3;49,poster4;49,poster5;49,poster6;46,jasper;50,watershed;50,dissolved materials;50,infiltration;50,energy;87,Gain Acces to the Ruins;87,Pickup the Key","U3,U3_Collectibles,U3_Quests,U3_RiverSpline","0.11.141","TaskActiveEvent",86,"Talk to Sam",NA
"715","5c66d5a7e4194c47a15858c0",4,"Development","e0e8ba1d-a1a8-492c-a490-549b4a24c221","JG2 UX2",91,"2019-02-15 03:07:04","WindowsPlayer",NA,11,"TaskEvent",0,"0.11.141",-563.417846679688,-460.915374755859,73.8939743041992,-0.870358228683472,-0.492418885231018,0,"Find Toppo's Posters,Crash Diagnostics - Mountains,History of WAT247,The Ruins","49,poster1;49,poster3;49,poster4;49,poster5;49,poster6;46,jasper;50,watershed;50,dissolved materials;50,infiltration;50,energy;87,Unlock the door","U3,U3_Collectibles,U3_Quests,U3_RiverSpline","0.11.141","TaskProgressEvent",0,"Talk with Sam",1
"716","5c66d5a7e4194c47a15858c2",4,"Development","e0e8ba1d-a1a8-492c-a490-549b4a24c221","JG2 UX2",91,"2019-02-15 03:07:04","WindowsPlayer",NA,11,"TaskEvent",0,"0.11.141",-563.417846679688,-460.915374755859,73.8939743041992,-0.870358228683472,-0.492418885231018,0,"Find Toppo's Posters,Crash Diagnostics - Mountains,History of WAT247,The Ruins","49,poster1;49,poster3;49,poster4;49,poster5;49,poster6;46,jasper;50,watershed;50,dissolved materials;50,infiltration;50,energy;87,Unlock the door","U3,U3_Collectibles,U3_Quests,U3_RiverSpline","0.11.141","TaskProgressEvent",86,"Talk to Sam",1
"717","5c66d668e4194c47a1585924",4,"Development","e0e8ba1d-a1a8-492c-a490-549b4a24c221","JG2 UX2",91,"2019-02-15 03:10:28","WindowsPlayer",NA,11,"TaskEvent",0,"0.11.141",-560.515747070312,-461.386566162109,74.3930130004883,-0.297379463911057,-0.954759240150452,0,"The Ruins,History of WAT247,Find Toppo's Posters,Crash Diagnostics - Mountains","87,Enter the ruins;50,watershed;50,infiltration;50,energy;49,poster1;49,poster3;49,poster4;49,poster5;49,poster6;46,jasper","U3,U3_Collectibles,U3_Quests,U3_RiverSpline","0.11.141","TaskActiveEvent",86,"Examine a Garden",NA
"718","5c66d668e4194c47a1585926",4,"Development","e0e8ba1d-a1a8-492c-a490-549b4a24c221","JG2 UX2",91,"2019-02-15 03:10:28","WindowsPlayer",NA,11,"TaskEvent",0,"0.11.141",-560.515747070312,-461.386566162109,74.3930130004883,-0.297379463911057,-0.954759240150452,0,"The Ruins,History of WAT247,Find Toppo's Posters,Crash Diagnostics - Mountains,Collect all the Pumps in the Alien Facility","50,watershed;50,infiltration;50,energy;49,poster1;49,poster3;49,poster4;49,poster5;49,poster6;46,jasper","U3,U3_Collectibles,U3_Quests,U3_RiverSpline,U3_Dungeon_Side_Quest","0.11.141","TaskCompleteEvent",86,"Talk to Sam",NA
"719","5c66d668e4194c47a1585936",4,"Development","e0e8ba1d-a1a8-492c-a490-549b4a24c221","JG2 UX2",91,"2019-02-15 03:10:28","WindowsPlayer",NA,11,"TaskEvent",0,"0.11.141",-560.515747070312,-461.386566162109,74.3930130004883,-0.297379463911057,-0.954759240150452,0,"History of WAT247,Find Toppo's Posters,Crash Diagnostics - Mountains,Collect all the Pumps in the Alien Facility","50,watershed;50,infiltration;50,energy;49,poster1;49,poster3;49,poster4;49,poster5;49,poster6;46,jasper;75,Pump1","U3,U3_Collectibles,U3_Quests,U3_RiverSpline,U3_Dungeon_Side_Quest","0.11.141","TaskCompleteEvent",86,"Examine a Garden",NA
"720","5c66d66de4194c47a1585953",4,"Development","e0e8ba1d-a1a8-492c-a490-549b4a24c221","JG2 UX2",91,"2019-02-15 03:08:32","WindowsPlayer",NA,11,"TaskEvent",0,"0.11.141",-561.833984375,-462.316558837891,75.1838073730469,-0.0523408614099026,-0.998629570007324,0,"Find Toppo's Posters,Crash Diagnostics - Mountains,History of WAT247,The Ruins","49,poster1;49,poster3;49,poster4;49,poster5;49,poster6;46,jasper;50,watershed;50,infiltration;50,energy;87,Enter the ruins","U3,U3_Collectibles,U3_Quests,U3_RiverSpline","0.11.141","TaskProgressEvent",86,"Examine a Garden",1
"721","5c66d66de4194c47a1585954",4,"Development","e0e8ba1d-a1a8-492c-a490-549b4a24c221","JG2 UX2",91,"2019-02-15 03:08:27","WindowsPlayer",NA,11,"TaskEvent",0,"0.11.141",-558.613952636719,-461.564300537109,74.6440277099609,0.989524960517883,-0.144361257553101,0,"Find Toppo's Posters,Crash Diagnostics - Mountains,History of WAT247,The Ruins","49,poster1;49,poster3;49,poster4;49,poster5;49,poster6;46,jasper;50,watershed;50,infiltration;50,energy;87,Unlock the door","U3,U3_Collectibles,U3_Quests,U3_RiverSpline","0.11.141","TaskActiveEvent",86,"Check out the Supertree",NA
"722","5c66d66de4194c47a1585957",4,"Development","e0e8ba1d-a1a8-492c-a490-549b4a24c221","JG2 UX2",91,"2019-02-15 03:08:27","WindowsPlayer",NA,11,"TaskEvent",0,"0.11.141",-558.613952636719,-461.564300537109,74.6440277099609,0.989524960517883,-0.144361257553101,0,"Find Toppo's Posters,Crash Diagnostics - Mountains,History of WAT247,The Ruins","49,poster1;49,poster3;49,poster4;49,poster5;49,poster6;46,jasper;50,watershed;50,infiltration;50,energy;87,Unlock the door","U3,U3_Collectibles,U3_Quests,U3_RiverSpline","0.11.141","TaskProgressEvent",86,"Check out the Supertree",1
"723","5c66d66de4194c47a1585958",4,"Development","e0e8ba1d-a1a8-492c-a490-549b4a24c221","JG2 UX2",91,"2019-02-15 03:08:27","WindowsPlayer",NA,11,"TaskEvent",0,"0.11.141",-558.613952636719,-461.564300537109,74.6440277099609,0.989524960517883,-0.144361257553101,0,"Find Toppo's Posters,Crash Diagnostics - Mountains,History of WAT247,The Ruins","49,poster1;49,poster3;49,poster4;49,poster5;49,poster6;46,jasper;50,watershed;50,infiltration;50,energy;87,Unlock the door;87,Enter the ruins","U3,U3_Collectibles,U3_Quests,U3_RiverSpline","0.11.141","TaskActiveEvent",87,"Gain Acces to the Ruins",NA
"724","5c66d66de4194c47a158595d",4,"Development","e0e8ba1d-a1a8-492c-a490-549b4a24c221","JG2 UX2",91,"2019-02-15 03:08:32","WindowsPlayer",NA,11,"TaskEvent",0,"0.11.141",-561.833984375,-462.316558837891,75.1838073730469,-0.0523408614099026,-0.998629570007324,0,"Find Toppo's Posters,Crash Diagnostics - Mountains,History of WAT247,The Ruins,Collect all the Pumps in the Alien Facility","49,poster1;49,poster3;49,poster4;49,poster5;49,poster6;46,jasper;50,watershed;50,infiltration;50,energy","U3,U3_Collectibles,U3_Quests,U3_RiverSpline,U3_Dungeon_Side_Quest","0.11.141","TaskCompleteEvent",86,"Check out the Supertree",NA
"725","5c66d66de4194c47a158595e",4,"Development","e0e8ba1d-a1a8-492c-a490-549b4a24c221","JG2 UX2",91,"2019-02-15 03:08:32","WindowsPlayer",NA,11,"TaskEvent",0,"0.11.141",-561.833984375,-462.316558837891,75.1838073730469,-0.0523408614099026,-0.998629570007324,0,"Find Toppo's Posters,Crash Diagnostics - Mountains,History of WAT247,Collect all the Pumps in the Alien Facility","49,poster1;49,poster3;49,poster4;49,poster5;49,poster6;46,jasper;50,watershed;50,infiltration;50,energy;75,Pump1","U3,U3_Collectibles,U3_Quests,U3_RiverSpline,U3_Dungeon_Side_Quest","0.11.141","TaskProgressEvent",87,"Gain Acces to the Ruins",1
"726","5c66d6b8e4194c47a15859fa",4,"Development","e0e8ba1d-a1a8-492c-a490-549b4a24c221","JG2 UX2",91,"2019-02-15 03:11:48","WindowsPlayer",NA,11,"TaskEvent",0,"0.11.141",-167.493270874023,-104.131568908691,52.4231262207031,0.924545466899872,-0.3810715675354,0,"History of WAT247,Find Toppo's Posters,Crash Diagnostics - Mountains,Collect all the Pumps in the Alien Facility","50,watershed;50,infiltration;50,energy;49,poster1;49,poster3;49,poster4;49,poster5;49,poster6;46,jasper;75,Pump1","U3_Dungeon_Side_Quest","0.11.141","TaskActiveEvent",87,"Pickup the Key",NA
"727","5c66d6b8e4194c47a15859ff",4,"Development","e0e8ba1d-a1a8-492c-a490-549b4a24c221","JG2 UX2",91,"2019-02-15 03:11:48","WindowsPlayer",NA,11,"TaskEvent",0,"0.11.141",-167.493270874023,-104.131568908691,52.4231262207031,0.924545466899872,-0.3810715675354,0,"History of WAT247,Find Toppo's Posters,Crash Diagnostics - Mountains,Collect all the Pumps in the Alien Facility","50,watershed;50,infiltration;50,energy;49,poster1;49,poster3;49,poster4;49,poster5;49,poster6;46,jasper;75,Pump1","U3_Dungeon_Side_Quest","0.11.141","TaskCompleteEvent",87,"Gain Acces to the Ruins",NA
"728","5c66d6b8e4194c47a1585a00",4,"Development","e0e8ba1d-a1a8-492c-a490-549b4a24c221","JG2 UX2",91,"2019-02-15 03:11:48","WindowsPlayer",NA,11,"TaskEvent",0,"0.11.141",-167.493270874023,-104.131568908691,52.4231262207031,0.924545466899872,-0.3810715675354,0,"History of WAT247,Find Toppo's Posters,Crash Diagnostics - Mountains,Collect all the Pumps in the Alien Facility","50,watershed;50,infiltration;50,energy;49,poster1;49,poster3;49,poster4;49,poster5;49,poster6;46,jasper;75,Pump1;75,Pump2","U3_Dungeon_Side_Quest","0.11.141","TaskProgressEvent",50,"dissolved materials",1
"729","5c66d73fe4194c47a1585b4c",4,"Development","e0e8ba1d-a1a8-492c-a490-549b4a24c221","JG2 UX2",91,"2019-02-15 03:14:02","WindowsPlayer",NA,11,"TaskEvent",0,"0.11.141",-158.93017578125,-92.7558135986328,52.189624786377,0.104529723525047,0.994521737098694,0,"History of WAT247,Find Toppo's Posters,Crash Diagnostics - Mountains,Collect all the Pumps in the Alien Facility","50,watershed;50,infiltration;50,energy;49,poster1;49,poster3;49,poster4;49,poster5;49,poster6;46,jasper;75,Pump2","U3_Dungeon_Side_Quest","0.11.141","TaskCompleteEvent",50,"dissolved materials",NA
"730","5c66d73fe4194c47a1585b51",4,"Development","e0e8ba1d-a1a8-492c-a490-549b4a24c221","JG2 UX2",91,"2019-02-15 03:14:02","WindowsPlayer",NA,11,"TaskEvent",0,"0.11.141",-158.93017578125,-92.7558135986328,52.189624786377,0.104529723525047,0.994521737098694,0,"History of WAT247,Find Toppo's Posters,Crash Diagnostics - Mountains,Collect all the Pumps in the Alien Facility","50,watershed;50,infiltration;50,energy;49,poster1;49,poster3;49,poster4;49,poster5;49,poster6;46,jasper;75,Pump2;75,Pump3","U3_Dungeon_Side_Quest","0.11.141","TaskProgressEvent",87,"Pickup the Key",1
"731","5c66d73fe4194c47a1585b53",4,"Development","e0e8ba1d-a1a8-492c-a490-549b4a24c221","JG2 UX2",91,"2019-02-15 03:14:02","WindowsPlayer",NA,11,"TaskEvent",0,"0.11.141",-158.93017578125,-92.7558135986328,52.189624786377,0.104529723525047,0.994521737098694,0,"History of WAT247,Find Toppo's Posters,Crash Diagnostics - Mountains,Collect all the Pumps in the Alien Facility","50,watershed;50,infiltration;50,energy;49,poster1;49,poster3;49,poster4;49,poster5;49,poster6;46,jasper;75,Pump2","U3_Dungeon_Side_Quest","0.11.141","TaskActiveEvent",87,"Unlock the door",NA
"732","5c66d7e9e4194c47a1585ce3",4,"Development","e0e8ba1d-a1a8-492c-a490-549b4a24c221","JG2 UX2",91,"2019-02-15 03:16:53","WindowsPlayer",NA,11,"TaskEvent",0,"0.11.141",-142.376403808594,-105.612159729004,52.2557067871094,-0.992114841938019,-0.125331878662109,0,"History of WAT247,Find Toppo's Posters,Crash Diagnostics - Mountains,Collect all the Pumps in the Alien Facility","50,watershed;50,infiltration;50,energy;49,poster1;49,poster3;49,poster4;49,poster5;49,poster6;46,jasper;75,Pump3","U3_Dungeon_Side_Quest","0.11.141","TaskCompleteEvent",87,"Pickup the Key",NA
"733","5c66d7e9e4194c47a1585ce4",4,"Development","e0e8ba1d-a1a8-492c-a490-549b4a24c221","JG2 UX2",91,"2019-02-15 03:16:53","WindowsPlayer",NA,11,"TaskEvent",0,"0.11.141",-142.376403808594,-105.612159729004,52.2557067871094,-0.992114841938019,-0.125331878662109,0,"History of WAT247,Find Toppo's Posters,Crash Diagnostics - Mountains,Collect all the Pumps in the Alien Facility","50,watershed;50,infiltration;50,energy;49,poster1;49,poster3;49,poster4;49,poster5;49,poster6;46,jasper;75,Pump3","U3_Dungeon_Side_Quest","0.11.141","TaskActiveEvent",87,"Enter the ruins",NA
"734","5c66d7e9e4194c47a1585ce7",4,"Development","e0e8ba1d-a1a8-492c-a490-549b4a24c221","JG2 UX2",91,"2019-02-15 03:16:53","WindowsPlayer",NA,11,"TaskEvent",0,"0.11.141",-142.376403808594,-105.612159729004,52.2557067871094,-0.992114841938019,-0.125331878662109,0,"History of WAT247,Find Toppo's Posters,Crash Diagnostics - Mountains,Collect all the Pumps in the Alien Facility","50,watershed;50,infiltration;50,energy;49,poster1;49,poster3;49,poster4;49,poster5;49,poster6;46,jasper;75,Pump3;75,Pump4","U3_Dungeon_Side_Quest","0.11.141","TaskCompleteEvent",87,"Unlock the door",NA
"735","5c66d94be4194c47a1586242",4,"Development","e0e8ba1d-a1a8-492c-a490-549b4a24c221","JG2 UX2",91,"2019-02-15 03:22:44","WindowsPlayer",NA,11,"TaskEvent",0,"0.11.141",-201.548782348633,-123.512901306152,56.4889984130859,-0.667835354804993,-0.744309067726135,0,"History of WAT247,Find Toppo's Posters,Crash Diagnostics - Mountains,Collect all the Pumps in the Alien Facility","50,watershed;50,infiltration;50,energy;49,poster1;49,poster3;49,poster4;49,poster5;49,poster6;46,jasper;75,BackToGardens","U3_Dungeon_Side_Quest","0.11.141","TaskProgressEvent",87,"Unlock the door",1
"736","5c66d94be4194c47a1586244",4,"Development","e0e8ba1d-a1a8-492c-a490-549b4a24c221","JG2 UX2",91,"2019-02-15 03:22:44","WindowsPlayer",NA,11,"TaskEvent",0,"0.11.141",-201.548782348633,-123.512901306152,56.4889984130859,-0.667835354804993,-0.744309067726135,0,"History of WAT247,Find Toppo's Posters,Crash Diagnostics - Mountains,Collect all the Pumps in the Alien Facility,Strange Gardening","50,watershed;50,infiltration;50,energy;49,poster1;49,poster3;49,poster4;49,poster5;49,poster6;46,jasper","U3_Dungeon_Side_Quest","0.11.141","TaskCompleteEvent",87,"Enter the ruins",NA
"737","5c66d94be4194c47a1586246",4,"Development","e0e8ba1d-a1a8-492c-a490-549b4a24c221","JG2 UX2",91,"2019-02-15 03:22:44","WindowsPlayer",NA,11,"TaskEvent",0,"0.11.141",-201.548782348633,-123.512901306152,56.4889984130859,-0.667835354804993,-0.744309067726135,0,"History of WAT247,Find Toppo's Posters,Crash Diagnostics - Mountains,Strange Gardening","50,watershed;50,infiltration;50,energy;49,poster1;49,poster3;49,poster4;49,poster5;49,poster6;46,jasper;25,Install Pumps","U3_Dungeon_Side_Quest","0.11.141","TaskActiveEvent",75,"Pump1",NA
"738","5c66d969e4194c47a15862c6",4,"Development","e0e8ba1d-a1a8-492c-a490-549b4a24c221","JG2 UX2",91,"2019-02-15 03:23:14","WindowsPlayer",NA,11,"TaskEvent",0,"0.11.141",-484.412322998047,-307.390808105469,54.9799995422363,0.512042760848999,0.858959913253784,0,"History of WAT247,Find Toppo's Posters,Crash Diagnostics - Mountains,Strange Gardening","50,watershed;50,infiltration;50,energy;49,poster1;49,poster3;49,poster4;49,poster5;49,poster6;46,jasper;25,Install Pumps","U3,U3_Collectibles,U3_Quests,U3_RiverSpline","0.11.141","TaskProgressEvent",87,"Enter the ruins",1
"739","5c66d98ce4194c47a1586353",4,"Development","e0e8ba1d-a1a8-492c-a490-549b4a24c221","JG2 UX2",91,"2019-02-15 03:22:12","WindowsPlayer",NA,11,"TaskEvent",0,"0.11.141",-158.276336669922,-113.950759887695,52.1932983398438,0.158162444829941,0.987413108348846,0,"History of WAT247,Find Toppo's Posters,Crash Diagnostics - Mountains,Collect all the Pumps in the Alien Facility","50,watershed;50,infiltration;50,energy;49,poster1;49,poster3;49,poster4;49,poster5;49,poster6;46,jasper;75,Pump4","U3_Dungeon_Side_Quest","0.11.141","TaskProgressEvent",75,"Pump1",1
"740","5c66d98ce4194c47a1586355",4,"Development","e0e8ba1d-a1a8-492c-a490-549b4a24c221","JG2 UX2",91,"2019-02-15 03:22:12","WindowsPlayer",NA,11,"TaskEvent",0,"0.11.141",-158.276336669922,-113.950759887695,52.1932983398438,0.158162444829941,0.987413108348846,0,"History of WAT247,Find Toppo's Posters,Crash Diagnostics - Mountains,Collect all the Pumps in the Alien Facility","50,watershed;50,infiltration;50,energy;49,poster1;49,poster3;49,poster4;49,poster5;49,poster6;46,jasper;75,Pump4;75,BackToGardens","U3_Dungeon_Side_Quest","0.11.141","TaskActiveEvent",75,"Pump2",NA
"741","5c66d98ce4194c47a1586356",4,"Development","e0e8ba1d-a1a8-492c-a490-549b4a24c221","JG2 UX2",91,"2019-02-15 03:22:12","WindowsPlayer",NA,11,"TaskEvent",0,"0.11.141",-158.276336669922,-113.950759887695,52.1932983398438,0.158162444829941,0.987413108348846,0,"History of WAT247,Find Toppo's Posters,Crash Diagnostics - Mountains,Collect all the Pumps in the Alien Facility","50,watershed;50,infiltration;50,energy;49,poster1;49,poster3;49,poster4;49,poster5;49,poster6;46,jasper;75,Pump4","U3_Dungeon_Side_Quest","0.11.141","TaskCompleteEvent",75,"Pump1",NA
"742","5c66d9dce4194c47a15864a3",4,"Development","e0e8ba1d-a1a8-492c-a490-549b4a24c221","JG2 UX2",91,"2019-02-15 03:25:11","WindowsPlayer",NA,11,"TaskEvent",0,"0.11.141",-242.337524414062,-26.9444446563721,54.9799995422363,0.0714970976114273,0.997440814971924,0,"History of WAT247,Find Toppo's Posters,Crash Diagnostics - Mountains,Strange Gardening","50,watershed;50,infiltration;50,energy;49,poster1;49,poster3;49,poster4;49,poster5;49,poster6;46,jasper;25,Install Pumps","U3,U3_Collectibles,U3_Quests,U3_RiverSpline","0.11.141","TaskActiveEvent",75,"Pump3",NA
"743","5c66da13e4194c47a1586556",4,"Development","e0e8ba1d-a1a8-492c-a490-549b4a24c221","JG2 UX2",91,"2019-02-15 03:26:01","WindowsPlayer",NA,11,"TaskEvent",0,"0.11.141",-564.456237792969,222.182571411133,57.9079399108887,0.320613324642181,0.947210192680359,0,"History of WAT247,Find Toppo's Posters,Crash Diagnostics - Mountains,Strange Gardening","50,watershed;50,infiltration;50,energy;49,poster1;49,poster3;49,poster4;49,poster5;49,poster6;46,jasper;25,Install Pumps","U3,U3_Collectibles,U3_Quests,U3_RiverSpline","0.11.141","TaskProgressEvent",75,"Pump2",1
"744","5c66da31e4194c47a158659d",4,"Development","e0e8ba1d-a1a8-492c-a490-549b4a24c221","JG2 UX2",91,"2019-02-15 03:26:31","WindowsPlayer",NA,11,"TaskEvent",0,"0.11.141",-430.242584228516,365.712066650391,54.9799995422363,-0.0436190813779831,0.999048233032227,0,"History of WAT247,Find Toppo's Posters,Crash Diagnostics - Mountains,Strange Gardening,Back at your base","50,watershed;50,infiltration;50,energy;49,poster1;49,poster3;49,poster4;49,poster5;49,poster6;46,jasper","U3,U3_Collectibles,U3_Quests,U3_RiverSpline","0.11.141","TaskCompleteEvent",75,"Pump2",NA
"745","5c66da31e4194c47a15865a3",4,"Development","e0e8ba1d-a1a8-492c-a490-549b4a24c221","JG2 UX2",91,"2019-02-15 03:26:31","WindowsPlayer",NA,11,"TaskEvent",0,"0.11.141",-430.242584228516,365.712066650391,54.9799995422363,-0.0436190813779831,0.999048233032227,0,"History of WAT247,Find Toppo's Posters,Crash Diagnostics - Mountains,Back at your base","50,watershed;50,infiltration;50,energy;49,poster1;49,poster3;49,poster4;49,poster5;49,poster6;46,jasper;56,Head to bed","U3,U3_Collectibles,U3_Quests,U3_RiverSpline","0.11.141","TaskCompleteEvent",75,"Pump3",NA
"746","5c66da31e4194c47a15865a4",4,"Development","e0e8ba1d-a1a8-492c-a490-549b4a24c221","JG2 UX2",91,"2019-02-15 03:26:31","WindowsPlayer",NA,11,"TaskEvent",0,"0.11.141",-430.242584228516,365.712066650391,54.9799995422363,-0.0436190813779831,0.999048233032227,0,"History of WAT247,Find Toppo's Posters,Crash Diagnostics - Mountains,Strange Gardening","50,watershed;50,infiltration;50,energy;49,poster1;49,poster3;49,poster4;49,poster5;49,poster6;46,jasper;25,Install Pumps","U3,U3_Collectibles,U3_Quests,U3_RiverSpline","0.11.141","TaskProgressEvent",75,"Pump3",1
"747","5c66da78e4194c47a158661a",4,"Development","e0e8ba1d-a1a8-492c-a490-549b4a24c221","JG2 UX2",91,"2019-02-15 03:27:47","WindowsPlayer",NA,11,"TaskEvent",0,"0.11.141",7.37021780014038,-5.42472076416016,2.265469789505,0.634309589862823,-0.7730792760849,0,"History of WAT247,Find Toppo's Posters,Crash Diagnostics - Mountains","50,watershed;50,infiltration;50,energy;49,poster1;49,poster3;49,poster4;49,poster5;49,poster6;46,jasper","PB_PlayerRoom","0.11.141","TaskActiveEvent",75,"Pump4",NA
"748","5c66da78e4194c47a158661f",4,"Development","e0e8ba1d-a1a8-492c-a490-549b4a24c221","JG2 UX2",91,"2019-02-15 03:27:47","WindowsPlayer",NA,11,"TaskEvent",0,"0.11.141",7.37021780014038,-5.42472076416016,2.265469789505,0.634309589862823,-0.7730792760849,0,"History of WAT247,Find Toppo's Posters,Crash Diagnostics - Mountains,Back at your base","50,watershed;50,infiltration;50,energy;49,poster1;49,poster3;49,poster4;49,poster5;49,poster6;46,jasper;56,Head to bed","PB_PlayerRoom","0.11.141","TaskCompleteEvent",75,"Pump4",NA
"749","5c66da87e4194c47a158662c",4,"Development","e0e8ba1d-a1a8-492c-a490-549b4a24c221","JG2 UX2",91,"2019-02-15 03:27:49","WindowsPlayer",NA,11,"TaskEvent",0,"0.11.141",7.37021780014038,-5.42472076416016,2.265469789505,0.634309589862823,-0.7730792760849,0,"History of WAT247,Find Toppo's Posters,Crash Diagnostics - Mountains,Second Day at Base","50,watershed;50,infiltration;50,energy;49,poster1;49,poster3;49,poster4;49,poster5;49,poster6;46,jasper","PB_PlayerRoom","0.11.141","TaskProgressEvent",75,"Pump4",1
"750","5c66db3de4194c47a158674b",4,"Development","e0e8ba1d-a1a8-492c-a490-549b4a24c221","JG2 UX2",91,"2019-02-15 03:31:05","WindowsPlayer",NA,11,"TaskEvent",0,"0.11.141",-60.9008331298828,-157.548675537109,58.9665565490723,0.893122017383575,0.44981461763382,0,"History of WAT247,Find Toppo's Posters,Crash Diagnostics - Mountains,Second Day at Base","50,watershed;50,infiltration;50,energy;49,poster1;49,poster3;49,poster4;49,poster5;49,poster6;46,jasper;59,Get Ready","Player_Base","0.11.141","TaskActiveEvent",75,"BackToGardens",NA
"751","5c66db3de4194c47a158674e",4,"Development","e0e8ba1d-a1a8-492c-a490-549b4a24c221","JG2 UX2",91,"2019-02-15 03:31:05","WindowsPlayer",NA,11,"TaskEvent",0,"0.11.141",-60.9008331298828,-157.548675537109,58.9665565490723,0.893122017383575,0.44981461763382,0,"History of WAT247,Find Toppo's Posters,Crash Diagnostics - Mountains,Second Day at Base","50,watershed;50,infiltration;50,energy;49,poster1;49,poster3;49,poster4;49,poster5;49,poster6;46,jasper;59,Get Ready","Player_Base","0.11.141","TaskProgressEvent",25,"Install Pumps",3
"752","5c66db3ee4194c47a1586750",4,"Development","e0e8ba1d-a1a8-492c-a490-549b4a24c221","JG2 UX2",91,"2019-02-15 03:31:05","WindowsPlayer",NA,11,"TaskEvent",0,"0.11.141",-60.9008331298828,-157.548675537109,58.9665565490723,0.893122017383575,0.44981461763382,0,"History of WAT247,Find Toppo's Posters,Crash Diagnostics - Mountains,Second Day at Base","50,watershed;50,infiltration;50,energy;49,poster1;49,poster3;49,poster4;49,poster5;49,poster6;46,jasper;59,Get Ready;59,Head to the Desert","Player_Base","0.11.141","TaskCompleteEvent",25,"Install Pumps",NA
"753","5c66db75e4194c47a15867ca",4,"Development","e0e8ba1d-a1a8-492c-a490-549b4a24c221","JG2 UX2",91,"2019-02-15 03:31:51","WindowsPlayer",NA,11,"TaskEvent",0,"0.11.141",-587.252014160156,758.656433105469,63.2577056884766,-0.145377919077873,-0.989371597766876,-0.0031001353636384,"History of WAT247,Find Toppo's Posters,Crash Diagnostics - Mountains,Second Day at Base","50,watershed;50,infiltration;50,energy;49,poster1;49,poster3;49,poster4;49,poster5;49,poster6;46,jasper;59,Head to the Desert","U4,U4_Collectibles,U4_Quests,U4_MilitaryBase","0.11.141","TaskActiveEvent",56,"Head to bed",NA
"754","5c66db75e4194c47a15867cb",4,"Development","e0e8ba1d-a1a8-492c-a490-549b4a24c221","JG2 UX2",91,"2019-02-15 03:31:51","WindowsPlayer",NA,11,"TaskEvent",0,"0.11.141",-587.252014160156,758.656433105469,63.2577056884766,-0.145377919077873,-0.989371597766876,-0.0031001353636384,"History of WAT247,Find Toppo's Posters,Crash Diagnostics - Mountains,Second Day at Base","50,watershed;50,infiltration;50,energy;49,poster1;49,poster3;49,poster4;49,poster5;49,poster6;46,jasper;59,Head to the Desert","U4,U4_Collectibles,U4_Quests,U4_MilitaryBase","0.11.141","TaskProgressEvent",25,"Install Pumps",4
"755","5c66db75e4194c47a15867d7",4,"Development","e0e8ba1d-a1a8-492c-a490-549b4a24c221","JG2 UX2",91,"2019-02-15 03:31:51","WindowsPlayer",NA,11,"TaskEvent",0,"0.11.141",-587.252014160156,758.656433105469,63.2577056884766,-0.145377919077873,-0.989371597766876,-0.0031001353636384,"History of WAT247,Find Toppo's Posters,Crash Diagnostics - Mountains,Second Day at Base","50,watershed;50,infiltration;50,energy;49,poster1;49,poster3;49,poster4;49,poster5;49,poster6;46,jasper;59,Head to the Desert;59,Talk To Anderson","U4,U4_Collectibles,U4_Quests,U4_MilitaryBase","0.11.141","TaskActiveEvent",2,"Find the Ruins",NA
"756","5c66db9de4194c47a1586812",4,"Development","e0e8ba1d-a1a8-492c-a490-549b4a24c221","JG2 UX2",91,"2019-02-15 03:32:41","WindowsPlayer",NA,11,"TaskEvent",0,"0.11.141",-586.00390625,752.905151367188,63.0516815185547,0.160515502095222,-0.98702734708786,0.00342296482995152,"History of WAT247,Find Toppo's Posters,Crash Diagnostics - Mountains,Second Day at Base,Alien Village","50,watershed;50,infiltration;50,energy;49,poster1;49,poster3;49,poster4;49,poster5;49,poster6;46,jasper","U4,U4_Collectibles,U4_Quests,U4_MilitaryBase","0.11.141","TaskCompleteEvent",59,"Talk To Anderson",NA
"757","5c66db9de4194c47a1586817",4,"Development","e0e8ba1d-a1a8-492c-a490-549b4a24c221","JG2 UX2",91,"2019-02-15 03:32:41","WindowsPlayer",NA,11,"TaskEvent",0,"0.11.141",-586.00390625,752.905151367188,63.0516815185547,0.160515502095222,-0.98702734708786,0.00342296482995152,"History of WAT247,Find Toppo's Posters,Crash Diagnostics - Mountains,Second Day at Base","50,watershed;50,infiltration;50,energy;49,poster1;49,poster3;49,poster4;49,poster5;49,poster6;46,jasper;59,Talk To Anderson","U4,U4_Collectibles,U4_Quests,U4_MilitaryBase","0.11.141","TaskProgressEvent",59,"Talk To Anderson",1
"758","5c66db9de4194c47a1586818",4,"Development","e0e8ba1d-a1a8-492c-a490-549b4a24c221","JG2 UX2",91,"2019-02-15 03:32:41","WindowsPlayer",NA,11,"TaskEvent",0,"0.11.141",-586.00390625,752.905151367188,63.0516815185547,0.160515502095222,-0.98702734708786,0.00342296482995152,"History of WAT247,Find Toppo's Posters,Crash Diagnostics - Mountains,Alien Village","50,watershed;50,infiltration;50,energy;49,poster1;49,poster3;49,poster4;49,poster5;49,poster6;46,jasper;2,Find the Ruins","U4,U4_Collectibles,U4_Quests,U4_MilitaryBase","0.11.141","TaskProgressEvent",25,"Install Pumps",1
"759","5c66dba7e4194c47a158681f",4,"Development","e0e8ba1d-a1a8-492c-a490-549b4a24c221","JG2 UX2",91,"2019-02-15 03:32:47","WindowsPlayer",NA,11,"TaskEvent",0,"0.11.141",-592.765625,736.78515625,62.2660903930664,-0.806375205516815,-0.591153979301453,-0.017195750027895,"History of WAT247,Find Toppo's Posters,Crash Diagnostics - Mountains,Alien Village","50,watershed;50,infiltration;50,energy;49,poster1;49,poster3;49,poster4;49,poster5;49,poster6;46,jasper;2,Find the Ruins","U4,U4_Collectibles,U4_Quests,U4_MilitaryBase","0.11.141","TaskProgressEvent",2,"Find the Ruins",1
"760","5c66dba7e4194c47a1586823",4,"Development","e0e8ba1d-a1a8-492c-a490-549b4a24c221","JG2 UX2",91,"2019-02-15 03:32:47","WindowsPlayer",NA,11,"TaskEvent",0,"0.11.141",-592.765625,736.78515625,62.2660903930664,-0.806375205516815,-0.591153979301453,-0.017195750027895,"History of WAT247,Find Toppo's Posters,Crash Diagnostics - Mountains,Alien Village","50,watershed;50,infiltration;50,energy;49,poster1;49,poster3;49,poster4;49,poster5;49,poster6;46,jasper;2,Find the Ruins","U4,U4_Collectibles,U4_Quests,U4_MilitaryBase","0.11.141","TaskActiveEvent",2,"Unlock the Door",NA
"761","5c66dc01e4194c47a15868b3",4,"Development","e0e8ba1d-a1a8-492c-a490-549b4a24c221","JG2 UX2",91,"2019-02-15 03:34:13","WindowsPlayer",NA,11,"TaskEvent",0,"0.11.141",119.703750610352,148.922790527344,23.6136245727539,-0.0045564491301775,-0.999989807605743,-9.71362460404634e-05,"History of WAT247,Find Toppo's Posters,Crash Diagnostics - Mountains,Alien Village,U4 - Crash Side Quest P5","50,watershed;50,infiltration;50,energy;49,poster1;49,poster3;49,poster5;49,poster6;46,jasper;2,Find the Ruins","U4,U4_Collectibles,U4_Quests","0.11.141","TaskCompleteEvent",2,"Find the Ruins",NA
"762","5c66dc79e4194c47a158698b",4,"Development","e0e8ba1d-a1a8-492c-a490-549b4a24c221","JG2 UX2",91,"2019-02-15 03:36:09","WindowsPlayer",NA,11,"TaskEvent",0,"0.11.141",157.751571655273,-596.044738769531,42.3270301818848,0.916580617427826,0.399371981620789,0.0195458047091961,"History of WAT247,Find Toppo's Posters,Crash Diagnostics - Mountains,Alien Village,U4 - Crash Side Quest P5","50,watershed;50,infiltration;50,energy;49,poster1;49,poster3;49,poster5;49,poster6;46,jasper;2,Find the Ruins;42,Locate the Beacon;2,Unlock the Door","U4,U4_Collectibles,U4_Quests,U4_AlienRuins","0.11.141","TaskCompleteEvent",2,"Unlock the Door",NA
"763","5c66dc79e4194c47a158699b",4,"Development","e0e8ba1d-a1a8-492c-a490-549b4a24c221","JG2 UX2",91,"2019-02-15 03:36:09","WindowsPlayer",NA,11,"TaskEvent",0,"0.11.141",157.751571655273,-596.044738769531,42.3270301818848,0.916580617427826,0.399371981620789,0.0195458047091961,"History of WAT247,Find Toppo's Posters,Crash Diagnostics - Mountains,Alien Village,U4 - Crash Side Quest P5","50,watershed;50,infiltration;50,energy;49,poster1;49,poster3;49,poster5;49,poster6;46,jasper;2,Find the Ruins;42,Locate the Beacon","U4,U4_Collectibles,U4_Quests,U4_AlienRuins","0.11.141","TaskProgressEvent",2,"Unlock the Door",1
"764","5c66dc79e4194c47a158699c",4,"Development","e0e8ba1d-a1a8-492c-a490-549b4a24c221","JG2 UX2",91,"2019-02-15 03:36:09","WindowsPlayer",NA,11,"TaskEvent",0,"0.11.141",157.751571655273,-596.044738769531,42.3270301818848,0.916580617427826,0.399371981620789,0.0195458047091961,"History of WAT247,Find Toppo's Posters,Crash Diagnostics - Mountains,Alien Village,U4 - Crash Side Quest P5","50,watershed;50,infiltration;50,energy;49,poster1;49,poster3;49,poster5;49,poster6;46,jasper;2,Find the Ruins;42,Locate the Beacon","U4,U4_Collectibles,U4_Quests,U4_AlienRuins","0.11.141","TaskActiveEvent",2,"Enter the Building",NA
"765","5c66dc8de4194c47a15869b8",4,"Development","e0e8ba1d-a1a8-492c-a490-549b4a24c221","JG2 UX2",91,"2019-02-15 03:36:38","WindowsPlayer",NA,11,"TaskEvent",0,"0.11.141",172.620681762695,-686.955444335938,40.9909858703613,0.0651952624320984,-0.997871458530426,0.00139028893318027,"History of WAT247,Find Toppo's Posters,Crash Diagnostics - Mountains,Alien Village,U4 - Crash Side Quest P5","50,watershed;50,infiltration;50,energy;49,poster1;49,poster3;49,poster5;49,poster6;46,jasper;42,Locate the Beacon;2,Unlock the Door","U4,U4_Collectibles,U4_Quests,U4_AlienRuins","0.11.141","TaskCompleteEvent",2,"Try the Controls",NA
"766","5c66dc8de4194c47a15869be",4,"Development","e0e8ba1d-a1a8-492c-a490-549b4a24c221","JG2 UX2",91,"2019-02-15 03:36:38","WindowsPlayer",NA,11,"TaskEvent",0,"0.11.141",172.620681762695,-686.955444335938,40.9909858703613,0.0651952624320984,-0.997871458530426,0.00139028893318027,"History of WAT247,Find Toppo's Posters,Crash Diagnostics - Mountains,Alien Village,U4 - Crash Side Quest P5","50,watershed;50,infiltration;50,energy;49,poster1;49,poster3;49,poster5;49,poster6;46,jasper;42,Locate the Beacon;2,Unlock the Door","U4,U4_Collectibles,U4_Quests,U4_AlienRuins","0.11.141","TaskActiveEvent",3,"Restore Power to B5",NA
"767","5c66dc8ee4194c47a15869c9",4,"Development","e0e8ba1d-a1a8-492c-a490-549b4a24c221","JG2 UX2",91,"2019-02-15 03:36:38","WindowsPlayer",NA,11,"TaskEvent",0,"0.11.141",172.620681762695,-686.955444335938,40.9909858703613,0.0651952624320984,-0.997871458530426,0.00139028893318027,"History of WAT247,Find Toppo's Posters,Crash Diagnostics - Mountains,Alien Village,U4 - Crash Side Quest P5","50,watershed;50,infiltration;50,energy;49,poster1;49,poster3;49,poster5;49,poster6;46,jasper;42,Locate the Beacon;2,Unlock the Door;2,Enter the Building","U4,U4_Collectibles,U4_Quests,U4_AlienRuins","0.11.141","TaskProgressEvent",2,"Try the Controls",1
"768","5c66dca6e4194c47a1586a03",4,"Development","e0e8ba1d-a1a8-492c-a490-549b4a24c221","JG2 UX2",91,"2019-02-15 03:37:04","WindowsPlayer",NA,11,"TaskEvent",0,"0.11.141",160.057235717773,-683.261657714844,40.9909858703613,-0.442361921072006,-0.896787106990814,-0.00943322386592627,"History of WAT247,Find Toppo's Posters,Crash Diagnostics - Mountains,Alien Village,U4 - Crash Side Quest P5","50,watershed;50,infiltration;50,energy;49,poster1;49,poster3;49,poster5;49,poster6;46,jasper;42,Locate the Beacon;2,Enter the Building","U4,U4_Collectibles,U4_Quests,U4_AlienRuins","0.11.141","TaskProgressEvent",3,"Restore Power to B4",1
"769","5c66dca6e4194c47a1586a06",4,"Development","e0e8ba1d-a1a8-492c-a490-549b4a24c221","JG2 UX2",91,"2019-02-15 03:37:04","WindowsPlayer",NA,11,"TaskEvent",0,"0.11.141",160.057235717773,-683.261657714844,40.9909858703613,-0.442361921072006,-0.896787106990814,-0.00943322386592627,"History of WAT247,Find Toppo's Posters,Crash Diagnostics - Mountains,Alien Village,U4 - Crash Side Quest P5","50,watershed;50,infiltration;50,energy;49,poster1;49,poster3;49,poster5;49,poster6;46,jasper;42,Locate the Beacon;2,Enter the Building","U4,U4_Collectibles,U4_Quests,U4_AlienRuins","0.11.141","TaskActiveEvent",3,"Restore Power to B3",NA
"770","5c66dcaee4194c47a1586a10",4,"Development","e0e8ba1d-a1a8-492c-a490-549b4a24c221","JG2 UX2",91,"2019-02-15 03:37:15","WindowsPlayer",NA,11,"TaskEvent",0,"0.11.141",164.382888793945,-692.5419921875,41.5146102905273,-0.124631479382515,-0.992199778556824,-0.00265771150588989,"History of WAT247,Find Toppo's Posters,Crash Diagnostics - Mountains,Alien Village,U4 - Crash Side Quest P5","50,watershed;50,energy;49,poster1;49,poster3;49,poster5;49,poster6;46,jasper;42,Locate the Beacon;2,Enter the Building","U4,U4_Collectibles,U4_Quests,U4_AlienRuins,U4_DrillRoomV2","0.11.141","TaskCompleteEvent",3,"Restore Power to B4",NA
"771","5c66dcaee4194c47a1586a11",4,"Development","e0e8ba1d-a1a8-492c-a490-549b4a24c221","JG2 UX2",91,"2019-02-15 03:37:15","WindowsPlayer",NA,11,"TaskEvent",0,"0.11.141",164.382888793945,-692.5419921875,41.5146102905273,-0.124631479382515,-0.992199778556824,-0.00265771150588989,"History of WAT247,Find Toppo's Posters,Crash Diagnostics - Mountains,Alien Village,U4 - Crash Side Quest P5","50,watershed;50,energy;49,poster1;49,poster3;49,poster5;49,poster6;46,jasper;42,Locate the Beacon;2,Enter the Building","U4,U4_Collectibles,U4_Quests,U4_AlienRuins,U4_DrillRoomV2","0.11.141","TaskProgressEvent",3,"Restore Power to B5",1
"772","5c66dcaee4194c47a1586a18",4,"Development","e0e8ba1d-a1a8-492c-a490-549b4a24c221","JG2 UX2",91,"2019-02-15 03:37:15","WindowsPlayer",NA,11,"TaskEvent",0,"0.11.141",164.382888793945,-692.5419921875,41.5146102905273,-0.124631479382515,-0.992199778556824,-0.00265771150588989,"History of WAT247,Find Toppo's Posters,Crash Diagnostics - Mountains,Alien Village,U4 - Crash Side Quest P5","50,watershed;50,energy;49,poster1;49,poster3;49,poster5;49,poster6;46,jasper;42,Locate the Beacon;2,Enter the Building;2,Try the Controls","U4,U4_Collectibles,U4_Quests,U4_AlienRuins,U4_DrillRoomV2","0.11.141","TaskActiveEvent",3,"Restore Power to B4",NA
"773","5c66dcc2e4194c47a1586a38",4,"Development","e0e8ba1d-a1a8-492c-a490-549b4a24c221","JG2 UX2",91,"2019-02-15 03:37:34","WindowsPlayer",NA,11,"TaskEvent",0,"0.11.141",178.356521606445,-723.986694335938,-72.971549987793,-0.857757151126862,-0.514055609703064,0,"History of WAT247,Find Toppo's Posters,Crash Diagnostics - Mountains,Alien Village,U4 - Crash Side Quest P5","50,watershed;50,energy;49,poster1;49,poster3;49,poster5;49,poster6;46,jasper;42,Locate the Beacon;2,Try the Controls","U4_DrillRoomV2,U4_DrillRoomV2_Quests","0.11.141","TaskCompleteEvent",3,"Restore Power to B5",NA
"774","5c66dcc2e4194c47a1586a39",4,"Development","e0e8ba1d-a1a8-492c-a490-549b4a24c221","JG2 UX2",91,"2019-02-15 03:37:34","WindowsPlayer",NA,11,"TaskEvent",0,"0.11.141",178.356521606445,-723.986694335938,-72.971549987793,-0.857757151126862,-0.514055609703064,0,"History of WAT247,Find Toppo's Posters,Crash Diagnostics - Mountains,U4 - Crash Side Quest P5,The Ruins","50,watershed;50,energy;49,poster1;49,poster3;49,poster5;49,poster6;46,jasper;42,Locate the Beacon;3,Restore Power to B5","U4_DrillRoomV2,U4_DrillRoomV2_Quests","0.11.141","TaskProgressEvent",3,"Restore Power to B1",1
"775","5c66dcc2e4194c47a1586a41",4,"Development","e0e8ba1d-a1a8-492c-a490-549b4a24c221","JG2 UX2",91,"2019-02-15 03:37:34","WindowsPlayer",NA,11,"TaskEvent",0,"0.11.141",178.356521606445,-723.986694335938,-72.971549987793,-0.857757151126862,-0.514055609703064,0,"History of WAT247,Find Toppo's Posters,Crash Diagnostics - Mountains,Alien Village,U4 - Crash Side Quest P5,The Ruins","50,watershed;50,energy;49,poster1;49,poster3;49,poster5;49,poster6;46,jasper;42,Locate the Beacon","U4_DrillRoomV2,U4_DrillRoomV2_Quests","0.11.141","TaskActiveEvent",5,"Retry the Controls",NA
"776","5c66dd3fe4194c47a1586b70",4,"Development","e0e8ba1d-a1a8-492c-a490-549b4a24c221","JG2 UX2",91,"2019-02-15 03:39:33","WindowsPlayer",NA,11,"TaskEvent",0,"0.11.141",54.0643043518066,-3.0859546661377,3.98000025749207,0.869494795799255,-0.493942260742188,0,"History of WAT247,Find Toppo's Posters,Crash Diagnostics - Mountains,U4 - Crash Side Quest P5,The Ruins","50,watershed;50,energy;49,poster1;49,poster3;49,poster5;49,poster6;46,jasper;42,Locate the Beacon;3,Restore Power to B5","U4_Dungeon,U4_Dungeon_Quests","0.11.141","TaskCompleteEvent",3,"Restore Power to B1",NA
"777","5c66dd3fe4194c47a1586b71",4,"Development","e0e8ba1d-a1a8-492c-a490-549b4a24c221","JG2 UX2",91,"2019-02-15 03:39:33","WindowsPlayer",NA,11,"TaskEvent",0,"0.11.141",54.0643043518066,-3.0859546661377,3.98000025749207,0.869494795799255,-0.493942260742188,0,"History of WAT247,Find Toppo's Posters,Crash Diagnostics - Mountains,U4 - Crash Side Quest P5,The Ruins","50,watershed;50,energy;49,poster1;49,poster3;49,poster5;49,poster6;46,jasper;42,Locate the Beacon;3,Restore Power to B5","U4_Dungeon,U4_Dungeon_Quests","0.11.141","TaskActiveEvent",5,"Direct the irrigation",NA
"778","5c66dd3fe4194c47a1586b77",4,"Development","e0e8ba1d-a1a8-492c-a490-549b4a24c221","JG2 UX2",91,"2019-02-15 03:39:33","WindowsPlayer",NA,11,"TaskEvent",0,"0.11.141",54.0643043518066,-3.0859546661377,3.98000025749207,0.869494795799255,-0.493942260742188,0,"History of WAT247,Find Toppo's Posters,Crash Diagnostics - Mountains,U4 - Crash Side Quest P5,The Ruins","50,watershed;50,energy;49,poster1;49,poster3;49,poster5;49,poster6;46,jasper;42,Locate the Beacon;3,Restore Power to B5;3,Restore Power to B4","U4_Dungeon,U4_Dungeon_Quests","0.11.141","TaskProgressEvent",5,"Drill to the Water Table",1
"779","5c66ddc6e4194c47a1586d90",4,"Development","e0e8ba1d-a1a8-492c-a490-549b4a24c221","JG2 UX2",91,"2019-02-15 03:41:49","WindowsPlayer",NA,11,"TaskEvent",0,"0.11.141",137.85676574707,26.3600482940674,9.2296257019043,-0.447758674621582,0.89415442943573,0,"History of WAT247,Find Toppo's Posters,Crash Diagnostics - Mountains,U4 - Crash Side Quest P5,The Ruins","50,watershed;50,energy;49,poster1;49,poster3;49,poster5;49,poster6;46,jasper;42,Locate the Beacon;3,Restore Power to B4;3,Restore Power to B3","U4_Dungeon,U4_Dungeon_Quests","0.11.141","TaskCompleteEvent",5,"Drill to the Water Table",NA
"780","5c66ddc6e4194c47a1586d91",4,"Development","e0e8ba1d-a1a8-492c-a490-549b4a24c221","JG2 UX2",91,"2019-02-15 03:41:49","WindowsPlayer",NA,11,"TaskEvent",0,"0.11.141",137.85676574707,26.3600482940674,9.2296257019043,-0.447758674621582,0.89415442943573,0,"History of WAT247,Find Toppo's Posters,Crash Diagnostics - Mountains,U4 - Crash Side Quest P5,The Ruins","50,watershed;50,energy;49,poster1;49,poster3;49,poster5;49,poster6;46,jasper;42,Locate the Beacon;3,Restore Power to B4","U4_Dungeon,U4_Dungeon_Quests","0.11.141","TaskActiveEvent",6,"Investigate the Flood",NA
"781","5c66ddc6e4194c47a1586d9a",4,"Development","e0e8ba1d-a1a8-492c-a490-549b4a24c221","JG2 UX2",91,"2019-02-15 03:41:49","WindowsPlayer",NA,11,"TaskEvent",0,"0.11.141",137.85676574707,26.3600482940674,9.2296257019043,-0.447758674621582,0.89415442943573,0,"History of WAT247,Find Toppo's Posters,Crash Diagnostics - Mountains,U4 - Crash Side Quest P5,The Ruins","50,watershed;50,energy;49,poster1;49,poster3;49,poster5;49,poster6;46,jasper;42,Locate the Beacon;3,Restore Power to B4","U4_Dungeon,U4_Dungeon_Quests","0.11.141","TaskProgressEvent",6,"Head Inside the Bunker",1
"782","5c66ddfde4194c47a1586e4f",4,"Development","e0e8ba1d-a1a8-492c-a490-549b4a24c221","JG2 UX2",91,"2019-02-15 03:42:48","WindowsPlayer",NA,11,"TaskEvent",0,"0.11.141",59.2395935058594,32.4552001953125,14.4796257019043,-0.994338035583496,0.10626345872879,0,"History of WAT247,Find Toppo's Posters,Crash Diagnostics - Mountains,U4 - Crash Side Quest P5,The Ruins","50,watershed;50,energy;49,poster1;49,poster3;49,poster5;49,poster6;46,jasper;42,Locate the Beacon;3,Restore Power to B3;3,Restore Power to B2","U4_Dungeon,U4_Dungeon_Quests","0.11.141","TaskCompleteEvent",6,"Head Inside the Bunker",NA
"783","5c66ddfde4194c47a1586e55",4,"Development","e0e8ba1d-a1a8-492c-a490-549b4a24c221","JG2 UX2",91,"2019-02-15 03:42:48","WindowsPlayer",NA,11,"TaskEvent",0,"0.11.141",59.2395935058594,32.4552001953125,14.4796257019043,-0.994338035583496,0.10626345872879,0,"History of WAT247,Find Toppo's Posters,Crash Diagnostics - Mountains,U4 - Crash Side Quest P5,The Ruins","50,watershed;50,energy;49,poster1;49,poster3;49,poster5;49,poster6;46,jasper;42,Locate the Beacon;3,Restore Power to B3","U4_Dungeon,U4_Dungeon_Quests","0.11.141","TaskActiveEvent",80,"Scan the Armory Depth",NA
"784","5c66ddfee4194c47a1586e5c",4,"Development","e0e8ba1d-a1a8-492c-a490-549b4a24c221","JG2 UX2",91,"2019-02-15 03:42:48","WindowsPlayer",NA,11,"TaskEvent",0,"0.11.141",59.2395935058594,32.4552001953125,14.4796257019043,-0.994338035583496,0.10626345872879,0,"History of WAT247,Find Toppo's Posters,Crash Diagnostics - Mountains,U4 - Crash Side Quest P5,The Ruins","50,watershed;50,energy;49,poster1;49,poster3;49,poster5;49,poster6;46,jasper;42,Locate the Beacon;3,Restore Power to B3","U4_Dungeon,U4_Dungeon_Quests","0.11.141","TaskCompleteEvent",80,"Scan the Amory Floor",NA
"785","5c66df4de4194c47a158731f",4,"Development","e0e8ba1d-a1a8-492c-a490-549b4a24c221","JG2 UX2",91,"2019-02-15 03:48:23","WindowsPlayer",NA,11,"TaskEvent",0,"0.11.141",2.73597073554993,132.507690429688,24.9799995422363,0.127062007784843,0.991894781589508,0,"History of WAT247,Find Toppo's Posters,Crash Diagnostics - Mountains,U4 - Crash Side Quest P5,The Ruins","50,watershed;50,energy;49,poster1;49,poster3;49,poster5;49,poster6;46,jasper;42,Locate the Beacon;3,Restore Power to B2","U4_Dungeon,U4_Dungeon_Quests","0.11.141","TaskProgressEvent",80,"Scan the Amory Floor",1
"786","5c66df4de4194c47a1587328",4,"Development","e0e8ba1d-a1a8-492c-a490-549b4a24c221","JG2 UX2",91,"2019-02-15 03:48:23","WindowsPlayer",NA,11,"TaskEvent",0,"0.11.141",2.73597073554993,132.507690429688,24.9799995422363,0.127062007784843,0.991894781589508,0,"History of WAT247,Find Toppo's Posters,Crash Diagnostics - Mountains,U4 - Crash Side Quest P5,The Ruins","50,watershed;50,energy;49,poster1;49,poster3;49,poster5;49,poster6;46,jasper;42,Locate the Beacon;3,Restore Power to B2","U4_Dungeon,U4_Dungeon_Quests","0.11.141","TaskCompleteEvent",80,"Scan the Armory Depth",NA
"787","5c66df4de4194c47a1587329",4,"Development","e0e8ba1d-a1a8-492c-a490-549b4a24c221","JG2 UX2",91,"2019-02-15 03:48:23","WindowsPlayer",NA,11,"TaskEvent",0,"0.11.141",2.73597073554993,132.507690429688,24.9799995422363,0.127062007784843,0.991894781589508,0,"History of WAT247,Find Toppo's Posters,Crash Diagnostics - Mountains,U4 - Crash Side Quest P5,The Ruins","50,watershed;50,energy;49,poster1;49,poster3;49,poster5;49,poster6;46,jasper;42,Locate the Beacon;3,Restore Power to B2;3,Restore Power to B1","U4_Dungeon,U4_Dungeon_Quests","0.11.141","TaskProgressEvent",80,"Scan the Armory Depth",1
"788","5c66e17fe4194c47a15879b9",4,"Development","e0e8ba1d-a1a8-492c-a490-549b4a24c221","JG2 UX2",91,"2019-02-15 03:57:47","WindowsPlayer",NA,11,"TaskEvent",0,"0.11.141",-80.9763793945312,167.193328857422,30.2296581268311,-0.195950895547867,0.980613708496094,0,"History of WAT247,Find Toppo's Posters,Crash Diagnostics - Mountains,U4 - Crash Side Quest P5,The Ruins","50,watershed;50,energy;49,poster1;49,poster3;49,poster5;49,poster6;46,jasper;42,Locate the Beacon;3,Restore Power to B1","U4_Dungeon,U4_Dungeon_Quests","0.11.141","TaskActiveEvent",81,"Scan the Living Quarters Ceiling",NA
"789","5c66e17fe4194c47a15879bf",4,"Development","e0e8ba1d-a1a8-492c-a490-549b4a24c221","JG2 UX2",91,"2019-02-15 03:57:47","WindowsPlayer",NA,11,"TaskEvent",0,"0.11.141",-80.9763793945312,167.193328857422,30.2296581268311,-0.195950895547867,0.980613708496094,0,"History of WAT247,Find Toppo's Posters,Crash Diagnostics - Mountains,U4 - Crash Side Quest P5,The Fountain","50,watershed;50,energy;49,poster1;49,poster3;49,poster5;49,poster6;46,jasper;42,Locate the Beacon;5,Retry the Controls","U4_Dungeon,U4_Dungeon_Quests","0.11.141","TaskCompleteEvent",81,"Scan the Living Quarters Floor",NA
"790","5c66e17fe4194c47a15879c6",4,"Development","e0e8ba1d-a1a8-492c-a490-549b4a24c221","JG2 UX2",91,"2019-02-15 03:57:47","WindowsPlayer",NA,11,"TaskEvent",0,"0.11.141",-80.9763793945312,167.193328857422,30.2296581268311,-0.195950895547867,0.980613708496094,0,"History of WAT247,Find Toppo's Posters,Crash Diagnostics - Mountains,U4 - Crash Side Quest P5,The Ruins,The Fountain","50,watershed;50,energy;49,poster1;49,poster3;49,poster5;49,poster6;46,jasper;42,Locate the Beacon","U4_Dungeon,U4_Dungeon_Quests","0.11.141","TaskActiveEvent",81,"Scan the Living Quarters Depth",NA
"791","5c66e193e4194c47a1587a0a",4,"Development","e0e8ba1d-a1a8-492c-a490-549b4a24c221","JG2 UX2",91,"2019-02-15 03:58:01","WindowsPlayer",NA,11,"TaskEvent",0,"0.11.141",177.904052734375,-724.250793457031,-72.9001541137695,-0.73569130897522,-0.677317142486572,0,"History of WAT247,Find Toppo's Posters,Crash Diagnostics - Mountains,U4 - Crash Side Quest P5,The Fountain","50,watershed;50,energy;49,poster1;49,poster3;49,poster5;49,poster6;46,jasper;42,Locate the Beacon;5,Retry the Controls","U4_DrillRoomV2,U4_DrillRoomV2_Quests","0.11.141","TaskProgressEvent",81,"Scan the Living Quarters Floor",1
"792","5c66e193e4194c47a1587a0b",4,"Development","e0e8ba1d-a1a8-492c-a490-549b4a24c221","JG2 UX2",91,"2019-02-15 03:58:01","WindowsPlayer",NA,11,"TaskEvent",0,"0.11.141",177.904052734375,-724.250793457031,-72.9001541137695,-0.73569130897522,-0.677317142486572,0,"History of WAT247,Find Toppo's Posters,Crash Diagnostics - Mountains,U4 - Crash Side Quest P5,The Fountain","50,watershed;50,energy;49,poster1;49,poster3;49,poster5;49,poster6;46,jasper;42,Locate the Beacon;5,Retry the Controls;5,Drill to the Water Table","U4_DrillRoomV2,U4_DrillRoomV2_Quests","0.11.141","TaskCompleteEvent",81,"Scan the Living Quarters Depth",NA
"793","5c66e193e4194c47a1587a13",4,"Development","e0e8ba1d-a1a8-492c-a490-549b4a24c221","JG2 UX2",91,"2019-02-15 03:58:01","WindowsPlayer",NA,11,"TaskEvent",0,"0.11.141",177.904052734375,-724.250793457031,-72.9001541137695,-0.73569130897522,-0.677317142486572,0,"History of WAT247,Find Toppo's Posters,Crash Diagnostics - Mountains,U4 - Crash Side Quest P5,The Fountain","50,watershed;50,energy;49,poster1;49,poster3;49,poster5;49,poster6;46,jasper;42,Locate the Beacon;5,Retry the Controls","U4_DrillRoomV2,U4_DrillRoomV2_Quests","0.11.141","TaskActiveEvent",82,"Scan the Mess Hall Ceiling",NA
"794","5c66e1a7e4194c47a1587a63",4,"Development","e0e8ba1d-a1a8-492c-a490-549b4a24c221","JG2 UX2",91,"2019-02-15 03:58:26","WindowsPlayer",NA,11,"TaskEvent",0,"0.11.141",177.904052734375,-724.250793457031,-72.9001541137695,-0.73569130897522,-0.677317142486572,0,"History of WAT247,Find Toppo's Posters,Crash Diagnostics - Mountains,U4 - Crash Side Quest P5,The Fountain","50,watershed;50,energy;49,poster1;49,poster3;49,poster5;49,poster6;46,jasper;42,Locate the Beacon;5,Drill to the Water Table","U4_DrillRoomV2,U4_DrillRoomV2_Quests","0.11.141","TaskProgressEvent",81,"Scan the Living Quarters Depth",1
"795","5c66e1a7e4194c47a1587a64",4,"Development","e0e8ba1d-a1a8-492c-a490-549b4a24c221","JG2 UX2",91,"2019-02-15 03:58:26","WindowsPlayer",NA,11,"TaskEvent",0,"0.11.141",177.904052734375,-724.250793457031,-72.9001541137695,-0.73569130897522,-0.677317142486572,0,"History of WAT247,Find Toppo's Posters,Crash Diagnostics - Mountains,U4 - Crash Side Quest P5,The Fountain","50,watershed;50,energy;49,poster1;49,poster3;49,poster5;49,poster6;46,jasper;42,Locate the Beacon;5,Drill to the Water Table;5,Direct the irrigation","U4_DrillRoomV2,U4_DrillRoomV2_Quests","0.11.141","TaskProgressEvent",82,"Scan the Mess Hall Floor",1
"796","5c66e1a7e4194c47a1587a6b",4,"Development","e0e8ba1d-a1a8-492c-a490-549b4a24c221","JG2 UX2",91,"2019-02-15 03:58:26","WindowsPlayer",NA,11,"TaskEvent",0,"0.11.141",177.904052734375,-724.250793457031,-72.9001541137695,-0.73569130897522,-0.677317142486572,0,"History of WAT247,Find Toppo's Posters,Crash Diagnostics - Mountains,U4 - Crash Side Quest P5,The Fountain","50,watershed;50,energy;49,poster1;49,poster3;49,poster5;49,poster6;46,jasper;42,Locate the Beacon;5,Drill to the Water Table","U4_DrillRoomV2,U4_DrillRoomV2_Quests","0.11.141","TaskActiveEvent",82,"Scan the Mess Hall Depth",NA
"797","5c66e1dee4194c47a1587b34",4,"Development","e0e8ba1d-a1a8-492c-a490-549b4a24c221","JG2 UX2",91,"2019-02-15 03:59:24","WindowsPlayer",NA,11,"TaskEvent",0,"0.11.141",150.626373291016,-603.294799804688,43.4448280334473,0.869175732135773,0.494503378868103,0,"History of WAT247,Find Toppo's Posters,Crash Diagnostics - Mountains,U4 - Crash Side Quest P5,The Fountain","50,watershed;50,energy;49,poster1;49,poster3;49,poster5;49,poster6;46,jasper;42,Locate the Beacon;5,Direct the irrigation","U4,U4_Collectibles,U4_Quests,U4_MilitaryBase,U4_AlienRuins","0.11.141","TaskCompleteEvent",82,"Scan the Mess Hall Floor",NA
"798","5c66e1dee4194c47a1587b39",4,"Development","e0e8ba1d-a1a8-492c-a490-549b4a24c221","JG2 UX2",91,"2019-02-15 03:59:24","WindowsPlayer",NA,11,"TaskEvent",0,"0.11.141",150.626373291016,-603.294799804688,43.4448280334473,0.869175732135773,0.494503378868103,0,"History of WAT247,Find Toppo's Posters,Crash Diagnostics - Mountains,U4 - Crash Side Quest P5,Flooding in the Bunker","50,watershed;50,energy;49,poster1;49,poster3;49,poster5;49,poster6;46,jasper;42,Locate the Beacon;6,Head Inside the Bunker","U4,U4_Collectibles,U4_Quests,U4_MilitaryBase,U4_AlienRuins","0.11.141","TaskCompleteEvent",82,"Scan the Mess Hall Depth",NA
"799","5c66e1dee4194c47a1587b3d",4,"Development","e0e8ba1d-a1a8-492c-a490-549b4a24c221","JG2 UX2",91,"2019-02-15 03:59:24","WindowsPlayer",NA,11,"TaskEvent",0,"0.11.141",150.626373291016,-603.294799804688,43.4448280334473,0.869175732135773,0.494503378868103,0,"History of WAT247,Find Toppo's Posters,Crash Diagnostics - Mountains,U4 - Crash Side Quest P5,The Fountain,Flooding in the Bunker","50,watershed;50,energy;49,poster1;49,poster3;49,poster5;49,poster6;46,jasper;42,Locate the Beacon","U4,U4_Collectibles,U4_Quests,U4_MilitaryBase,U4_AlienRuins","0.11.141","TaskActiveEvent",83,"Scan the Warehouse Ceiling",NA
"800","5c66e268e4194c47a1587c9d",4,"Development","e0e8ba1d-a1a8-492c-a490-549b4a24c221","JG2 UX2",91,"2019-02-15 04:01:35","WindowsPlayer",NA,11,"TaskEvent",0,"0.11.141",-575.743713378906,-15.8112192153931,27.3462104797363,0.0912758857011795,-0.99582576751709,0,"History of WAT247,Find Toppo's Posters,Crash Diagnostics - Mountains,U4 - Crash Side Quest P5,Flooding in the Bunker","50,watershed;50,energy;49,poster1;49,poster3;49,poster5;49,poster6;46,jasper;42,Locate the Beacon;6,Head Inside the Bunker","U4,U4_Collectibles,U4_Quests,U4_MilitaryBase,U4_Bunker","0.11.141","TaskProgressEvent",82,"Scan the Mess Hall Depth",1
"801","5c66e268e4194c47a1587ca1",4,"Development","e0e8ba1d-a1a8-492c-a490-549b4a24c221","JG2 UX2",91,"2019-02-15 04:01:35","WindowsPlayer",NA,11,"TaskEvent",0,"0.11.141",-575.743713378906,-15.8112192153931,27.3462104797363,0.0912758857011795,-0.99582576751709,0,"History of WAT247,Find Toppo's Posters,Crash Diagnostics - Mountains,U4 - Crash Side Quest P5,Flooding in the Bunker","50,watershed;50,energy;49,poster1;49,poster3;49,poster5;49,poster6;46,jasper;42,Locate the Beacon;6,Head Inside the Bunker;6,Investigate the Flood","U4,U4_Collectibles,U4_Quests,U4_MilitaryBase,U4_Bunker","0.11.141","TaskCompleteEvent",83,"Scan the Warehouse Ceiling",NA
"802","5c66e268e4194c47a1587ca4",4,"Development","e0e8ba1d-a1a8-492c-a490-549b4a24c221","JG2 UX2",91,"2019-02-15 04:01:35","WindowsPlayer",NA,11,"TaskEvent",0,"0.11.141",-575.743713378906,-15.8112192153931,27.3462104797363,0.0912758857011795,-0.99582576751709,0,"History of WAT247,Find Toppo's Posters,Crash Diagnostics - Mountains,U4 - Crash Side Quest P5,Flooding in the Bunker","50,watershed;50,energy;49,poster1;49,poster3;49,poster5;49,poster6;46,jasper;42,Locate the Beacon;6,Head Inside the Bunker","U4,U4_Collectibles,U4_Quests,U4_MilitaryBase,U4_Bunker","0.11.141","TaskProgressEvent",83,"Scan the Warehouse Ceiling",1
"803","5c66e290e4194c47a1587ce1",4,"Development","e0e8ba1d-a1a8-492c-a490-549b4a24c221","JG2 UX2",91,"2019-02-15 04:02:22","WindowsPlayer",NA,11,"TaskEvent",0,"0.11.141",26.546989440918,14.3078746795654,-4.9351167678833,0.983254969120026,0.182234942913055,0,"History of WAT247,Find Toppo's Posters,Crash Diagnostics - Mountains,U4 - Crash Side Quest P5,Flooding in the Bunker,Checking the Armory","50,watershed;50,energy;49,poster1;49,poster3;49,poster5;49,poster6;46,jasper;42,Locate the Beacon","U4_Bunker,U4_Bunker_Quests","0.11.141","TaskActiveEvent",83,"Scan the Warehouse Floor",NA
"804","5c66e290e4194c47a1587ce3",4,"Development","e0e8ba1d-a1a8-492c-a490-549b4a24c221","JG2 UX2",91,"2019-02-15 04:02:22","WindowsPlayer",NA,11,"TaskEvent",0,"0.11.141",26.546989440918,14.3078746795654,-4.9351167678833,0.983254969120026,0.182234942913055,0,"History of WAT247,Find Toppo's Posters,Crash Diagnostics - Mountains,U4 - Crash Side Quest P5,Checking the Armory","50,watershed;50,energy;49,poster1;49,poster3;49,poster5;49,poster6;46,jasper;42,Locate the Beacon;80,Scan the Armory Ceiling","U4_Bunker,U4_Bunker_Quests","0.11.141","TaskProgressEvent",12,"Who Flooded the Armory?",1
"805","5c66e290e4194c47a1587ce9",4,"Development","e0e8ba1d-a1a8-492c-a490-549b4a24c221","JG2 UX2",91,"2019-02-15 04:02:22","WindowsPlayer",NA,11,"TaskEvent",0,"0.11.141",26.546989440918,14.3078746795654,-4.9351167678833,0.983254969120026,0.182234942913055,0,"History of WAT247,Find Toppo's Posters,Crash Diagnostics - Mountains,U4 - Crash Side Quest P5,Flooding in the Bunker","50,watershed;50,energy;49,poster1;49,poster3;49,poster5;49,poster6;46,jasper;42,Locate the Beacon;6,Investigate the Flood","U4_Bunker,U4_Bunker_Quests","0.11.141","TaskActiveEvent",12,"Who Flooded the Warehouse?",NA
"806","5c66e2b8e4194c47a1587d3f",4,"Development","e0e8ba1d-a1a8-492c-a490-549b4a24c221","JG2 UX2",91,"2019-02-15 04:02:51","WindowsPlayer",NA,11,"TaskEvent",0,"0.11.141",29.0167026519775,14.3092489242554,-6.21151447296143,0.999506533145905,-0.0314110517501831,0,"History of WAT247,Find Toppo's Posters,Crash Diagnostics - Mountains,U4 - Crash Side Quest P5,Checking the Armory","50,watershed;50,energy;49,poster1;49,poster3;49,poster5;49,poster6;46,jasper;42,Locate the Beacon;80,Scan the Armory Ceiling","U4_Bunker,U4_Bunker_Quests","0.11.141","TaskCompleteEvent",12,"Who Flooded the Armory?",NA
"807","5c66e2b8e4194c47a1587d40",4,"Development","e0e8ba1d-a1a8-492c-a490-549b4a24c221","JG2 UX2",91,"2019-02-15 04:02:51","WindowsPlayer",NA,11,"TaskEvent",0,"0.11.141",29.0167026519775,14.3092489242554,-6.21151447296143,0.999506533145905,-0.0314110517501831,0,"History of WAT247,Find Toppo's Posters,Crash Diagnostics - Mountains,U4 - Crash Side Quest P5,Checking the Armory","50,watershed;50,energy;49,poster1;49,poster3;49,poster5;49,poster6;46,jasper;42,Locate the Beacon;80,Scan the Armory Ceiling;80,Scan the Amory Floor","U4_Bunker,U4_Bunker_Quests","0.11.141","TaskCompleteEvent",80,"Scan the Armory Ceiling",NA
"808","5c66e2b8e4194c47a1587d42",4,"Development","e0e8ba1d-a1a8-492c-a490-549b4a24c221","JG2 UX2",91,"2019-02-15 04:02:51","WindowsPlayer",NA,11,"TaskEvent",0,"0.11.141",29.0167026519775,14.3092489242554,-6.21151447296143,0.999506533145905,-0.0314110517501831,0,"History of WAT247,Find Toppo's Posters,Crash Diagnostics - Mountains,U4 - Crash Side Quest P5,Checking the Armory","50,watershed;50,energy;49,poster1;49,poster3;49,poster5;49,poster6;46,jasper;42,Locate the Beacon;80,Scan the Armory Ceiling","U4_Bunker,U4_Bunker_Quests","0.11.141","TaskProgressEvent",80,"Scan the Armory Ceiling",1
"809","5c66e2c2e4194c47a1587d55",4,"Development","e0e8ba1d-a1a8-492c-a490-549b4a24c221","JG2 UX2",91,"2019-02-15 04:03:03","WindowsPlayer",NA,11,"TaskEvent",0,"0.11.141",42.9373931884766,13.9373369216919,-7.41999959945679,0.983571588993073,0.180519104003906,0,"History of WAT247,Find Toppo's Posters,Crash Diagnostics - Mountains,U4 - Crash Side Quest P5,Checking the Armory","50,watershed;50,energy;49,poster1;49,poster3;49,poster5;49,poster6;46,jasper;42,Locate the Beacon;80,Scan the Amory Floor","U4_Bunker,U4_Bunker_Quests","0.11.141","TaskActiveEvent",80,"Scan the Amory Floor",NA
"810","5c66e2c2e4194c47a1587d59",4,"Development","e0e8ba1d-a1a8-492c-a490-549b4a24c221","JG2 UX2",91,"2019-02-15 04:03:03","WindowsPlayer",NA,11,"TaskEvent",0,"0.11.141",42.9373931884766,13.9373369216919,-7.41999959945679,0.983571588993073,0.180519104003906,0,"History of WAT247,Find Toppo's Posters,Crash Diagnostics - Mountains,U4 - Crash Side Quest P5,Checking the Armory","50,watershed;50,energy;49,poster1;49,poster3;49,poster5;49,poster6;46,jasper;42,Locate the Beacon;80,Scan the Amory Floor","U4_Bunker,U4_Bunker_Quests","0.11.141","TaskActiveEvent",13,"deactivate",NA
"811","5c66e2c2e4194c47a1587d62",4,"Development","e0e8ba1d-a1a8-492c-a490-549b4a24c221","JG2 UX2",91,"2019-02-15 04:03:03","WindowsPlayer",NA,11,"TaskEvent",0,"0.11.141",42.9373931884766,13.9373369216919,-7.41999959945679,0.983571588993073,0.180519104003906,0,"History of WAT247,Find Toppo's Posters,Crash Diagnostics - Mountains,U4 - Crash Side Quest P5,Checking the Armory","50,watershed;50,energy;49,poster1;49,poster3;49,poster5;49,poster6;46,jasper;42,Locate the Beacon;80,Scan the Amory Floor;80,Scan the Armory Depth","U4_Bunker,U4_Bunker_Quests","0.11.141","TaskProgressEvent",12,"Who Flooded the Warehouse?",1
"812","5c66e2cce4194c47a1587d72",4,"Development","e0e8ba1d-a1a8-492c-a490-549b4a24c221","JG2 UX2",91,"2019-02-15 04:03:20","WindowsPlayer",NA,11,"TaskEvent",0,"0.11.141",26.1117343902588,15.6187658309937,-4.62683820724487,-0.995561897754669,0.0941087007522583,0,"History of WAT247,Find Toppo's Posters,Crash Diagnostics - Mountains,U4 - Crash Side Quest P5,Checking the Living Quarters","50,watershed;50,energy;49,poster1;49,poster3;49,poster5;49,poster6;46,jasper;42,Locate the Beacon;81,Scan the Living Quarters Ceiling","U4_Bunker,U4_Bunker_Quests","0.11.141","TaskCompleteEvent",12,"Who Flooded the Warehouse?",NA
"813","5c66e2cce4194c47a1587d7c",4,"Development","e0e8ba1d-a1a8-492c-a490-549b4a24c221","JG2 UX2",91,"2019-02-15 04:03:20","WindowsPlayer",NA,11,"TaskEvent",0,"0.11.141",26.1117343902588,15.6187658309937,-4.62683820724487,-0.995561897754669,0.0941087007522583,0,"History of WAT247,Find Toppo's Posters,Crash Diagnostics - Mountains,U4 - Crash Side Quest P5,Checking the Armory","50,watershed;50,energy;49,poster1;49,poster3;49,poster5;49,poster6;46,jasper;42,Locate the Beacon;80,Scan the Armory Depth","U4_Bunker,U4_Bunker_Quests","0.11.141","TaskProgressEvent",13,"deactivate",1
"814","5c66e2cce4194c47a1587d7d",4,"Development","e0e8ba1d-a1a8-492c-a490-549b4a24c221","JG2 UX2",91,"2019-02-15 04:03:20","WindowsPlayer",NA,11,"TaskEvent",0,"0.11.141",26.1117343902588,15.6187658309937,-4.62683820724487,-0.995561897754669,0.0941087007522583,0,"History of WAT247,Find Toppo's Posters,Crash Diagnostics - Mountains,U4 - Crash Side Quest P5,Checking the Armory,Checking the Living Quarters","50,watershed;50,energy;49,poster1;49,poster3;49,poster5;49,poster6;46,jasper;42,Locate the Beacon","U4_Bunker,U4_Bunker_Quests","0.11.141","TaskActiveEvent",13,"report",NA
"815","5c66e2efe4194c47a1587dbf",4,"Development","e0e8ba1d-a1a8-492c-a490-549b4a24c221","JG2 UX2",91,"2019-02-15 04:03:53","WindowsPlayer",NA,11,"TaskEvent",0,"0.11.141",-17.3329391479492,24.8730525970459,-13.0199995040894,0.584957778453827,0.811063766479492,0,"History of WAT247,Find Toppo's Posters,Crash Diagnostics - Mountains,U4 - Crash Side Quest P5,Checking the Living Quarters","50,watershed;50,energy;49,poster1;49,poster3;49,poster5;49,poster6;46,jasper;42,Locate the Beacon;81,Scan the Living Quarters Ceiling;81,Scan the Living Quarters Floor","U4_Bunker,U4_Bunker_Quests","0.11.141","TaskCompleteEvent",13,"deactivate",NA
"816","5c66e2efe4194c47a1587dc1",4,"Development","e0e8ba1d-a1a8-492c-a490-549b4a24c221","JG2 UX2",91,"2019-02-15 04:03:53","WindowsPlayer",NA,11,"TaskEvent",0,"0.11.141",-17.3329391479492,24.8730525970459,-13.0199995040894,0.584957778453827,0.811063766479492,0,"History of WAT247,Find Toppo's Posters,Crash Diagnostics - Mountains,U4 - Crash Side Quest P5,Checking the Living Quarters","50,watershed;50,energy;49,poster1;49,poster3;49,poster5;49,poster6;46,jasper;42,Locate the Beacon;81,Scan the Living Quarters Ceiling","U4_Bunker,U4_Bunker_Quests","0.11.141","TaskActiveEvent",14,"fountain1",NA
"817","5c66e2efe4194c47a1587dc2",4,"Development","e0e8ba1d-a1a8-492c-a490-549b4a24c221","JG2 UX2",91,"2019-02-15 04:03:53","WindowsPlayer",NA,11,"TaskEvent",0,"0.11.141",-17.3329391479492,24.8730525970459,-13.0199995040894,0.584957778453827,0.811063766479492,0,"History of WAT247,Find Toppo's Posters,Crash Diagnostics - Mountains,U4 - Crash Side Quest P5,Checking the Living Quarters","50,watershed;50,energy;49,poster1;49,poster3;49,poster5;49,poster6;46,jasper;42,Locate the Beacon;81,Scan the Living Quarters Ceiling","U4_Bunker,U4_Bunker_Quests","0.11.141","TaskCompleteEvent",13,"report",NA
"818","5c66e2efe4194c47a1587dc7",4,"Development","e0e8ba1d-a1a8-492c-a490-549b4a24c221","JG2 UX2",91,"2019-02-15 04:03:57","WindowsPlayer",NA,11,"TaskEvent",0,"0.11.141",-20.1553974151611,21.6495780944824,-13.0199995040894,-0.622514545917511,-0.782608270645142,0,"History of WAT247,Find Toppo's Posters,Crash Diagnostics - Mountains,U4 - Crash Side Quest P5,Checking the Living Quarters","50,watershed;50,energy;49,poster1;49,poster3;49,poster5;49,poster6;46,jasper;42,Locate the Beacon;81,Scan the Living Quarters Floor","U4_Bunker,U4_Bunker_Quests","0.11.141","TaskProgressEvent",13,"report",1
"819","5c66e2efe4194c47a1587dc8",4,"Development","e0e8ba1d-a1a8-492c-a490-549b4a24c221","JG2 UX2",91,"2019-02-15 04:03:57","WindowsPlayer",NA,11,"TaskEvent",0,"0.11.141",-20.1553974151611,21.6495780944824,-13.0199995040894,-0.622514545917511,-0.782608270645142,0,"History of WAT247,Find Toppo's Posters,Crash Diagnostics - Mountains,U4 - Crash Side Quest P5,Checking the Living Quarters","50,watershed;50,energy;49,poster1;49,poster3;49,poster5;49,poster6;46,jasper;42,Locate the Beacon;81,Scan the Living Quarters Floor","U4_Bunker,U4_Bunker_Quests","0.11.141","TaskActiveEvent",14,"fountain3",NA
"820","5c66e2f0e4194c47a1587dcf",4,"Development","e0e8ba1d-a1a8-492c-a490-549b4a24c221","JG2 UX2",91,"2019-02-15 04:03:57","WindowsPlayer",NA,11,"TaskEvent",0,"0.11.141",-20.1553974151611,21.6495780944824,-13.0199995040894,-0.622514545917511,-0.782608270645142,0,"History of WAT247,Find Toppo's Posters,Crash Diagnostics - Mountains,U4 - Crash Side Quest P5,Checking the Living Quarters","50,watershed;50,energy;49,poster1;49,poster3;49,poster5;49,poster6;46,jasper;42,Locate the Beacon;81,Scan the Living Quarters Floor;81,Scan the Living Quarters Depth","U4_Bunker,U4_Bunker_Quests","0.11.141","TaskProgressEvent",14,"fountain2",1
"821","5c66e2f9e4194c47a1587dd6",4,"Development","e0e8ba1d-a1a8-492c-a490-549b4a24c221","JG2 UX2",91,"2019-02-15 04:04:06","WindowsPlayer",NA,11,"TaskEvent",0,"0.11.141",-9.97779178619385,23.4234580993652,-13.0200004577637,0.995396316051483,0.0958451628684998,0,"History of WAT247,Find Toppo's Posters,Crash Diagnostics - Mountains,U4 - Crash Side Quest P5,Checking the Living Quarters","50,watershed;50,energy;49,poster1;49,poster3;49,poster5;49,poster6;46,jasper;42,Locate the Beacon;81,Scan the Living Quarters Depth","U4_Bunker,U4_Bunker_Quests","0.11.141","TaskCompleteEvent",14,"fountain2",NA
"822","5c66e2f9e4194c47a1587dd8",4,"Development","e0e8ba1d-a1a8-492c-a490-549b4a24c221","JG2 UX2",91,"2019-02-15 04:04:06","WindowsPlayer",NA,11,"TaskEvent",0,"0.11.141",-9.97779178619385,23.4234580993652,-13.0200004577637,0.995396316051483,0.0958451628684998,0,"History of WAT247,Find Toppo's Posters,Crash Diagnostics - Mountains,U4 - Crash Side Quest P5,Checking the Living Quarters,Checking the Mess Hall","50,watershed;50,energy;49,poster1;49,poster3;49,poster5;49,poster6;46,jasper;42,Locate the Beacon","U4_Bunker,U4_Bunker_Quests","0.11.141","TaskProgressEvent",14,"fountain3",1
"823","5c66e2f9e4194c47a1587ddf",4,"Development","e0e8ba1d-a1a8-492c-a490-549b4a24c221","JG2 UX2",91,"2019-02-15 04:04:06","WindowsPlayer",NA,11,"TaskEvent",0,"0.11.141",-9.97779178619385,23.4234580993652,-13.0200004577637,0.995396316051483,0.0958451628684998,0,"History of WAT247,Find Toppo's Posters,Crash Diagnostics - Mountains,U4 - Crash Side Quest P5,Checking the Mess Hall","50,watershed;50,energy;49,poster1;49,poster3;49,poster5;49,poster6;46,jasper;42,Locate the Beacon;82,Scan the Mess Hall Ceiling","U4_Bunker,U4_Bunker_Quests","0.11.141","TaskActiveEvent",14,"Head back to Anderson",NA
"824","5c66e312e4194c47a1587e07",4,"Development","e0e8ba1d-a1a8-492c-a490-549b4a24c221","JG2 UX2",91,"2019-02-15 04:04:31","WindowsPlayer",NA,11,"TaskEvent",0,"0.11.141",48.6226196289062,36.4155883789062,-18.6200008392334,0.984807968139648,0.173646748065948,0,"History of WAT247,Find Toppo's Posters,Crash Diagnostics - Mountains,U4 - Crash Side Quest P5,Checking the Mess Hall","50,watershed;50,energy;49,poster1;49,poster3;49,poster5;49,poster6;46,jasper;42,Locate the Beacon;82,Scan the Mess Hall Ceiling","U4_Bunker,U4_Bunker_Quests","0.11.141","TaskCompleteEvent",14,"fountain3",NA
"825","5c66e312e4194c47a1587e0d",4,"Development","e0e8ba1d-a1a8-492c-a490-549b4a24c221","JG2 UX2",91,"2019-02-15 04:04:31","WindowsPlayer",NA,11,"TaskEvent",0,"0.11.141",48.6226196289062,36.4155883789062,-18.6200008392334,0.984807968139648,0.173646748065948,0,"History of WAT247,Find Toppo's Posters,Crash Diagnostics - Mountains,U4 - Crash Side Quest P5,Checking the Mess Hall","50,watershed;50,energy;49,poster1;49,poster3;49,poster5;49,poster6;46,jasper;42,Locate the Beacon;82,Scan the Mess Hall Ceiling","U4_Bunker,U4_Bunker_Quests","0.11.141","TaskCompleteEvent",14,"overflow fountain",NA
"826","5c66e312e4194c47a1587e0e",4,"Development","e0e8ba1d-a1a8-492c-a490-549b4a24c221","JG2 UX2",91,"2019-02-15 04:04:31","WindowsPlayer",NA,11,"TaskEvent",0,"0.11.141",48.6226196289062,36.4155883789062,-18.6200008392334,0.984807968139648,0.173646748065948,0,"History of WAT247,Find Toppo's Posters,Crash Diagnostics - Mountains,U4 - Crash Side Quest P5,Checking the Mess Hall","50,watershed;50,energy;49,poster1;49,poster3;49,poster5;49,poster6;46,jasper;42,Locate the Beacon;82,Scan the Mess Hall Ceiling;82,Scan the Mess Hall Floor","U4_Bunker,U4_Bunker_Quests","0.11.141","TaskActiveEvent",61,"Head to Bed",NA
"827","5c66e317e4194c47a1587e1d",4,"Development","e0e8ba1d-a1a8-492c-a490-549b4a24c221","JG2 UX2",91,"2019-02-15 04:04:38","WindowsPlayer",NA,11,"TaskEvent",0,"0.11.141",45.8675003051758,32.2432670593262,-18.6199989318848,-0.546103298664093,-0.837717890739441,0,"History of WAT247,Find Toppo's Posters,Crash Diagnostics - Mountains,U4 - Crash Side Quest P5,Checking the Mess Hall","50,watershed;50,energy;49,poster1;49,poster3;49,poster5;49,poster6;46,jasper;42,Locate the Beacon;82,Scan the Mess Hall Floor","U4_Bunker,U4_Bunker_Quests","0.11.141","TaskProgressEvent",14,"overflow fountain",1
"828","5c66e317e4194c47a1587e1e",4,"Development","e0e8ba1d-a1a8-492c-a490-549b4a24c221","JG2 UX2",91,"2019-02-15 04:04:38","WindowsPlayer",NA,11,"TaskEvent",0,"0.11.141",45.8675003051758,32.2432670593262,-18.6199989318848,-0.546103298664093,-0.837717890739441,0,"History of WAT247,Find Toppo's Posters,Crash Diagnostics - Mountains,U4 - Crash Side Quest P5,Checking the Mess Hall","50,watershed;50,energy;49,poster1;49,poster3;49,poster5;49,poster6;46,jasper;42,Locate the Beacon;82,Scan the Mess Hall Floor;82,Scan the Mess Hall Depth","U4_Bunker,U4_Bunker_Quests","0.11.141","TaskActiveEvent",85,"teleport island",NA
"829","5c66e317e4194c47a1587e24",4,"Development","e0e8ba1d-a1a8-492c-a490-549b4a24c221","JG2 UX2",91,"2019-02-15 04:04:38","WindowsPlayer",NA,11,"TaskEvent",0,"0.11.141",45.8675003051758,32.2432670593262,-18.6199989318848,-0.546103298664093,-0.837717890739441,0,"History of WAT247,Find Toppo's Posters,Crash Diagnostics - Mountains,U4 - Crash Side Quest P5,Checking the Mess Hall","50,watershed;50,energy;49,poster1;49,poster3;49,poster5;49,poster6;46,jasper;42,Locate the Beacon;82,Scan the Mess Hall Floor","U4_Bunker,U4_Bunker_Quests","0.11.141","TaskActiveEvent",80,"Scan the Armory Ceiling",NA
"830","5c66e321e4194c47a1587e32",4,"Development","e0e8ba1d-a1a8-492c-a490-549b4a24c221","JG2 UX2",91,"2019-02-15 04:04:46","WindowsPlayer",NA,11,"TaskEvent",0,"0.11.141",37.6257667541504,37.6914520263672,-18.6200008392334,-0.87461918592453,0.484810650348663,0,"History of WAT247,Find Toppo's Posters,Crash Diagnostics - Mountains,U4 - Crash Side Quest P5,Checking the Warehouse","50,watershed;50,energy;49,poster1;49,poster3;49,poster5;49,poster6;46,jasper;42,Locate the Beacon;83,Scan the Warehouse Ceiling","U4_Bunker,U4_Bunker_Quests","0.11.141","TaskProgressEvent",50,"infiltration",1
"831","5c66e321e4194c47a1587e36",4,"Development","e0e8ba1d-a1a8-492c-a490-549b4a24c221","JG2 UX2",91,"2019-02-15 04:04:46","WindowsPlayer",NA,11,"TaskEvent",0,"0.11.141",37.6257667541504,37.6914520263672,-18.6200008392334,-0.87461918592453,0.484810650348663,0,"History of WAT247,Find Toppo's Posters,Crash Diagnostics - Mountains,U4 - Crash Side Quest P5,Checking the Mess Hall","50,watershed;50,energy;49,poster1;49,poster3;49,poster5;49,poster6;46,jasper;42,Locate the Beacon;82,Scan the Mess Hall Depth","U4_Bunker,U4_Bunker_Quests","0.11.141","TaskProgressEvent",6,"Investigate the Flood",1
"832","5c66e322e4194c47a1587e3d",4,"Development","e0e8ba1d-a1a8-492c-a490-549b4a24c221","JG2 UX2",91,"2019-02-15 04:04:46","WindowsPlayer",NA,11,"TaskEvent",0,"0.11.141",37.6257667541504,37.6914520263672,-18.6200008392334,-0.87461918592453,0.484810650348663,0,"History of WAT247,Find Toppo's Posters,Crash Diagnostics - Mountains,U4 - Crash Side Quest P5,Checking the Mess Hall,Checking the Warehouse","50,watershed;50,energy;49,poster1;49,poster3;49,poster5;49,poster6;46,jasper;42,Locate the Beacon","U4_Bunker,U4_Bunker_Quests","0.11.141","TaskCompleteEvent",50,"infiltration",NA
"833","5c66e34ee4194c47a1587e7c",4,"Development","e0e8ba1d-a1a8-492c-a490-549b4a24c221","JG2 UX2",91,"2019-02-15 04:05:23","WindowsPlayer",NA,11,"TaskEvent",0,"0.11.141",12.6221551895142,42.6487007141113,-18.8970203399658,-0.997684299945831,0.0680161118507385,0,"History of WAT247,Find Toppo's Posters,Crash Diagnostics - Mountains,U4 - Crash Side Quest P5,Checking the Warehouse","50,watershed;50,energy;49,poster1;49,poster3;49,poster5;49,poster6;46,jasper;42,Locate the Beacon;83,Scan the Warehouse Ceiling","U4_Bunker,U4_Bunker_Quests","0.11.141","TaskCompleteEvent",6,"Investigate the Flood",NA
"834","5c66e34ee4194c47a1587e7d",4,"Development","e0e8ba1d-a1a8-492c-a490-549b4a24c221","JG2 UX2",91,"2019-02-15 04:05:23","WindowsPlayer",NA,11,"TaskEvent",0,"0.11.141",12.6221551895142,42.6487007141113,-18.8970203399658,-0.997684299945831,0.0680161118507385,0,"History of WAT247,Find Toppo's Posters,Crash Diagnostics - Mountains,U4 - Crash Side Quest P5,Checking the Warehouse","50,watershed;50,energy;49,poster1;49,poster3;49,poster5;49,poster6;46,jasper;42,Locate the Beacon;83,Scan the Warehouse Ceiling;83,Scan the Warehouse Floor","U4_Bunker,U4_Bunker_Quests","0.11.141","TaskActiveEvent",14,"fountain2",NA
"835","5c66e34ee4194c47a1587e83",4,"Development","e0e8ba1d-a1a8-492c-a490-549b4a24c221","JG2 UX2",91,"2019-02-15 04:05:23","WindowsPlayer",NA,11,"TaskEvent",0,"0.11.141",12.6221551895142,42.6487007141113,-18.8970203399658,-0.997684299945831,0.0680161118507385,0,"History of WAT247,Find Toppo's Posters,Crash Diagnostics - Mountains,U4 - Crash Side Quest P5,Checking the Warehouse","50,watershed;50,energy;49,poster1;49,poster3;49,poster5;49,poster6;46,jasper;42,Locate the Beacon;83,Scan the Warehouse Ceiling","U4_Bunker,U4_Bunker_Quests","0.11.141","TaskCompleteEvent",14,"fountain1",NA
"836","5c66e358e4194c47a1587e96",4,"Development","e0e8ba1d-a1a8-492c-a490-549b4a24c221","JG2 UX2",91,"2019-02-15 04:05:34","WindowsPlayer",NA,11,"TaskEvent",0,"0.11.141",-16.3306102752686,52.179817199707,-24.0799999237061,-0.999506533145905,0.0314119458198547,0,"History of WAT247,Find Toppo's Posters,Crash Diagnostics - Mountains,U4 - Crash Side Quest P5,Checking the Warehouse","50,watershed;50,energy;49,poster1;49,poster3;49,poster5;49,poster6;46,jasper;42,Locate the Beacon;83,Scan the Warehouse Floor;83,Scan the Warehouse Depth","U4_Bunker,U4_Bunker_Quests","0.11.141","TaskActiveEvent",59,"Get Ready",NA
"837","5c66e358e4194c47a1587e9d",4,"Development","e0e8ba1d-a1a8-492c-a490-549b4a24c221","JG2 UX2",91,"2019-02-15 04:05:34","WindowsPlayer",NA,11,"TaskEvent",0,"0.11.141",-16.3306102752686,52.179817199707,-24.0799999237061,-0.999506533145905,0.0314119458198547,0,"History of WAT247,Find Toppo's Posters,Crash Diagnostics - Mountains,U4 - Crash Side Quest P5,Checking the Warehouse","50,watershed;50,energy;49,poster1;49,poster3;49,poster5;49,poster6;46,jasper;42,Locate the Beacon;83,Scan the Warehouse Floor","U4_Bunker,U4_Bunker_Quests","0.11.141","TaskActiveEvent",25,"Install Pumps",NA
"838","5c66e359e4194c47a1587e9e",4,"Development","e0e8ba1d-a1a8-492c-a490-549b4a24c221","JG2 UX2",91,"2019-02-15 04:05:34","WindowsPlayer",NA,11,"TaskEvent",0,"0.11.141",-16.3306102752686,52.179817199707,-24.0799999237061,-0.999506533145905,0.0314119458198547,0,"History of WAT247,Find Toppo's Posters,Crash Diagnostics - Mountains,U4 - Crash Side Quest P5,Checking the Warehouse","50,watershed;50,energy;49,poster1;49,poster3;49,poster5;49,poster6;46,jasper;42,Locate the Beacon;83,Scan the Warehouse Floor","U4_Bunker,U4_Bunker_Quests","0.11.141","TaskCompleteEvent",5,"Retry the Controls",NA
"839","5c66e362e4194c47a1587ea7",4,"Development","e0e8ba1d-a1a8-492c-a490-549b4a24c221","JG2 UX2",91,"2019-02-15 04:05:45","WindowsPlayer",NA,11,"TaskEvent",0,"0.11.141",-9.70907688140869,46.5790481567383,-24.0799999237061,0.830983877182007,-0.556296706199646,0,"History of WAT247,Find Toppo's Posters,Crash Diagnostics - Mountains,U4 - Crash Side Quest P5,Checking the Warehouse","50,watershed;50,energy;49,poster1;49,poster3;49,poster5;49,poster6;46,jasper;42,Locate the Beacon;83,Scan the Warehouse Depth","U4_Bunker,U4_Bunker_Quests","0.11.141","TaskActiveEvent",81,"Scan the Living Quarters Floor",NA
"840","5c66e362e4194c47a1587ea9",4,"Development","e0e8ba1d-a1a8-492c-a490-549b4a24c221","JG2 UX2",91,"2019-02-15 04:05:45","WindowsPlayer",NA,11,"TaskEvent",0,"0.11.141",-9.70907688140869,46.5790481567383,-24.0799999237061,0.830983877182007,-0.556296706199646,0,"History of WAT247,Find Toppo's Posters,Crash Diagnostics - Mountains,U4 - Crash Side Quest P5,Checking the Warehouse,Argue about the Flooded Bunker","50,watershed;50,energy;49,poster1;49,poster3;49,poster5;49,poster6;46,jasper;42,Locate the Beacon","U4_Bunker,U4_Bunker_Quests","0.11.141","TaskProgressEvent",14,"fountain1",1
"841","5c66e363e4194c47a1587eae",4,"Development","e0e8ba1d-a1a8-492c-a490-549b4a24c221","JG2 UX2",91,"2019-02-15 04:05:45","WindowsPlayer",NA,11,"TaskEvent",0,"0.11.141",-9.70907688140869,46.5790481567383,-24.0799999237061,0.830983877182007,-0.556296706199646,0,"History of WAT247,Find Toppo's Posters,Crash Diagnostics - Mountains,U4 - Crash Side Quest P5,Argue about the Flooded Bunker","50,watershed;50,energy;49,poster1;49,poster3;49,poster5;49,poster6;46,jasper;42,Locate the Beacon;12,Who Flooded the Armory?","U4_Bunker,U4_Bunker_Quests","0.11.141","TaskActiveEvent",5,"Drill to the Water Table",NA
"842","5c66e3fde4194c47a1587fd6",4,"Development","e0e8ba1d-a1a8-492c-a490-549b4a24c221","JG2 UX2",91,"2019-02-15 04:08:27","WindowsPlayer",NA,11,"TaskEvent",0,"0.11.141",-11.3703193664551,45.507869720459,-24.0799980163574,-0.753564178943634,-0.657374262809753,0,"History of WAT247,Find Toppo's Posters,Crash Diagnostics - Mountains,U4 - Crash Side Quest P5,Argue about the Flooded Bunker","50,watershed;50,energy;49,poster1;49,poster3;49,poster5;49,poster6;46,jasper;42,Locate the Beacon;12,Who Flooded the Armory?","U4_Bunker,U4_Bunker_Quests","0.11.141","TaskCompleteEvent",75,"BackToGardens",NA
"843","5c66e3fde4194c47a1587fd7",4,"Development","e0e8ba1d-a1a8-492c-a490-549b4a24c221","JG2 UX2",91,"2019-02-15 04:08:27","WindowsPlayer",NA,11,"TaskEvent",0,"0.11.141",-11.3703193664551,45.507869720459,-24.0799980163574,-0.753564178943634,-0.657374262809753,0,"History of WAT247,Find Toppo's Posters,Crash Diagnostics - Mountains,U4 - Crash Side Quest P5,Argue about the Flooded Bunker","50,watershed;50,energy;49,poster1;49,poster3;49,poster5;49,poster6;46,jasper;42,Locate the Beacon;12,Who Flooded the Armory?","U4_Bunker,U4_Bunker_Quests","0.11.141","TaskProgressEvent",75,"BackToGardens",1
"844","5c66e3fde4194c47a1587fd8",4,"Development","e0e8ba1d-a1a8-492c-a490-549b4a24c221","JG2 UX2",91,"2019-02-15 04:08:27","WindowsPlayer",NA,11,"TaskEvent",0,"0.11.141",-11.3703193664551,45.507869720459,-24.0799980163574,-0.753564178943634,-0.657374262809753,0,"History of WAT247,Find Toppo's Posters,Crash Diagnostics - Mountains,U4 - Crash Side Quest P5,Argue about the Flooded Bunker","50,watershed;50,energy;49,poster1;49,poster3;49,poster5;49,poster6;46,jasper;42,Locate the Beacon;12,Who Flooded the Armory?;12,Who Flooded the Warehouse?","U4_Bunker,U4_Bunker_Quests","0.11.141","TaskProgressEvent",5,"Retry the Controls",1
"845","5c66e47ae4194c47a15881cc",4,"Development","e0e8ba1d-a1a8-492c-a490-549b4a24c221","JG2 UX2",91,"2019-02-15 04:10:27","WindowsPlayer",NA,11,"TaskEvent",0,"0.11.141",-12.3994064331055,42.8183174133301,-24.0799999237061,-0.842453300952911,-0.538769602775574,0,"History of WAT247,Find Toppo's Posters,Crash Diagnostics - Mountains,U4 - Crash Side Quest P5,Argue about the Flooded Bunker","50,watershed;50,energy;49,poster1;49,poster3;49,poster5;49,poster6;46,jasper;42,Locate the Beacon;12,Who Flooded the Warehouse?","U4_Bunker,U4_Bunker_Quests","0.11.141","TaskProgressEvent",81,"Scan the Living Quarters Ceiling",1
"846","5c66e47ae4194c47a15881cf",4,"Development","e0e8ba1d-a1a8-492c-a490-549b4a24c221","JG2 UX2",91,"2019-02-15 04:10:27","WindowsPlayer",NA,11,"TaskEvent",0,"0.11.141",-12.3994064331055,42.8183174133301,-24.0799999237061,-0.842453300952911,-0.538769602775574,0,"History of WAT247,Find Toppo's Posters,Crash Diagnostics - Mountains,U4 - Crash Side Quest P5,Fix the Leak","50,watershed;50,energy;49,poster1;49,poster3;49,poster5;49,poster6;46,jasper;42,Locate the Beacon;13,deactivate","U4_Bunker,U4_Bunker_Quests","0.11.141","TaskCompleteEvent",81,"Scan the Living Quarters Ceiling",NA
"847","5c66e47ae4194c47a15881d2",4,"Development","e0e8ba1d-a1a8-492c-a490-549b4a24c221","JG2 UX2",91,"2019-02-15 04:10:27","WindowsPlayer",NA,11,"TaskEvent",0,"0.11.141",-12.3994064331055,42.8183174133301,-24.0799999237061,-0.842453300952911,-0.538769602775574,0,"History of WAT247,Find Toppo's Posters,Crash Diagnostics - Mountains,U4 - Crash Side Quest P5,Argue about the Flooded Bunker,Fix the Leak","50,watershed;50,energy;49,poster1;49,poster3;49,poster5;49,poster6;46,jasper;42,Locate the Beacon","U4_Bunker,U4_Bunker_Quests","0.11.141","TaskActiveEvent",82,"Scan the Mess Hall Floor",NA
"848","5c66e4a4e4194c47a1588255",4,"Development","e0e8ba1d-a1a8-492c-a490-549b4a24c221","JG2 UX2",91,"2019-02-15 04:11:08","WindowsPlayer",NA,11,"TaskEvent",0,"0.11.141",-558.189208984375,-26.1927947998047,27.5850162506104,0.86162918806076,-0.507538318634033,0,"History of WAT247,Find Toppo's Posters,Crash Diagnostics - Mountains,U4 - Crash Side Quest P5,Fix the Leak","50,watershed;50,energy;49,poster1;49,poster3;49,poster5;49,poster6;46,jasper;42,Locate the Beacon;13,deactivate","U4,U4_Collectibles,U4_Quests,U4_MilitaryBase","0.11.141","TaskProgressEvent",83,"Scan the Warehouse Floor",1
"849","5c66e4a4e4194c47a158825a",4,"Development","e0e8ba1d-a1a8-492c-a490-549b4a24c221","JG2 UX2",91,"2019-02-15 04:11:08","WindowsPlayer",NA,11,"TaskEvent",0,"0.11.141",-558.189208984375,-26.1927947998047,27.5850162506104,0.86162918806076,-0.507538318634033,0,"History of WAT247,Find Toppo's Posters,Crash Diagnostics - Mountains,U4 - Crash Side Quest P5,Fix the Leak","50,watershed;50,energy;49,poster1;49,poster3;49,poster5;49,poster6;46,jasper;42,Locate the Beacon;13,deactivate","U4,U4_Collectibles,U4_Quests,U4_MilitaryBase","0.11.141","TaskActiveEvent",83,"Scan the Warehouse Depth",NA
"850","5c66e4a4e4194c47a158825e",4,"Development","e0e8ba1d-a1a8-492c-a490-549b4a24c221","JG2 UX2",91,"2019-02-15 04:11:08","WindowsPlayer",NA,11,"TaskEvent",0,"0.11.141",-558.189208984375,-26.1927947998047,27.5850162506104,0.86162918806076,-0.507538318634033,0,"History of WAT247,Find Toppo's Posters,Crash Diagnostics - Mountains,U4 - Crash Side Quest P5,Fix the Leak","50,watershed;50,energy;49,poster1;49,poster3;49,poster5;49,poster6;46,jasper;42,Locate the Beacon;13,deactivate;13,report","U4,U4_Collectibles,U4_Quests,U4_MilitaryBase","0.11.141","TaskProgressEvent",83,"Scan the Warehouse Depth",1
"851","5c66e4cce4194c47a15882fe",4,"Development","e0e8ba1d-a1a8-492c-a490-549b4a24c221","JG2 UX2",91,"2019-02-15 04:11:51","WindowsPlayer",NA,11,"TaskEvent",0,"0.11.141",-584.700866699219,750.007446289062,62.819580078125,-0.790154814720154,0.612907409667969,0,"History of WAT247,Find Toppo's Posters,Crash Diagnostics - Mountains,U4 - Crash Side Quest P5,Fix the Leak","50,watershed;50,energy;49,poster1;49,poster3;49,poster5;49,poster6;46,jasper;42,Locate the Beacon;13,report","U4,U4_Collectibles,U4_Quests,U4_MilitaryBase","0.11.141","TaskActiveEvent",2,"Try the Controls",NA
"852","5c66e4cce4194c47a1588301",4,"Development","e0e8ba1d-a1a8-492c-a490-549b4a24c221","JG2 UX2",91,"2019-02-15 04:11:51","WindowsPlayer",NA,11,"TaskEvent",0,"0.11.141",-584.700866699219,750.007446289062,62.819580078125,-0.790154814720154,0.612907409667969,0,"History of WAT247,Find Toppo's Posters,Crash Diagnostics - Mountains,U4 - Crash Side Quest P5,Fix the Leak,Riley’s request","50,watershed;50,energy;49,poster1;49,poster3;49,poster5;49,poster6;46,jasper;42,Locate the Beacon","U4,U4_Collectibles,U4_Quests,U4_MilitaryBase","0.11.141","TaskCompleteEvent",2,"Enter the Building",NA
"853","5c66e4cce4194c47a1588307",4,"Development","e0e8ba1d-a1a8-492c-a490-549b4a24c221","JG2 UX2",91,"2019-02-15 04:11:51","WindowsPlayer",NA,11,"TaskEvent",0,"0.11.141",-584.700866699219,750.007446289062,62.819580078125,-0.790154814720154,0.612907409667969,0,"History of WAT247,Find Toppo's Posters,Crash Diagnostics - Mountains,U4 - Crash Side Quest P5,Riley’s request","50,watershed;50,energy;49,poster1;49,poster3;49,poster5;49,poster6;46,jasper;42,Locate the Beacon;14,fountain1","U4,U4_Collectibles,U4_Quests,U4_MilitaryBase","0.11.141","TaskProgressEvent",82,"Scan the Mess Hall Ceiling",1
"854","5c66e4e5e4194c47a158833a",4,"Development","e0e8ba1d-a1a8-492c-a490-549b4a24c221","JG2 UX2",91,"2019-02-15 04:12:19","WindowsPlayer",NA,11,"TaskEvent",0,"0.11.141",-248.819686889648,714.598754882812,42.2073135375977,-0.959313809871674,-0.282342195510864,0,"History of WAT247,Find Toppo's Posters,Crash Diagnostics - Mountains,U4 - Crash Side Quest P5,Riley’s request","50,watershed;50,energy;49,poster1;49,poster3;49,poster5;49,poster6;46,jasper;42,Locate the Beacon;14,fountain1","U4,U4_Collectibles,U4_Quests","0.11.141","TaskCompleteEvent",83,"Scan the Warehouse Depth",NA
"855","5c66e4e5e4194c47a158833b",4,"Development","e0e8ba1d-a1a8-492c-a490-549b4a24c221","JG2 UX2",91,"2019-02-15 04:12:19","WindowsPlayer",NA,11,"TaskEvent",0,"0.11.141",-248.819686889648,714.598754882812,42.2073135375977,-0.959313809871674,-0.282342195510864,0,"History of WAT247,Find Toppo's Posters,Crash Diagnostics - Mountains,U4 - Crash Side Quest P5,Riley’s request","50,watershed;50,energy;49,poster1;49,poster3;49,poster5;49,poster6;46,jasper;42,Locate the Beacon;14,fountain1;14,fountain2","U4,U4_Collectibles,U4_Quests","0.11.141","TaskProgressEvent",2,"Enter the Building",1
"856","5c66e4e5e4194c47a1588342",4,"Development","e0e8ba1d-a1a8-492c-a490-549b4a24c221","JG2 UX2",91,"2019-02-15 04:12:19","WindowsPlayer",NA,11,"TaskEvent",0,"0.11.141",-248.819686889648,714.598754882812,42.2073135375977,-0.959313809871674,-0.282342195510864,0,"History of WAT247,Find Toppo's Posters,Crash Diagnostics - Mountains,U4 - Crash Side Quest P5,Riley’s request","50,watershed;50,energy;49,poster1;49,poster3;49,poster5;49,poster6;46,jasper;42,Locate the Beacon;14,fountain1","U4,U4_Collectibles,U4_Quests","0.11.141","TaskCompleteEvent",82,"Scan the Mess Hall Ceiling",NA
"857","5c66e517e4194c47a158839a",4,"Development","e0e8ba1d-a1a8-492c-a490-549b4a24c221","JG2 UX2",91,"2019-02-15 04:13:03","WindowsPlayer",NA,11,"TaskEvent",0,"0.11.141",-60.4138488769531,606.134094238281,32.946044921875,0.525471925735474,-0.850811243057251,0,"History of WAT247,Find Toppo's Posters,Crash Diagnostics - Mountains,U4 - Crash Side Quest P5,Riley’s request","50,watershed;50,energy;49,poster1;49,poster3;49,poster5;49,poster6;46,jasper;42,Locate the Beacon;14,fountain2","U4,U4_Collectibles,U4_Quests","0.11.141","TaskCompleteEvent",83,"Scan the Warehouse Floor",NA
"858","5c66e517e4194c47a15883a3",4,"Development","e0e8ba1d-a1a8-492c-a490-549b4a24c221","JG2 UX2",91,"2019-02-15 04:13:03","WindowsPlayer",NA,11,"TaskEvent",0,"0.11.141",-60.4138488769531,606.134094238281,32.946044921875,0.525471925735474,-0.850811243057251,0,"History of WAT247,Find Toppo's Posters,Crash Diagnostics - Mountains,U4 - Crash Side Quest P5,Riley’s request","50,watershed;50,energy;49,poster1;49,poster3;49,poster5;49,poster6;46,jasper;42,Locate the Beacon;14,fountain2","U4,U4_Collectibles,U4_Quests","0.11.141","TaskActiveEvent",12,"Who Flooded the Armory?",NA
"859","5c66e517e4194c47a15883a4",4,"Development","e0e8ba1d-a1a8-492c-a490-549b4a24c221","JG2 UX2",91,"2019-02-15 04:13:03","WindowsPlayer",NA,11,"TaskEvent",0,"0.11.141",-60.4138488769531,606.134094238281,32.946044921875,0.525471925735474,-0.850811243057251,0,"History of WAT247,Find Toppo's Posters,Crash Diagnostics - Mountains,U4 - Crash Side Quest P5,Riley’s request","50,watershed;50,energy;49,poster1;49,poster3;49,poster5;49,poster6;46,jasper;42,Locate the Beacon;14,fountain2;14,fountain3","U4,U4_Collectibles,U4_Quests","0.11.141","TaskProgressEvent",14,"Head back to Anderson",1
"860","5c66e530e4194c47a15883d6",4,"Development","e0e8ba1d-a1a8-492c-a490-549b4a24c221","JG2 UX2",91,"2019-02-15 04:13:28","WindowsPlayer",NA,11,"TaskEvent",0,"0.11.141",-202.438583374023,421.336364746094,24.0807075500488,-0.457097113132477,-0.889416933059692,0,"History of WAT247,Find Toppo's Posters,Crash Diagnostics - Mountains,U4 - Crash Side Quest P5,Riley’s request","50,watershed;50,energy;49,poster1;49,poster3;49,poster5;49,poster6;46,jasper;42,Locate the Beacon;14,fountain3","U4,U4_Collectibles,U4_Quests","0.11.141","TaskActiveEvent",14,"overflow fountain",NA
"861","5c66e530e4194c47a15883d7",4,"Development","e0e8ba1d-a1a8-492c-a490-549b4a24c221","JG2 UX2",91,"2019-02-15 04:13:28","WindowsPlayer",NA,11,"TaskEvent",0,"0.11.141",-202.438583374023,421.336364746094,24.0807075500488,-0.457097113132477,-0.889416933059692,0,"History of WAT247,Find Toppo's Posters,Crash Diagnostics - Mountains,U4 - Crash Side Quest P5,Riley’s request","50,watershed;50,energy;49,poster1;49,poster3;49,poster5;49,poster6;46,jasper;42,Locate the Beacon;14,fountain3","U4,U4_Collectibles,U4_Quests","0.11.141","TaskCompleteEvent",14,"Head back to Anderson",NA
"862","5c66e530e4194c47a15883df",4,"Development","e0e8ba1d-a1a8-492c-a490-549b4a24c221","JG2 UX2",91,"2019-02-15 04:13:28","WindowsPlayer",NA,11,"TaskEvent",0,"0.11.141",-202.438583374023,421.336364746094,24.0807075500488,-0.457097113132477,-0.889416933059692,0,"History of WAT247,Find Toppo's Posters,Crash Diagnostics - Mountains,U4 - Crash Side Quest P5,Riley’s request","50,watershed;50,energy;49,poster1;49,poster3;49,poster5;49,poster6;46,jasper;42,Locate the Beacon;14,fountain3;14,Head back to Anderson","U4,U4_Collectibles,U4_Quests","0.11.141","TaskCompleteEvent",61,"Head to Bed",NA
"863","5c66e567e4194c47a158843a",4,"Development","e0e8ba1d-a1a8-492c-a490-549b4a24c221","JG2 UX2",91,"2019-02-15 04:14:29","WindowsPlayer",NA,11,"TaskEvent",0,"0.11.141",-584.648071289062,752.943664550781,63.1358337402344,-0.315647512674332,-0.948876619338989,0,"History of WAT247,Find Toppo's Posters,Crash Diagnostics - Mountains,U4 - Crash Side Quest P5,Riley’s request","50,watershed;50,energy;49,poster1;49,poster3;49,poster5;49,poster6;46,jasper;42,Locate the Beacon;14,Head back to Anderson","U4,U4_Collectibles,U4_Quests,U4_MilitaryBase","0.11.141","TaskProgressEvent",61,"Head to Bed",1
"864","5c66e567e4194c47a158843e",4,"Development","e0e8ba1d-a1a8-492c-a490-549b4a24c221","JG2 UX2",91,"2019-02-15 04:14:29","WindowsPlayer",NA,11,"TaskEvent",0,"0.11.141",-584.648071289062,752.943664550781,63.1358337402344,-0.315647512674332,-0.948876619338989,0,"History of WAT247,Find Toppo's Posters,Crash Diagnostics - Mountains,U4 - Crash Side Quest P5,Riley’s request","50,watershed;50,energy;49,poster1;49,poster3;49,poster5;49,poster6;46,jasper;42,Locate the Beacon;14,Head back to Anderson","U4,U4_Collectibles,U4_Quests,U4_MilitaryBase","0.11.141","TaskActiveEvent",74,"wakeup",NA
"865","5c66e567e4194c47a158843f",4,"Development","e0e8ba1d-a1a8-492c-a490-549b4a24c221","JG2 UX2",91,"2019-02-15 04:14:29","WindowsPlayer",NA,11,"TaskEvent",0,"0.11.141",-584.648071289062,752.943664550781,63.1358337402344,-0.315647512674332,-0.948876619338989,0,"History of WAT247,Find Toppo's Posters,Crash Diagnostics - Mountains,U4 - Crash Side Quest P5,Riley’s request","50,watershed;50,energy;49,poster1;49,poster3;49,poster5;49,poster6;46,jasper;42,Locate the Beacon;14,Head back to Anderson;14,overflow fountain","U4,U4_Collectibles,U4_Quests,U4_MilitaryBase","0.11.141","TaskCompleteEvent",74,"wakeup",NA
"866","5c66e5d3e4194c47a15885a7",4,"Development","e0e8ba1d-a1a8-492c-a490-549b4a24c221","JG2 UX2",91,"2019-02-15 04:16:18","WindowsPlayer",NA,11,"TaskEvent",0,"0.11.141",5.31071758270264,-6.60051870346069,0.9819575548172,0.811381876468658,0.584516406059265,0,"History of WAT247,Find Toppo's Posters,Crash Diagnostics - Mountains,U4 - Crash Side Quest P5,Third Night at Base","50,watershed;50,energy;49,poster1;49,poster3;49,poster5;49,poster6;46,jasper;42,Locate the Beacon;61,Head to Bed","PB_PlayerRoom","0.11.141","TaskProgressEvent",74,"wakeup",1
"867","5c66e5d3e4194c47a15885a9",4,"Development","e0e8ba1d-a1a8-492c-a490-549b4a24c221","JG2 UX2",91,"2019-02-15 04:16:18","WindowsPlayer",NA,11,"TaskEvent",0,"0.11.141",5.31071758270264,-6.60051870346069,0.9819575548172,0.811381876468658,0.584516406059265,0,"History of WAT247,Find Toppo's Posters,Crash Diagnostics - Mountains,U4 - Crash Side Quest P5","50,watershed;50,energy;49,poster1;49,poster3;49,poster5;49,poster6;46,jasper;42,Locate the Beacon","PB_PlayerRoom","0.11.141","TaskActiveEvent",74,"arfRoom",NA
"868","5c66e5e7e4194c47a15885eb",4,"Development","e0e8ba1d-a1a8-492c-a490-549b4a24c221","JG2 UX2",91,"2019-02-15 04:16:20","WindowsPlayer",NA,11,"TaskEvent",0,"0.11.141",5.31071758270264,-6.60051870346069,0.9819575548172,0.810360491275787,0.585931658744812,0,"History of WAT247,Find Toppo's Posters,Crash Diagnostics - Mountains,U4 - Crash Side Quest P5,U5 - Waking up on WAT247","50,watershed;50,energy;49,poster1;49,poster3;49,poster5;49,poster6;46,jasper;42,Locate the Beacon","PB_PlayerRoom","0.11.141","TaskCompleteEvent",74,"arfRoom",NA
"869","5c66e5f1e4194c47a1588618",4,"Development","e0e8ba1d-a1a8-492c-a490-549b4a24c221","JG2 UX2",91,"2019-02-15 04:15:47","WindowsPlayer",NA,11,"TaskEvent",0,"0.11.141",-582.404907226562,753.799072265625,63.2796783447266,-0.599022805690765,-0.800732374191284,0,"History of WAT247,Find Toppo's Posters,Crash Diagnostics - Mountains,U4 - Crash Side Quest P5,Riley’s request","50,watershed;50,energy;49,poster1;49,poster3;49,poster5;49,poster6;46,jasper;42,Locate the Beacon;14,overflow fountain","U4,U4_Collectibles,U4_Quests,U4_MilitaryBase","0.11.141","TaskActiveEvent",77,"collectARF",NA
"870","5c66e5f1e4194c47a1588619",4,"Development","e0e8ba1d-a1a8-492c-a490-549b4a24c221","JG2 UX2",91,"2019-02-15 04:15:47","WindowsPlayer",NA,11,"TaskEvent",0,"0.11.141",-582.404907226562,753.799072265625,63.2796783447266,-0.599022805690765,-0.800732374191284,0,"History of WAT247,Find Toppo's Posters,Crash Diagnostics - Mountains,U4 - Crash Side Quest P5,Riley’s request,Third Night at Base","50,watershed;50,energy;49,poster1;49,poster3;49,poster5;49,poster6;46,jasper;42,Locate the Beacon","U4,U4_Collectibles,U4_Quests,U4_MilitaryBase","0.11.141","TaskProgressEvent",74,"arfRoom",1
"871","5c66e5f1e4194c47a1588622",4,"Development","e0e8ba1d-a1a8-492c-a490-549b4a24c221","JG2 UX2",91,"2019-02-15 04:15:47","WindowsPlayer",NA,11,"TaskEvent",0,"0.11.141",-582.404907226562,753.799072265625,63.2796783447266,-0.599022805690765,-0.800732374191284,0,"History of WAT247,Find Toppo's Posters,Crash Diagnostics - Mountains,U4 - Crash Side Quest P5,Third Night at Base","50,watershed;50,energy;49,poster1;49,poster3;49,poster5;49,poster6;46,jasper;42,Locate the Beacon;61,Head to Bed","U4,U4_Collectibles,U4_Quests,U4_MilitaryBase","0.11.141","TaskProgressEvent",77,"collectARF",1
"872","5d262f5ce4194c2f5ffc6d94",4,"Development","e0e8ba1d-a1a8-492c-a490-549b4a24c221","JG2 UX2",91,"2019-07-10 08:32:50","WindowsPlayer",NA,11,"TaskEvent",0,"0.11.235",66.7399978637695,-2.96000003814697,0.792359113693237,-1,5.96046447753906e-08,0,"U1 - Welcome to WAT247",NA,"U1,U1_Quest","0.11.235","TaskActiveEvent",77,"checkPoster",NA
"873","5d262f7ae4194c2f5ffc6de8",4,"Development","e0e8ba1d-a1a8-492c-a490-549b4a24c221","JG2 UX2",91,"2019-07-10 08:33:22","WindowsPlayer",NA,11,"TaskEvent",0,"0.11.235",66.7399978637695,-2.96000003814697,0.792359113693237,0.992114722728729,-0.125333309173584,0,"U1 - Welcome to WAT247","74,wakeup","U1,U1_Quest","0.11.235","TaskCompleteEvent",77,"collectARF",NA
"874","5d262f7ae4194c2f5ffc6dec",4,"Development","e0e8ba1d-a1a8-492c-a490-549b4a24c221","JG2 UX2",91,"2019-07-10 08:33:22","WindowsPlayer",NA,11,"TaskEvent",0,"0.11.235",66.7399978637695,-2.96000003814697,0.792359113693237,0.992114722728729,-0.125333309173584,0,"U1 - Welcome to WAT247","74,wakeup","U1,U1_Quest","0.11.235","TaskProgressEvent",77,"checkPoster",1
"875","5d262f7ae4194c2f5ffc6ded",4,"Development","e0e8ba1d-a1a8-492c-a490-549b4a24c221","JG2 UX2",91,"2019-07-10 08:33:22","WindowsPlayer",NA,11,"TaskEvent",0,"0.11.235",66.7399978637695,-2.96000003814697,0.792359113693237,0.992114722728729,-0.125333309173584,0,"U1 - Welcome to WAT247","74,wakeup;74,arfRoom","U1,U1_Quest","0.11.235","TaskCompleteEvent",77,"checkPoster",NA
"876","5d262f89e4194c2f5ffc6e1b",4,"Development","e0e8ba1d-a1a8-492c-a490-549b4a24c221","JG2 UX2",91,"2019-07-10 08:33:37","WindowsPlayer",NA,11,"TaskEvent",0,"0.11.235",0.241759419441223,-54.4196853637695,0.984734356403351,-0.294040232896805,-0.955793142318726,0,"U1 - Welcome to WAT247","74,arfRoom","U1,U1_Quest","0.11.235","TaskActiveEvent",77,"trialArg",NA
"877","5d262f89e4194c2f5ffc6e28",4,"Development","e0e8ba1d-a1a8-492c-a490-549b4a24c221","JG2 UX2",91,"2019-07-10 08:33:37","WindowsPlayer",NA,11,"TaskEvent",0,"0.11.235",0.241759419441223,-54.4196853637695,0.984734356403351,-0.294040232896805,-0.955793142318726,0,"U1 - Welcome to WAT247,U1 - An Amazing AI",NA,"U1,U1_Quest","0.11.235","TaskCompleteEvent",77,"trialArg",NA
"878","5d262f8ae4194c2f5ffc6e2a",4,"Development","e0e8ba1d-a1a8-492c-a490-549b4a24c221","JG2 UX2",91,"2019-07-10 08:33:37","WindowsPlayer",NA,11,"TaskEvent",0,"0.11.235",0.241759419441223,-54.4196853637695,0.984734356403351,-0.294040232896805,-0.955793142318726,0,"U1 - An Amazing AI","77,collectARF","U1,U1_Quest","0.11.235","TaskActiveEvent",78,"toppoTalk",NA
"879","5d2632e8e4194c2f5ffc6fc2",4,"Development","e0e8ba1d-a1a8-492c-a490-549b4a24c221","JG2 UX2",91,"2019-07-10 08:48:00","WindowsPlayer",NA,11,"TaskEvent",0,"0.11.235",-217.399993896484,195.199996948242,50.8499984741211,-0.0958457589149475,0.995396196842194,0,"History of WAT247,Find Toppo's Posters,Crash Diagnostics - Mountains,U3 - Crash Side Quest P3,U5 - Waking up on WAT247","50,watershed;50,energy;49,poster1;49,poster5;49,poster6;46,jasper;40,Find the supplies crate;85,teleport island","U5,U5_Quests","0.11.235","TaskProgressEvent",77,"trialArg",1
"880","5d2632e8e4194c2f5ffc6fc3",4,"Development","e0e8ba1d-a1a8-492c-a490-549b4a24c221","JG2 UX2",91,"2019-07-10 08:48:00","WindowsPlayer",NA,11,"TaskEvent",0,"0.11.235",-217.399993896484,195.199996948242,50.8499984741211,-0.0958457589149475,0.995396196842194,0,"History of WAT247,Find Toppo's Posters,Crash Diagnostics - Mountains,U3 - Crash Side Quest P3,U5 - Waking up on WAT247,LargeMart Island","50,watershed;50,energy;49,poster1;49,poster5;49,poster6;46,jasper;40,Find the supplies crate","U5,U5_Quests","0.11.235","TaskActiveEvent",78,"completeArg",NA
"881","5d2632f2e4194c2f5ffc6fe9",4,"Development","e0e8ba1d-a1a8-492c-a490-549b4a24c221","JG2 UX2",91,"2019-07-10 08:48:08","WindowsPlayer",NA,11,"TaskEvent",0,"0.11.235",-212.14323425293,195.647018432617,51.8253860473633,0.994880795478821,-0.101056694984436,0,"History of WAT247,Find Toppo's Posters,Crash Diagnostics - Mountains,U3 - Crash Side Quest P3,LargeMart Island","50,watershed;50,energy;49,poster1;49,poster5;49,poster6;46,jasper;40,Find the supplies crate;29,meet;29,talk","U5,U5_Quests","0.11.235","TaskProgressEvent",78,"toppoTalk",1
"882","5d2632f2e4194c2f5ffc6fec",4,"Development","e0e8ba1d-a1a8-492c-a490-549b4a24c221","JG2 UX2",91,"2019-07-10 08:48:08","WindowsPlayer",NA,11,"TaskEvent",0,"0.11.235",-212.14323425293,195.647018432617,51.8253860473633,0.994880795478821,-0.101056694984436,0,"History of WAT247,Find Toppo's Posters,Crash Diagnostics - Mountains,U3 - Crash Side Quest P3,LargeMart Island","50,watershed;50,energy;49,poster1;49,poster5;49,poster6;46,jasper;40,Find the supplies crate;29,meet","U5,U5_Quests","0.11.235","TaskCompleteEvent",78,"toppoTalk",NA
"883","5d2632f2e4194c2f5ffc6fef",4,"Development","e0e8ba1d-a1a8-492c-a490-549b4a24c221","JG2 UX2",91,"2019-07-10 08:48:08","WindowsPlayer",NA,11,"TaskEvent",0,"0.11.235",-212.14323425293,195.647018432617,51.8253860473633,0.994880795478821,-0.101056694984436,0,"History of WAT247,Find Toppo's Posters,Crash Diagnostics - Mountains,U3 - Crash Side Quest P3,LargeMart Island","50,watershed;50,energy;49,poster1;49,poster5;49,poster6;46,jasper;40,Find the supplies crate;29,meet","U5,U5_Quests","0.11.235","TaskCompleteEvent",78,"completeArg",NA
"884","5d263333e4194c2f5ffc70e5",4,"Development","e0e8ba1d-a1a8-492c-a490-549b4a24c221","JG2 UX2",91,"2019-07-10 08:46:37","WindowsPlayer",NA,11,"TaskEvent",0,"0.11.235",5.83539056777954,-7.06427669525146,0.982111275196075,0.919349491596222,0.393441796302795,0,"History of WAT247,Find Toppo's Posters,Crash Diagnostics - Mountains,U3 - Crash Side Quest P3","50,watershed;50,energy;49,poster1;49,poster5;49,poster6;46,jasper;40,Find the supplies crate","PB_PlayerRoom","0.11.235","TaskActiveEvent",79,"meetJasper",NA
"885","5d263333e4194c2f5ffc70ea",4,"Development","e0e8ba1d-a1a8-492c-a490-549b4a24c221","JG2 UX2",91,"2019-07-10 08:46:37","WindowsPlayer",NA,11,"TaskEvent",0,"0.11.235",5.83539056777954,-7.06427669525146,0.982111275196075,0.919349491596222,0.393441796302795,0,"Third Night at Base,History of WAT247,Find Toppo's Posters,Crash Diagnostics - Mountains,U3 - Crash Side Quest P3","61,Head to Bed;50,watershed;50,energy;49,poster1;49,poster5;49,poster6;46,jasper;40,Find the supplies crate","PB_PlayerRoom","0.11.235","TaskProgressEvent",78,"completeArg",1
"886","5d263333e4194c2f5ffc70ee",4,"Development","e0e8ba1d-a1a8-492c-a490-549b4a24c221","JG2 UX2",91,"2019-07-10 08:46:39","WindowsPlayer",NA,11,"TaskEvent",0,"0.11.235",5.83539056777954,-7.06427669525146,0.982111275196075,0.575987815856934,-0.817458629608154,0,"History of WAT247,Find Toppo's Posters,Crash Diagnostics - Mountains,U3 - Crash Side Quest P3,U5 - Waking up on WAT247","50,watershed;50,energy;49,poster1;49,poster5;49,poster6;46,jasper;40,Find the supplies crate","PB_PlayerRoom","0.11.235","TaskActiveEvent",79,"followJasper",NA
"887","5d263342e4194c2f5ffc7121",4,"Development","e0e8ba1d-a1a8-492c-a490-549b4a24c221","JG2 UX2",91,"2019-07-10 08:49:32","WindowsPlayer",NA,11,"TaskEvent",0,"0.11.235",-212.012252807617,13.7499742507935,69.1604309082031,-0.881303608417511,-0.472550749778748,0,"History of WAT247,Find Toppo's Posters,Crash Diagnostics - Mountains,U3 - Crash Side Quest P3,LargeMart Island","50,watershed;50,energy;49,poster1;49,poster5;49,poster6;46,jasper;40,Find the supplies crate;29,talk","U5,U5_Quests","0.11.235","TaskCompleteEvent",79,"meetJasper",NA
"888","5d263342e4194c2f5ffc7122",4,"Development","e0e8ba1d-a1a8-492c-a490-549b4a24c221","JG2 UX2",91,"2019-07-10 08:49:32","WindowsPlayer",NA,11,"TaskEvent",0,"0.11.235",-212.012252807617,13.7499742507935,69.1604309082031,-0.881303608417511,-0.472550749778748,0,"History of WAT247,Find Toppo's Posters,Crash Diagnostics - Mountains,U3 - Crash Side Quest P3,LargeMart Island","50,watershed;50,energy;49,poster1;49,poster5;49,poster6;46,jasper;40,Find the supplies crate;29,talk","U5,U5_Quests","0.11.235","TaskProgressEvent",79,"meetJasper",1
"889","5d263342e4194c2f5ffc712f",4,"Development","e0e8ba1d-a1a8-492c-a490-549b4a24c221","JG2 UX2",91,"2019-07-10 08:49:32","WindowsPlayer",NA,11,"TaskEvent",0,"0.11.235",-212.012252807617,13.7499742507935,69.1604309082031,-0.881303608417511,-0.472550749778748,0,"History of WAT247,Find Toppo's Posters,Crash Diagnostics - Mountains,U3 - Crash Side Quest P3,LargeMart Island","50,watershed;50,energy;49,poster1;49,poster5;49,poster6;46,jasper;40,Find the supplies crate;29,talk;29,unlock","U5,U5_Quests","0.11.235","TaskCompleteEvent",79,"followJasper",NA
"890","5d263365e4194c2f5ffc715e",4,"Development","e0e8ba1d-a1a8-492c-a490-549b4a24c221","JG2 UX2",91,"2019-07-10 08:50:10","WindowsPlayer",NA,11,"TaskEvent",0,"0.11.235",-713.720642089844,6.77553606033325,-106.193885803223,0.933557629585266,-0.358427882194519,0,"History of WAT247,Find Toppo's Posters,Crash Diagnostics - Mountains,U3 - Crash Side Quest P3,LargeMart Island","50,watershed;50,energy;49,poster1;49,poster5;49,poster6;46,jasper;40,Find the supplies crate;29,unlock","U5_Cavern,U5_Cavern_Quests","0.11.235","TaskProgressEvent",79,"followJasper",1
"891","5d263366e4194c2f5ffc7169",4,"Development","e0e8ba1d-a1a8-492c-a490-549b4a24c221","JG2 UX2",91,"2019-07-10 08:50:10","WindowsPlayer",NA,11,"TaskEvent",0,"0.11.235",-713.720642089844,6.77553606033325,-106.193885803223,0.933557629585266,-0.358427882194519,0,"History of WAT247,Find Toppo's Posters,Crash Diagnostics - Mountains,U3 - Crash Side Quest P3,LargeMart Island","50,watershed;50,energy;49,poster1;49,poster5;49,poster6;46,jasper;40,Find the supplies crate;29,unlock","U5_Cavern,U5_Cavern_Quests","0.11.235","TaskActiveEvent",79,"jumpDebris",NA
"892","5d2633a1e4194c2f5ffc7225",4,"Development","e0e8ba1d-a1a8-492c-a490-549b4a24c221","JG2 UX2",91,"2019-07-10 08:50:44","WindowsPlayer",NA,11,"TaskEvent",0,"0.11.235",-703.111145019531,29.7488040924072,-106.19677734375,0.954221427440643,-0.299101710319519,0,"History of WAT247,Find Toppo's Posters,Crash Diagnostics - Mountains,U3 - Crash Side Quest P3,LargeMart Island","50,watershed;49,poster1;49,poster5;49,poster6;46,jasper;40,Find the supplies crate;29,unlock","U5_Cavern,U5_Cavern_Quests","0.11.235","TaskActiveEvent",79,"escapePods",NA
"893","5d2633a1e4194c2f5ffc722b",4,"Development","e0e8ba1d-a1a8-492c-a490-549b4a24c221","JG2 UX2",91,"2019-07-10 08:50:44","WindowsPlayer",NA,11,"TaskEvent",0,"0.11.235",-703.111145019531,29.7488040924072,-106.19677734375,0.954221427440643,-0.299101710319519,0,"History of WAT247,Find Toppo's Posters,Crash Diagnostics - Mountains,U3 - Crash Side Quest P3,LargeMart Island,Explore the Alien Seaside Facility","50,watershed;49,poster1;49,poster5;49,poster6;46,jasper;40,Find the supplies crate","U5_Cavern,U5_Cavern_Quests","0.11.235","TaskCompleteEvent",79,"jumpDebris",NA
"894","5d2633a1e4194c2f5ffc722c",4,"Development","e0e8ba1d-a1a8-492c-a490-549b4a24c221","JG2 UX2",91,"2019-07-10 08:50:44","WindowsPlayer",NA,11,"TaskEvent",0,"0.11.235",-703.111145019531,29.7488040924072,-106.19677734375,0.954221427440643,-0.299101710319519,0,"History of WAT247,Find Toppo's Posters,Crash Diagnostics - Mountains,U3 - Crash Side Quest P3,Explore the Alien Seaside Facility","50,watershed;49,poster1;49,poster5;49,poster6;46,jasper;40,Find the supplies crate;36,Reach Seaside","U5_Cavern,U5_Cavern_Quests","0.11.235","TaskActiveEvent",79,"enterPod",NA
"895","5d263419e4194c2f5ffc73a2",4,"Development","e0e8ba1d-a1a8-492c-a490-549b4a24c221","JG2 UX2",91,"2019-07-10 08:52:51","WindowsPlayer",NA,11,"TaskEvent",0,"0.11.235",334.902069091797,-5.0016975402832,3.97999978065491,-0.986855864524841,0.161603033542633,0,"History of WAT247,Find Toppo's Posters,Crash Diagnostics - Mountains,U3 - Crash Side Quest P3,Explore the Alien Seaside Facility","50,watershed;49,poster1;49,poster5;49,poster6;46,jasper;40,Find the supplies crate;36,Condense Humidity","U5_Dungeon","0.11.235","TaskProgressEvent",79,"jumpDebris",1
"896","5d26341ae4194c2f5ffc73b0",4,"Development","e0e8ba1d-a1a8-492c-a490-549b4a24c221","JG2 UX2",91,"2019-07-10 08:52:51","WindowsPlayer",NA,11,"TaskEvent",0,"0.11.235",334.902069091797,-5.0016975402832,3.97999978065491,-0.986855864524841,0.161603033542633,0,"History of WAT247,Find Toppo's Posters,Crash Diagnostics - Mountains,U3 - Crash Side Quest P3,Explore the Alien Seaside Facility","50,watershed;49,poster1;49,poster5;49,poster6;46,jasper;40,Find the supplies crate;36,Condense Humidity","U5_Dungeon","0.11.235","TaskProgressEvent",79,"escapePods",1
"897","5d26341ae4194c2f5ffc73b1",4,"Development","e0e8ba1d-a1a8-492c-a490-549b4a24c221","JG2 UX2",91,"2019-07-10 08:52:51","WindowsPlayer",NA,11,"TaskEvent",0,"0.11.235",334.902069091797,-5.0016975402832,3.97999978065491,-0.986855864524841,0.161603033542633,0,"History of WAT247,Find Toppo's Posters,Crash Diagnostics - Mountains,U3 - Crash Side Quest P3,Explore the Alien Seaside Facility","50,watershed;49,poster1;49,poster5;49,poster6;46,jasper;40,Find the supplies crate;36,Condense Humidity;36,Evaporate Water","U5_Dungeon","0.11.235","TaskCompleteEvent",79,"escapePods",NA
"898","5d26341ee4194c2f5ffc73b4",4,"Development","e0e8ba1d-a1a8-492c-a490-549b4a24c221","JG2 UX2",91,"2019-07-10 08:52:41","WindowsPlayer",NA,11,"TaskEvent",0,"0.11.235",318.551086425781,-8.5418872833252,3.98000001907349,0.939093828201294,0.343660950660706,0,"History of WAT247,Find Toppo's Posters,Crash Diagnostics - Mountains,U3 - Crash Side Quest P3,Explore the Alien Seaside Facility","50,watershed;49,poster1;49,poster5;49,poster6;46,jasper;40,Find the supplies crate;36,Reach Seaside","U5_Dungeon","0.11.235","TaskProgressEvent",79,"enterPod",1
"899","5d26341ee4194c2f5ffc73bb",4,"Development","e0e8ba1d-a1a8-492c-a490-549b4a24c221","JG2 UX2",91,"2019-07-10 08:52:41","WindowsPlayer",NA,11,"TaskEvent",0,"0.11.235",318.551086425781,-8.5418872833252,3.98000001907349,0.939093828201294,0.343660950660706,0,"History of WAT247,Find Toppo's Posters,Crash Diagnostics - Mountains,U3 - Crash Side Quest P3,Explore the Alien Seaside Facility","50,watershed;49,poster1;49,poster5;49,poster6;46,jasper;40,Find the supplies crate;36,Reach Seaside","U5_Dungeon","0.11.235","TaskCompleteEvent",79,"enterPod",NA
"900","5d26341ee4194c2f5ffc73c0",4,"Development","e0e8ba1d-a1a8-492c-a490-549b4a24c221","JG2 UX2",91,"2019-07-10 08:52:41","WindowsPlayer",NA,11,"TaskEvent",0,"0.11.235",318.551086425781,-8.5418872833252,3.98000001907349,0.939093828201294,0.343660950660706,0,"History of WAT247,Find Toppo's Posters,Crash Diagnostics - Mountains,U3 - Crash Side Quest P3,Explore the Alien Seaside Facility","50,watershed;49,poster1;49,poster5;49,poster6;46,jasper;40,Find the supplies crate;36,Reach Seaside;36,Condense Humidity","U5_Dungeon","0.11.235","TaskActiveEvent",49,"poster3",NA
"901","5d26383fe4194c2f5ffc842b",4,"Development","e0e8ba1d-a1a8-492c-a490-549b4a24c221","JG2 UX2",91,"2019-07-10 09:10:49","WindowsPlayer",NA,11,"TaskEvent",0,"0.11.235",104.558822631836,-35.3560104370117,3.97000002861023,-0.343657582998276,-0.939095020294189,0,"History of WAT247,Find Toppo's Posters,Crash Diagnostics - Mountains,U3 - Crash Side Quest P3,Explore the Alien Seaside Facility","50,watershed;49,poster1;49,poster5;49,poster6;46,jasper;40,Find the supplies crate;36,Start Fountain;36,Talk Bill","U5_Dungeon,U5_Cavern","0.11.235","TaskActiveEvent",49,"poster4",NA
"902","5d263840e4194c2f5ffc8435",4,"Development","e0e8ba1d-a1a8-492c-a490-549b4a24c221","JG2 UX2",91,"2019-07-10 09:10:49","WindowsPlayer",NA,11,"TaskEvent",0,"0.11.235",104.558822631836,-35.3560104370117,3.97000002861023,-0.343657582998276,-0.939095020294189,0,"History of WAT247,Find Toppo's Posters,Crash Diagnostics - Mountains,U3 - Crash Side Quest P3,Explore the Alien Seaside Facility","50,watershed;49,poster1;49,poster5;49,poster6;46,jasper;40,Find the supplies crate;36,Start Fountain","U5_Dungeon,U5_Cavern","0.11.235","TaskActiveEvent",49,"poster6",NA
"903","5d263840e4194c2f5ffc8436",4,"Development","e0e8ba1d-a1a8-492c-a490-549b4a24c221","JG2 UX2",91,"2019-07-10 09:10:49","WindowsPlayer",NA,11,"TaskEvent",0,"0.11.235",104.558822631836,-35.3560104370117,3.97000002861023,-0.343657582998276,-0.939095020294189,0,"History of WAT247,Find Toppo's Posters,Crash Diagnostics - Mountains,U3 - Crash Side Quest P3,Explore the Alien Seaside Facility","50,watershed;49,poster1;49,poster5;49,poster6;46,jasper;40,Find the supplies crate;36,Start Fountain","U5_Dungeon,U5_Cavern","0.11.235","TaskActiveEvent",49,"poster1",NA
"904","5d263945e4194c2f5ffc881d",4,"Development","e0e8ba1d-a1a8-492c-a490-549b4a24c221","JG2 UX2",91,"2019-07-10 09:15:10","WindowsPlayer",NA,11,"TaskEvent",0,"0.11.235",-0.0930715277791023,8.24800777435303,1.67763733863831,0.573644936084747,-0.819103956222534,0,"History of WAT247,Find Toppo's Posters,Crash Diagnostics - Mountains,U3 - Crash Side Quest P3,Bill’s Grand Idea","50,watershed;49,poster1;49,poster5;49,poster6;46,jasper;40,Find the supplies crate;37,Try Escape","U5_Cave,U5_Cave_Quests,U5_Cave_Collectibles","0.11.235","TaskActiveEvent",49,"poster2",NA
"905","5d263945e4194c2f5ffc881f",4,"Development","e0e8ba1d-a1a8-492c-a490-549b4a24c221","JG2 UX2",91,"2019-07-10 09:15:10","WindowsPlayer",NA,11,"TaskEvent",0,"0.11.235",-0.0930715277791023,8.24800777435303,1.67763733863831,0.573644936084747,-0.819103956222534,0,"History of WAT247,Find Toppo's Posters,Crash Diagnostics - Mountains,U3 - Crash Side Quest P3,Bill’s Grand Idea,Water Crisis!","50,watershed;49,poster1;49,poster5;49,poster6;46,jasper;40,Find the supplies crate","U5_Cave,U5_Cave_Quests,U5_Cave_Collectibles","0.11.235","TaskActiveEvent",49,"poster5",NA
"906","5d263946e4194c2f5ffc8822",4,"Development","e0e8ba1d-a1a8-492c-a490-549b4a24c221","JG2 UX2",91,"2019-07-10 09:15:10","WindowsPlayer",NA,11,"TaskEvent",0,"0.11.235",-0.0930715277791023,8.24800777435303,1.67763733863831,0.573644936084747,-0.819103956222534,0,"History of WAT247,Find Toppo's Posters,Crash Diagnostics - Mountains,U3 - Crash Side Quest P3,Water Crisis!","50,watershed;49,poster1;49,poster5;49,poster6;46,jasper;40,Find the supplies crate;32,humidity meter","U5_Cave,U5_Cave_Quests,U5_Cave_Collectibles","0.11.235","TaskActiveEvent",51,"pod",NA
"907","5d263973e4194c2f5ffc88d6",4,"Development","e0e8ba1d-a1a8-492c-a490-549b4a24c221","JG2 UX2",91,"2019-07-10 09:14:38","WindowsPlayer",NA,11,"TaskEvent",0,"0.11.235",-0.0930715277791023,8.24800777435303,1.67763733863831,0.0889776423573494,-0.996033787727356,0,"History of WAT247,Find Toppo's Posters,Crash Diagnostics - Mountains,U3 - Crash Side Quest P3,Bill’s Grand Idea","50,watershed;49,poster1;49,poster5;49,poster6;46,jasper;40,Find the supplies crate;37,meet Bill","U5_Cave,U5_Cave_Quests,U5_Cave_Collectibles","0.11.235","TaskActiveEvent",44,"your pod",NA
"908","5d263973e4194c2f5ffc88d7",4,"Development","e0e8ba1d-a1a8-492c-a490-549b4a24c221","JG2 UX2",91,"2019-07-10 09:14:38","WindowsPlayer",NA,11,"TaskEvent",0,"0.11.235",-0.0930715277791023,8.24800777435303,1.67763733863831,0.0889776423573494,-0.996033787727356,0,"History of WAT247,Find Toppo's Posters,Crash Diagnostics - Mountains,U3 - Crash Side Quest P3,Bill’s Grand Idea","50,watershed;49,poster1;49,poster5;49,poster6;46,jasper;40,Find the supplies crate;37,meet Bill;37,Try Escape","U5_Cave,U5_Cave_Quests,U5_Cave_Collectibles","0.11.235","TaskCompleteEvent",44,"your pod",NA
"909","5d263973e4194c2f5ffc88da",4,"Development","e0e8ba1d-a1a8-492c-a490-549b4a24c221","JG2 UX2",91,"2019-07-10 09:14:38","WindowsPlayer",NA,11,"TaskEvent",0,"0.11.235",-0.0930715277791023,8.24800777435303,1.67763733863831,0.0889776423573494,-0.996033787727356,0,"History of WAT247,Find Toppo's Posters,Crash Diagnostics - Mountains,U3 - Crash Side Quest P3,Bill’s Grand Idea","50,watershed;49,poster1;49,poster5;49,poster6;46,jasper;40,Find the supplies crate;37,meet Bill","U5_Cave,U5_Cave_Quests,U5_Cave_Collectibles","0.11.235","TaskProgressEvent",44,"your pod",1
"910","5d263a09e4194c2f5ffc8b28",4,"Development","e0e8ba1d-a1a8-492c-a490-549b4a24c221","JG2 UX2",91,"2019-07-10 09:18:28","WindowsPlayer",NA,11,"TaskEvent",0,"0.11.235",6.53029108047485,8.78212833404541,1.57492864131927,0.760351836681366,0.649511456489563,0,"History of WAT247,Find Toppo's Posters,Crash Diagnostics - Mountains,U3 - Crash Side Quest P3,Water Crisis!","50,watershed;49,poster1;49,poster5;49,poster6;46,jasper;40,Find the supplies crate;32,humidity meter","U5_Cave,U5_Cave_Quests,U5_Cave_Collectibles","0.11.235","TaskActiveEvent",51,"scrap",NA
"911","5d263a09e4194c2f5ffc8b29",4,"Development","e0e8ba1d-a1a8-492c-a490-549b4a24c221","JG2 UX2",91,"2019-07-10 09:18:28","WindowsPlayer",NA,11,"TaskEvent",0,"0.11.235",6.53029108047485,8.78212833404541,1.57492864131927,0.760351836681366,0.649511456489563,0,"History of WAT247,Find Toppo's Posters,Crash Diagnostics - Mountains,U3 - Crash Side Quest P3,Water Crisis!","50,watershed;49,poster1;49,poster5;49,poster6;46,jasper;40,Find the supplies crate;32,humidity meter;32,pan","U5_Cave,U5_Cave_Quests,U5_Cave_Collectibles","0.11.235","TaskCompleteEvent",51,"pod",NA
"912","5d263a09e4194c2f5ffc8b33",4,"Development","e0e8ba1d-a1a8-492c-a490-549b4a24c221","JG2 UX2",91,"2019-07-10 09:18:28","WindowsPlayer",NA,11,"TaskEvent",0,"0.11.235",6.53029108047485,8.78212833404541,1.57492864131927,0.760351836681366,0.649511456489563,0,"History of WAT247,Find Toppo's Posters,Crash Diagnostics - Mountains,U3 - Crash Side Quest P3,Water Crisis!","50,watershed;49,poster1;49,poster5;49,poster6;46,jasper;40,Find the supplies crate;32,humidity meter","U5_Cave,U5_Cave_Quests,U5_Cave_Collectibles","0.11.235","TaskProgressEvent",51,"pod",1
"913","5d263a18e4194c2f5ffc8b63",4,"Development","e0e8ba1d-a1a8-492c-a490-549b4a24c221","JG2 UX2",91,"2019-07-10 08:54:36","WindowsPlayer",NA,11,"TaskEvent",0,"0.11.235",302.430267333984,25.1451835632324,3.98000001907349,0.499998897314072,0.866026043891907,0,"History of WAT247,Find Toppo's Posters,Crash Diagnostics - Mountains,U3 - Crash Side Quest P3,Explore the Alien Seaside Facility","50,watershed;49,poster1;49,poster5;49,poster6;46,jasper;40,Find the supplies crate;36,Evaporate Water","U5_Dungeon","0.11.235","TaskProgressEvent",51,"scrap",1
"914","5d263a18e4194c2f5ffc8b67",4,"Development","e0e8ba1d-a1a8-492c-a490-549b4a24c221","JG2 UX2",91,"2019-07-10 08:54:36","WindowsPlayer",NA,11,"TaskEvent",0,"0.11.235",302.430267333984,25.1451835632324,3.98000001907349,0.499998897314072,0.866026043891907,0,"History of WAT247,Find Toppo's Posters,Crash Diagnostics - Mountains,U3 - Crash Side Quest P3,Explore the Alien Seaside Facility","50,watershed;49,poster1;49,poster5;49,poster6;46,jasper;40,Find the supplies crate;36,Evaporate Water","U5_Dungeon","0.11.235","TaskProgressEvent",51,"scrap",2
"915","5d263a18e4194c2f5ffc8b68",4,"Development","e0e8ba1d-a1a8-492c-a490-549b4a24c221","JG2 UX2",91,"2019-07-10 08:54:36","WindowsPlayer",NA,11,"TaskEvent",0,"0.11.235",302.430267333984,25.1451835632324,3.98000001907349,0.499998897314072,0.866026043891907,0,"History of WAT247,Find Toppo's Posters,Crash Diagnostics - Mountains,U3 - Crash Side Quest P3,Explore the Alien Seaside Facility","50,watershed;49,poster1;49,poster5;49,poster6;46,jasper;40,Find the supplies crate;36,Evaporate Water;36,Transport Water","U5_Dungeon","0.11.235","TaskProgressEvent",51,"scrap",3
"916","5d263a27e4194c2f5ffc8ba4",4,"Development","e0e8ba1d-a1a8-492c-a490-549b4a24c221","JG2 UX2",91,"2019-07-10 09:19:02","WindowsPlayer",NA,11,"TaskEvent",0,"0.11.235",5.6154899597168,-0.119857177138329,1.68721747398376,-0.0628732815384865,0.99802154302597,0,"History of WAT247,Find Toppo's Posters,Crash Diagnostics - Mountains,U3 - Crash Side Quest P3,Water Crisis!","50,watershed;49,poster1;49,poster5;49,poster6;46,jasper;40,Find the supplies crate;32,Find Rock","U5_Cave,U5_Cave_Quests,U5_Cave_Collectibles","0.11.235","TaskActiveEvent",51,"hoverboard",NA
"917","5d263a27e4194c2f5ffc8bb2",4,"Development","e0e8ba1d-a1a8-492c-a490-549b4a24c221","JG2 UX2",91,"2019-07-10 09:19:02","WindowsPlayer",NA,11,"TaskEvent",0,"0.11.235",5.6154899597168,-0.119857177138329,1.68721747398376,-0.0628732815384865,0.99802154302597,0,"History of WAT247,Find Toppo's Posters,Crash Diagnostics - Mountains,U3 - Crash Side Quest P3,Water Crisis!","50,watershed;49,poster1;49,poster5;49,poster6;46,jasper;40,Find the supplies crate;32,Find Rock","U5_Cave,U5_Cave_Quests,U5_Cave_Collectibles","0.11.235","TaskCompleteEvent",51,"scrap",NA
"918","5d263a27e4194c2f5ffc8bb3",4,"Development","e0e8ba1d-a1a8-492c-a490-549b4a24c221","JG2 UX2",91,"2019-07-10 09:19:02","WindowsPlayer",NA,11,"TaskEvent",0,"0.11.235",5.6154899597168,-0.119857177138329,1.68721747398376,-0.0628732815384865,0.99802154302597,0,"History of WAT247,Find Toppo's Posters,Crash Diagnostics - Mountains,U3 - Crash Side Quest P3,Water Crisis!","50,watershed;49,poster1;49,poster5;49,poster6;46,jasper;40,Find the supplies crate;32,Find Rock;32,Drill hole","U5_Cave,U5_Cave_Quests,U5_Cave_Collectibles","0.11.235","TaskProgressEvent",51,"hoverboard",1
"919","5d263a45e4194c2f5ffc8c25",4,"Development","e0e8ba1d-a1a8-492c-a490-549b4a24c221","JG2 UX2",91,"2019-07-10 09:19:31","WindowsPlayer",NA,11,"TaskEvent",0,"0.11.235",6.5346827507019,8.72987270355225,1.57492864131927,0.718068957328796,0.69597202539444,0,"History of WAT247,Find Toppo's Posters,Crash Diagnostics - Mountains,U3 - Crash Side Quest P3,Water Crisis!","50,watershed;49,poster1;49,poster5;49,poster6;46,jasper;40,Find the supplies crate;32,check humidity again","U5_Cave,U5_Cave_Quests,U5_Cave_Collectibles","0.11.235","TaskCompleteEvent",51,"hoverboard",NA
"920","5d263a45e4194c2f5ffc8c27",4,"Development","e0e8ba1d-a1a8-492c-a490-549b4a24c221","JG2 UX2",91,"2019-07-10 09:19:31","WindowsPlayer",NA,11,"TaskEvent",0,"0.11.235",6.5346827507019,8.72987270355225,1.57492864131927,0.718068957328796,0.69597202539444,0,"History of WAT247,Find Toppo's Posters,Crash Diagnostics - Mountains,U3 - Crash Side Quest P3,Water Crisis!,Convince Bill the Distillery will work","50,watershed;49,poster1;49,poster5;49,poster6;46,jasper;40,Find the supplies crate","U5_Cave,U5_Cave_Quests,U5_Cave_Collectibles","0.11.235","TaskActiveEvent",51,"communications",NA
"921","5d263a45e4194c2f5ffc8c30",4,"Development","e0e8ba1d-a1a8-492c-a490-549b4a24c221","JG2 UX2",91,"2019-07-10 09:19:31","WindowsPlayer",NA,11,"TaskEvent",0,"0.11.235",6.5346827507019,8.72987270355225,1.57492864131927,0.718068957328796,0.69597202539444,0,"History of WAT247,Find Toppo's Posters,Crash Diagnostics - Mountains,U3 - Crash Side Quest P3,Convince Bill the Distillery will work","50,watershed;49,poster1;49,poster5;49,poster6;46,jasper;40,Find the supplies crate;33,convince bill","U5_Cave,U5_Cave_Quests,U5_Cave_Collectibles","0.11.235","TaskCompleteEvent",49,"poster2",NA
"922","5d263aa9e4194c2f5ffc8db3",4,"Development","e0e8ba1d-a1a8-492c-a490-549b4a24c221","JG2 UX2",91,"2019-07-10 09:21:02","WindowsPlayer",NA,11,"TaskEvent",0,"0.11.235",6.5346827507019,8.72987270355225,1.57492864131927,-0.393866211175919,-0.91916811466217,0,"History of WAT247,Find Toppo's Posters,Crash Diagnostics - Mountains,U3 - Crash Side Quest P3,Convince Bill the Distillery will work","50,watershed;49,poster1;49,poster5;49,poster6;46,jasper;40,Find the supplies crate;33,convince bill","U5_Cave,U5_Cave_Quests,U5_Cave_Collectibles","0.11.235","TaskProgressEvent",49,"poster2",1
"923","5d263aa9e4194c2f5ffc8db4",4,"Development","e0e8ba1d-a1a8-492c-a490-549b4a24c221","JG2 UX2",91,"2019-07-10 09:21:02","WindowsPlayer",NA,11,"TaskEvent",0,"0.11.235",6.5346827507019,8.72987270355225,1.57492864131927,-0.393866211175919,-0.91916811466217,0,"History of WAT247,Find Toppo's Posters,Crash Diagnostics - Mountains,U3 - Crash Side Quest P3,Convince Bill the Distillery will work","50,watershed;49,poster1;49,poster5;49,poster6;46,jasper;40,Find the supplies crate;33,convince bill","U5_Cave,U5_Cave_Quests,U5_Cave_Collectibles","0.11.235","TaskProgressEvent",51,"communications",1
"924","5d263aa9e4194c2f5ffc8db8",4,"Development","e0e8ba1d-a1a8-492c-a490-549b4a24c221","JG2 UX2",91,"2019-07-10 09:21:02","WindowsPlayer",NA,11,"TaskEvent",0,"0.11.235",6.5346827507019,8.72987270355225,1.57492864131927,-0.393866211175919,-0.91916811466217,0,"History of WAT247,Find Toppo's Posters,Crash Diagnostics - Mountains,U3 - Crash Side Quest P3,Convince Bill the Distillery will work","50,watershed;49,poster1;49,poster5;49,poster6;46,jasper;40,Find the supplies crate;33,convince bill;33,Make a hole in the pan","U5_Cave,U5_Cave_Quests,U5_Cave_Collectibles","0.11.235","TaskCompleteEvent",51,"communications",NA
"925","5d263ad6e4194c2f5ffc8e66",4,"Development","e0e8ba1d-a1a8-492c-a490-549b4a24c221","JG2 UX2",91,"2019-07-10 09:21:53","WindowsPlayer",NA,11,"TaskEvent",0,"0.11.235",8.09289455413818,-3.53939008712769,1.85358023643494,0.500071227550507,-0.865984320640564,0,"History of WAT247,Find Toppo's Posters,Crash Diagnostics - Mountains,U3 - Crash Side Quest P3,Convince Bill the Distillery will work","50,watershed;49,poster1;49,poster5;49,poster6;46,jasper;40,Find the supplies crate;33,attach hose","U5_Cave,U5_Cave_Quests,U5_Cave_Collectibles","0.11.235","TaskActiveEvent",20,"Find the team",NA
"926","5d263ad6e4194c2f5ffc8e68",4,"Development","e0e8ba1d-a1a8-492c-a490-549b4a24c221","JG2 UX2",91,"2019-07-10 09:21:53","WindowsPlayer",NA,11,"TaskEvent",0,"0.11.235",8.09289455413818,-3.53939008712769,1.85358023643494,0.500071227550507,-0.865984320640564,0,"History of WAT247,Find Toppo's Posters,Crash Diagnostics - Mountains,U3 - Crash Side Quest P3,Convince Bill the Distillery will work","50,watershed;49,poster1;49,poster5;49,poster6;46,jasper;40,Find the supplies crate;33,attach hose","U5_Cave,U5_Cave_Quests,U5_Cave_Collectibles","0.11.235","TaskActiveEvent",20,"Talk with Dr. Topo",NA
"927","5d263ad6e4194c2f5ffc8e69",4,"Development","e0e8ba1d-a1a8-492c-a490-549b4a24c221","JG2 UX2",91,"2019-07-10 09:21:53","WindowsPlayer",NA,11,"TaskEvent",0,"0.11.235",8.09289455413818,-3.53939008712769,1.85358023643494,0.500071227550507,-0.865984320640564,0,"History of WAT247,Find Toppo's Posters,Crash Diagnostics - Mountains,U3 - Crash Side Quest P3,Convince Bill the Distillery will work","50,watershed;49,poster1;49,poster5;49,poster6;46,jasper;40,Find the supplies crate;33,attach hose;33,Grab Canteen","U5_Cave,U5_Cave_Quests,U5_Cave_Collectibles","0.11.235","TaskProgressEvent",20,"Find the team",1
"928","5d263b16e4194c2f5ffc8f5a",4,"Development","e0e8ba1d-a1a8-492c-a490-549b4a24c221","JG2 UX2",91,"2019-07-10 09:22:56","WindowsPlayer",NA,11,"TaskEvent",0,"0.11.235",81.887565612793,54.8391609191895,109.048416137695,0.979575514793396,-0.201077699661255,0,"History of WAT247,Find Toppo's Posters,Crash Diagnostics - Mountains,U3 - Crash Side Quest P3,Head Back to Large Mart","50,watershed;49,poster1;49,poster5;49,poster6;46,jasper;40,Find the supplies crate;34,return to large mart","U5,U5_Quests","0.11.235","TaskCompleteEvent",20,"Find the team",NA
"929","5d263b16e4194c2f5ffc8f5b",4,"Development","e0e8ba1d-a1a8-492c-a490-549b4a24c221","JG2 UX2",91,"2019-07-10 09:22:56","WindowsPlayer",NA,11,"TaskEvent",0,"0.11.235",81.887565612793,54.8391609191895,109.048416137695,0.979575514793396,-0.201077699661255,0,"History of WAT247,Find Toppo's Posters,Crash Diagnostics - Mountains,U3 - Crash Side Quest P3,Head Back to Large Mart","50,watershed;49,poster1;49,poster5;49,poster6;46,jasper;40,Find the supplies crate;34,return to large mart;34,talk to Bill","U5,U5_Quests","0.11.235","TaskActiveEvent",22,"Talk to Anderson",NA
"930","5d263b16e4194c2f5ffc8f67",4,"Development","e0e8ba1d-a1a8-492c-a490-549b4a24c221","JG2 UX2",91,"2019-07-10 09:22:56","WindowsPlayer",NA,11,"TaskEvent",0,"0.11.235",81.887565612793,54.8391609191895,109.048416137695,0.979575514793396,-0.201077699661255,0,"History of WAT247,Find Toppo's Posters,Crash Diagnostics - Mountains,U3 - Crash Side Quest P3,Head Back to Large Mart","50,watershed;49,poster1;49,poster5;49,poster6;46,jasper;40,Find the supplies crate;34,return to large mart","U5,U5_Quests","0.11.235","TaskProgressEvent",20,"Talk with Dr. Topo",1
"931","5d263b34e4194c2f5ffc8fd9",4,"Development","e0e8ba1d-a1a8-492c-a490-549b4a24c221","JG2 UX2",91,"2019-07-10 09:19:24","WindowsPlayer",NA,11,"TaskEvent",0,"0.11.235",9.00352573394775,-5.91091251373291,1.97186517715454,0.680781304836273,-0.732486844062805,0,"History of WAT247,Find Toppo's Posters,Crash Diagnostics - Mountains,U3 - Crash Side Quest P3,Water Crisis!","50,watershed;49,poster1;49,poster5;49,poster6;46,jasper;40,Find the supplies crate;32,Drill hole;32,check humidity again","U5_Cave,U5_Cave_Quests,U5_Cave_Collectibles","0.11.235","TaskCompleteEvent",20,"Talk with Dr. Topo",NA
"932","5d263b35e4194c2f5ffc8fe0",4,"Development","e0e8ba1d-a1a8-492c-a490-549b4a24c221","JG2 UX2",91,"2019-07-10 09:19:24","WindowsPlayer",NA,11,"TaskEvent",0,"0.11.235",9.00352573394775,-5.91091251373291,1.97186517715454,0.680781304836273,-0.732486844062805,0,"History of WAT247,Find Toppo's Posters,Crash Diagnostics - Mountains,U3 - Crash Side Quest P3,Water Crisis!","50,watershed;49,poster1;49,poster5;49,poster6;46,jasper;40,Find the supplies crate;32,Drill hole","U5_Cave,U5_Cave_Quests,U5_Cave_Collectibles","0.11.235","TaskActiveEvent",46,"jasper",NA
"933","5d263b35e4194c2f5ffc8fe1",4,"Development","e0e8ba1d-a1a8-492c-a490-549b4a24c221","JG2 UX2",91,"2019-07-10 09:19:24","WindowsPlayer",NA,11,"TaskEvent",0,"0.11.235",9.00352573394775,-5.91091251373291,1.97186517715454,0.680781304836273,-0.732486844062805,0,"History of WAT247,Find Toppo's Posters,Crash Diagnostics - Mountains,U3 - Crash Side Quest P3,Water Crisis!","50,watershed;49,poster1;49,poster5;49,poster6;46,jasper;40,Find the supplies crate;32,Drill hole","U5_Cave,U5_Cave_Quests,U5_Cave_Collectibles","0.11.235","TaskProgressEvent",22,"Talk to Anderson",1
"934","5d263b3ee4194c2f5ffc9001",4,"Development","e0e8ba1d-a1a8-492c-a490-549b4a24c221","JG2 UX2",91,"2019-07-10 09:23:36","WindowsPlayer",NA,11,"TaskEvent",0,"0.11.235",96.4362564086914,58.3114814758301,106.760375976562,0.945518493652344,0.325568437576294,0,"History of WAT247,Find Toppo's Posters,Crash Diagnostics - Mountains,U3 - Crash Side Quest P3,Head Back to Large Mart","50,watershed;49,poster1;49,poster5;49,poster6;46,jasper;40,Find the supplies crate;34,talk to Bill","U5,U5_Quests","0.11.235","TaskCompleteEvent",22,"Talk to Anderson",NA
"935","5d263b3ee4194c2f5ffc9006",4,"Development","e0e8ba1d-a1a8-492c-a490-549b4a24c221","JG2 UX2",91,"2019-07-10 09:23:36","WindowsPlayer",NA,11,"TaskEvent",0,"0.11.235",96.4362564086914,58.3114814758301,106.760375976562,0.945518493652344,0.325568437576294,0,"History of WAT247,Find Toppo's Posters,Crash Diagnostics - Mountains,U3 - Crash Side Quest P3,Head Back to Large Mart","50,watershed;49,poster1;49,poster5;49,poster6;46,jasper;40,Find the supplies crate;34,talk to Bill","U5,U5_Quests","0.11.235","TaskActiveEvent",22,"Talk to Sam",NA
"936","5d263b3fe4194c2f5ffc9009",4,"Development","e0e8ba1d-a1a8-492c-a490-549b4a24c221","JG2 UX2",91,"2019-07-10 09:23:36","WindowsPlayer",NA,11,"TaskEvent",0,"0.11.235",96.4362564086914,58.3114814758301,106.760375976562,0.945518493652344,0.325568437576294,0,"History of WAT247,Find Toppo's Posters,Crash Diagnostics - Mountains,U3 - Crash Side Quest P3,Head Back to Large Mart","50,watershed;49,poster1;49,poster5;49,poster6;46,jasper;40,Find the supplies crate;34,talk to Bill;34,go to factory","U5,U5_Quests","0.11.235","TaskProgressEvent",22,"Talk to Sam",1
"937","5d263c04e4194c2f5ffc9306",4,"Development","e0e8ba1d-a1a8-492c-a490-549b4a24c221","JG2 UX2",91,"2019-07-10 09:18:41","WindowsPlayer",NA,11,"TaskEvent",0,"0.11.235",7.62858200073242,-7.78623390197754,1.96976375579834,0.978492021560669,0.206284880638123,0,"History of WAT247,Find Toppo's Posters,Crash Diagnostics - Mountains,U3 - Crash Side Quest P3,Water Crisis!","50,watershed;49,poster1;49,poster5;49,poster6;46,jasper;40,Find the supplies crate;32,pan","U5_Cave,U5_Cave_Quests,U5_Cave_Collectibles","0.11.235","TaskCompleteEvent",22,"Talk to Sam",NA
"938","5d263c04e4194c2f5ffc930a",4,"Development","e0e8ba1d-a1a8-492c-a490-549b4a24c221","JG2 UX2",91,"2019-07-10 09:18:41","WindowsPlayer",NA,11,"TaskEvent",0,"0.11.235",7.62858200073242,-7.78623390197754,1.96976375579834,0.978492021560669,0.206284880638123,0,"History of WAT247,Find Toppo's Posters,Crash Diagnostics - Mountains,U3 - Crash Side Quest P3,Water Crisis!","50,watershed;49,poster1;49,poster5;49,poster6;46,jasper;40,Find the supplies crate;32,pan","U5_Cave,U5_Cave_Quests,U5_Cave_Collectibles","0.11.235","TaskActiveEvent",22,"Talk to Bill",NA
"939","5d263c04e4194c2f5ffc930b",4,"Development","e0e8ba1d-a1a8-492c-a490-549b4a24c221","JG2 UX2",91,"2019-07-10 09:18:41","WindowsPlayer",NA,11,"TaskEvent",0,"0.11.235",7.62858200073242,-7.78623390197754,1.96976375579834,0.978492021560669,0.206284880638123,0,"History of WAT247,Find Toppo's Posters,Crash Diagnostics - Mountains,U3 - Crash Side Quest P3,Water Crisis!","50,watershed;49,poster1;49,poster5;49,poster6;46,jasper;40,Find the supplies crate;32,pan;32,fill pan","U5_Cave,U5_Cave_Quests,U5_Cave_Collectibles","0.11.235","TaskProgressEvent",22,"Talk to Bill",1
"940","5d263c4ee4194c2f5ffc93e4",4,"Development","e0e8ba1d-a1a8-492c-a490-549b4a24c221","JG2 UX2",91,"2019-07-10 09:11:37","WindowsPlayer",NA,11,"TaskEvent",0,"0.11.235",-557.09814453125,-84.235710144043,-107.269966125488,-0.515038251876831,0.857167184352875,0,"History of WAT247,Find Toppo's Posters,Crash Diagnostics - Mountains,U3 - Crash Side Quest P3,Explore the Alien Seaside Facility","50,watershed;49,poster1;49,poster5;49,poster6;46,jasper;40,Find the supplies crate;36,Talk Bill","U5_Cavern,U5_Cavern_Quests","0.11.235","TaskActiveEvent",22,"Sample the east waterfall",NA
"941","5d263c4ee4194c2f5ffc93e6",4,"Development","e0e8ba1d-a1a8-492c-a490-549b4a24c221","JG2 UX2",91,"2019-07-10 09:11:37","WindowsPlayer",NA,11,"TaskEvent",0,"0.11.235",-557.09814453125,-84.235710144043,-107.269966125488,-0.515038251876831,0.857167184352875,0,"History of WAT247,Find Toppo's Posters,Crash Diagnostics - Mountains,U3 - Crash Side Quest P3,Explore the Alien Seaside Facility,Bill’s Grand Idea","50,watershed;49,poster1;49,poster5;49,poster6;46,jasper;40,Find the supplies crate","U5_Cavern,U5_Cavern_Quests","0.11.235","TaskCompleteEvent",22,"Talk to Bill",NA
"942","5d263c4ee4194c2f5ffc93ed",4,"Development","e0e8ba1d-a1a8-492c-a490-549b4a24c221","JG2 UX2",91,"2019-07-10 09:11:37","WindowsPlayer",NA,11,"TaskEvent",0,"0.11.235",-557.09814453125,-84.235710144043,-107.269966125488,-0.515038251876831,0.857167184352875,0,"History of WAT247,Find Toppo's Posters,Crash Diagnostics - Mountains,U3 - Crash Side Quest P3,Bill’s Grand Idea","50,watershed;49,poster1;49,poster5;49,poster6;46,jasper;40,Find the supplies crate;37,bill outside cavern","U5_Cavern,U5_Cavern_Quests","0.11.235","TaskProgressEvent",22,"Sample the east waterfall",1
"943","5d263c62e4194c2f5ffc9421",4,"Development","e0e8ba1d-a1a8-492c-a490-549b4a24c221","JG2 UX2",91,"2019-07-10 09:28:29","WindowsPlayer",NA,11,"TaskEvent",0,"0.11.235",5.00905132293701,-6.3288893699646,0.981867551803589,0.809336423873901,0.587345361709595,0,"History of WAT247,Find Toppo's Posters,Crash Diagnostics - Mountains,U3 - Crash Side Quest P3,Back at the Base","50,watershed;49,poster1;49,poster5;49,poster6;46,jasper;40,Find the supplies crate;69,Go to Sleep","PB_PlayerRoom","0.11.235","TaskActiveEvent",22,"Sample the west waterfall",NA
"944","5d263c62e4194c2f5ffc9429",4,"Development","e0e8ba1d-a1a8-492c-a490-549b4a24c221","JG2 UX2",91,"2019-07-10 09:28:31","WindowsPlayer",NA,11,"TaskEvent",0,"0.11.235",5.00905132293701,-6.3288893699646,0.981867551803589,0.963016211986542,-0.269443392753601,0,"History of WAT247,Find Toppo's Posters,Crash Diagnostics - Mountains,U3 - Crash Side Quest P3,Check in with Toppo","50,watershed;49,poster1;49,poster5;49,poster6;46,jasper;40,Find the supplies crate","PB_PlayerRoom","0.11.235","TaskCompleteEvent",22,"Sample the east waterfall",NA
"945","5d263c63e4194c2f5ffc9430",4,"Development","e0e8ba1d-a1a8-492c-a490-549b4a24c221","JG2 UX2",91,"2019-07-10 09:28:29","WindowsPlayer",NA,11,"TaskEvent",0,"0.11.235",5.00905132293701,-6.3288893699646,0.981867551803589,0.809336423873901,0.587345361709595,0,"History of WAT247,Find Toppo's Posters,Crash Diagnostics - Mountains,U3 - Crash Side Quest P3","50,watershed;49,poster1;49,poster5;49,poster6;46,jasper;40,Find the supplies crate","PB_PlayerRoom","0.11.235","TaskActiveEvent",84,"Spawn a Component",NA
"946","5d263c8ae4194c2f5ffc947e",4,"Development","e0e8ba1d-a1a8-492c-a490-549b4a24c221","JG2 UX2",91,"2019-07-10 09:29:13","WindowsPlayer",NA,11,"TaskEvent",0,"0.11.235",-58.4964141845703,-152.93293762207,58.9669380187988,-0.0824913531541824,0.996591806411743,0,"History of WAT247,Find Toppo's Posters,Crash Diagnostics - Mountains,U3 - Crash Side Quest P3,Check in with Toppo","50,watershed;49,poster1;49,poster5;49,poster6;46,jasper;40,Find the supplies crate;63,Leave your house","Player_Base","0.11.235","TaskProgressEvent",84,"Spawn a Component",1
"947","5d263c8ae4194c2f5ffc9483",4,"Development","e0e8ba1d-a1a8-492c-a490-549b4a24c221","JG2 UX2",91,"2019-07-10 09:29:13","WindowsPlayer",NA,11,"TaskEvent",0,"0.11.235",-58.4964141845703,-152.93293762207,58.9669380187988,-0.0824913531541824,0.996591806411743,0,"History of WAT247,Find Toppo's Posters,Crash Diagnostics - Mountains,U3 - Crash Side Quest P3,Check in with Toppo","50,watershed;49,poster1;49,poster5;49,poster6;46,jasper;40,Find the supplies crate;63,Leave your house","Player_Base","0.11.235","TaskActiveEvent",84,"Identify a Component",NA
"948","5d263c8ae4194c2f5ffc9484",4,"Development","e0e8ba1d-a1a8-492c-a490-549b4a24c221","JG2 UX2",91,"2019-07-10 09:29:13","WindowsPlayer",NA,11,"TaskEvent",0,"0.11.235",-58.4964141845703,-152.93293762207,58.9669380187988,-0.0824913531541824,0.996591806411743,0,"History of WAT247,Find Toppo's Posters,Crash Diagnostics - Mountains,U3 - Crash Side Quest P3,Check in with Toppo","50,watershed;49,poster1;49,poster5;49,poster6;46,jasper;40,Find the supplies crate;63,Leave your house;63,Talk with Toppo","Player_Base","0.11.235","TaskCompleteEvent",84,"Spawn a Component",NA
"949","5d263cb7e4194c2f5ffc952d",4,"Development","e0e8ba1d-a1a8-492c-a490-549b4a24c221","JG2 UX2",91,"2019-07-10 09:18:49","WindowsPlayer",NA,11,"TaskEvent",0,"0.11.235",10.5726175308228,-5.86219501495361,1.97558677196503,-0.371290862560272,-0.928516626358032,0,"History of WAT247,Find Toppo's Posters,Crash Diagnostics - Mountains,U3 - Crash Side Quest P3,Water Crisis!","50,watershed;49,poster1;49,poster5;49,poster6;46,jasper;40,Find the supplies crate;32,fill pan","U5_Cave,U5_Cave_Quests,U5_Cave_Collectibles","0.11.235","TaskProgressEvent",84,"Identify a Component",1
"950","5d263cb7e4194c2f5ffc9533",4,"Development","e0e8ba1d-a1a8-492c-a490-549b4a24c221","JG2 UX2",91,"2019-07-10 09:18:49","WindowsPlayer",NA,11,"TaskEvent",0,"0.11.235",10.5726175308228,-5.86219501495361,1.97558677196503,-0.371290862560272,-0.928516626358032,0,"History of WAT247,Find Toppo's Posters,Crash Diagnostics - Mountains,U3 - Crash Side Quest P3,Water Crisis!","50,watershed;49,poster1;49,poster5;49,poster6;46,jasper;40,Find the supplies crate;32,fill pan","U5_Cave,U5_Cave_Quests,U5_Cave_Collectibles","0.11.235","TaskActiveEvent",84,"And all the rest",NA
"951","5d263cb8e4194c2f5ffc9534",4,"Development","e0e8ba1d-a1a8-492c-a490-549b4a24c221","JG2 UX2",91,"2019-07-10 09:18:49","WindowsPlayer",NA,11,"TaskEvent",0,"0.11.235",10.5726175308228,-5.86219501495361,1.97558677196503,-0.371290862560272,-0.928516626358032,0,"History of WAT247,Find Toppo's Posters,Crash Diagnostics - Mountains,U3 - Crash Side Quest P3,Water Crisis!","50,watershed;49,poster1;49,poster5;49,poster6;46,jasper;40,Find the supplies crate;32,fill pan;32,Find Rock","U5_Cave,U5_Cave_Quests,U5_Cave_Collectibles","0.11.235","TaskCompleteEvent",84,"Identify a Component",NA
"952","5d263cf3e4194c2f5ffc9621",4,"Development","e0e8ba1d-a1a8-492c-a490-549b4a24c221","JG2 UX2",91,"2019-07-10 09:21:31","WindowsPlayer",NA,11,"TaskEvent",0,"0.11.235",7.70081806182861,-5.5894980430603,1.76072561740875,0.757049143314362,-0.653358101844788,0,"History of WAT247,Find Toppo's Posters,Crash Diagnostics - Mountains,U3 - Crash Side Quest P3,Convince Bill the Distillery will work","50,watershed;49,poster1;49,poster5;49,poster6;46,jasper;40,Find the supplies crate;33,Make a hole in the pan","U5_Cave,U5_Cave_Quests,U5_Cave_Collectibles","0.11.235","TaskProgressEvent",84,"And all the rest",1
"953","5d263cf3e4194c2f5ffc9626",4,"Development","e0e8ba1d-a1a8-492c-a490-549b4a24c221","JG2 UX2",91,"2019-07-10 09:21:31","WindowsPlayer",NA,11,"TaskEvent",0,"0.11.235",7.70081806182861,-5.5894980430603,1.76072561740875,0.757049143314362,-0.653358101844788,0,"History of WAT247,Find Toppo's Posters,Crash Diagnostics - Mountains,U3 - Crash Side Quest P3,Convince Bill the Distillery will work","50,watershed;49,poster1;49,poster5;49,poster6;46,jasper;40,Find the supplies crate;33,Make a hole in the pan","U5_Cave,U5_Cave_Quests,U5_Cave_Collectibles","0.11.235","TaskCompleteEvent",84,"And all the rest",NA
"954","5d263cf3e4194c2f5ffc9629",4,"Development","e0e8ba1d-a1a8-492c-a490-549b4a24c221","JG2 UX2",91,"2019-07-10 09:21:31","WindowsPlayer",NA,11,"TaskEvent",0,"0.11.235",7.70081806182861,-5.5894980430603,1.76072561740875,0.757049143314362,-0.653358101844788,0,"History of WAT247,Find Toppo's Posters,Crash Diagnostics - Mountains,U3 - Crash Side Quest P3,Convince Bill the Distillery will work","50,watershed;49,poster1;49,poster5;49,poster6;46,jasper;40,Find the supplies crate;33,Make a hole in the pan;33,attach hose","U5_Cave,U5_Cave_Quests,U5_Cave_Collectibles","0.11.235","TaskActiveEvent",84,"Finish fixing ARF",NA
"955","5d263d34e4194c2f5ffc970d",4,"Development","e0e8ba1d-a1a8-492c-a490-549b4a24c221","JG2 UX2",91,"2019-07-10 09:25:24","WindowsPlayer",NA,11,"TaskEvent",0,"0.11.235",-13.6511402130127,51.6833992004395,20.976598739624,0.913545548915863,0.406736493110657,0,"History of WAT247,Find Toppo's Posters,Crash Diagnostics - Mountains,U3 - Crash Side Quest P3,Construct a Distillery at the Factory","50,watershed;49,poster1;49,poster5;49,poster6;46,jasper;40,Find the supplies crate;35,setup second","U5_Largemart_Factory,U5_Largemart_Factory_Quests","0.11.235","TaskCompleteEvent",84,"Finish fixing ARF",NA
"956","5d263d34e4194c2f5ffc970e",4,"Development","e0e8ba1d-a1a8-492c-a490-549b4a24c221","JG2 UX2",91,"2019-07-10 09:25:24","WindowsPlayer",NA,11,"TaskEvent",0,"0.11.235",-13.6511402130127,51.6833992004395,20.976598739624,0.913545548915863,0.406736493110657,0,"History of WAT247,Find Toppo's Posters,Crash Diagnostics - Mountains,U3 - Crash Side Quest P3,Construct a Distillery at the Factory","50,watershed;49,poster1;49,poster5;49,poster6;46,jasper;40,Find the supplies crate;35,setup second","U5_Largemart_Factory,U5_Largemart_Factory_Quests","0.11.235","TaskProgressEvent",84,"Finish fixing ARF",1
"957","5d263d34e4194c2f5ffc9713",4,"Development","e0e8ba1d-a1a8-492c-a490-549b4a24c221","JG2 UX2",91,"2019-07-10 09:25:24","WindowsPlayer",NA,11,"TaskEvent",0,"0.11.235",-13.6511402130127,51.6833992004395,20.976598739624,0.913545548915863,0.406736493110657,0,"History of WAT247,Find Toppo's Posters,Crash Diagnostics - Mountains,U3 - Crash Side Quest P3,Construct a Distillery at the Factory","50,watershed;49,poster1;49,poster5;49,poster6;46,jasper;40,Find the supplies crate;35,setup second;35,setup third","U5_Largemart_Factory,U5_Largemart_Factory_Quests","0.11.235","TaskCompleteEvent",22,"Sample the west waterfall",NA
"958","5d263d43e4194c2f5ffc974e",4,"Development","e0e8ba1d-a1a8-492c-a490-549b4a24c221","JG2 UX2",91,"2019-07-10 09:24:33","WindowsPlayer",NA,11,"TaskEvent",0,"0.11.235",-44.6948699951172,46.4188194274902,17.0575981140137,-0.992114663124084,-0.125332832336426,0,"History of WAT247,Find Toppo's Posters,Crash Diagnostics - Mountains,U3 - Crash Side Quest P3,Construct a Distillery at the Factory","50,watershed;49,poster1;49,poster5;49,poster6;46,jasper;40,Find the supplies crate;35,setup first","U5_Largemart_Factory,U5_Largemart_Factory_Quests","0.11.235","TaskActiveEvent",28,"Talk to Holo-Toppo",NA
"959","5d263d43e4194c2f5ffc9760",4,"Development","e0e8ba1d-a1a8-492c-a490-549b4a24c221","JG2 UX2",91,"2019-07-10 09:24:33","WindowsPlayer",NA,11,"TaskEvent",0,"0.11.235",-44.6948699951172,46.4188194274902,17.0575981140137,-0.992114663124084,-0.125332832336426,0,"History of WAT247,Find Toppo's Posters,Crash Diagnostics - Mountains,U3 - Crash Side Quest P3,Construct a Distillery at the Factory","50,watershed;49,poster1;49,poster5;49,poster6;46,jasper;40,Find the supplies crate;35,setup first","U5_Largemart_Factory,U5_Largemart_Factory_Quests","0.11.235","TaskProgressEvent",22,"Sample the west waterfall",1
"960","5d263d43e4194c2f5ffc9761",4,"Development","e0e8ba1d-a1a8-492c-a490-549b4a24c221","JG2 UX2",91,"2019-07-10 09:24:33","WindowsPlayer",NA,11,"TaskEvent",0,"0.11.235",-44.6948699951172,46.4188194274902,17.0575981140137,-0.992114663124084,-0.125332832336426,0,"History of WAT247,Find Toppo's Posters,Crash Diagnostics - Mountains,U3 - Crash Side Quest P3,Construct a Distillery at the Factory","50,watershed;49,poster1;49,poster5;49,poster6;46,jasper;40,Find the supplies crate;35,setup first;35,setup second","U5_Largemart_Factory,U5_Largemart_Factory_Quests","0.11.235","TaskActiveEvent",28,"Argue which watershed is bigger",NA
"961","5d263d84e4194c2f5ffc9857",4,"Development","e0e8ba1d-a1a8-492c-a490-549b4a24c221","JG2 UX2",91,"2019-07-10 09:33:11","WindowsPlayer",NA,11,"TaskEvent",0,"0.11.235",95.1883392333984,591.743347167969,55.9579544067383,0.999513924121857,-0.0311812162399292,0,"History of WAT247,Find Toppo's Posters,Crash Diagnostics - Mountains,U3 - Crash Side Quest P3,Investigate Sam's Water Shortage","50,watershed;49,poster1;49,poster5;49,poster6;46,jasper;40,Find the supplies crate;64,Measure the East River Levels","U3,U3_Collectibles,U3_Quests,U3_RiverSpline","0.11.235","TaskProgressEvent",28,"Talk to Holo-Toppo",1
"962","5d263d84e4194c2f5ffc985c",4,"Development","e0e8ba1d-a1a8-492c-a490-549b4a24c221","JG2 UX2",91,"2019-07-10 09:33:11","WindowsPlayer",NA,11,"TaskEvent",0,"0.11.235",95.1883392333984,591.743347167969,55.9579544067383,0.999513924121857,-0.0311812162399292,0,"History of WAT247,Find Toppo's Posters,Crash Diagnostics - Mountains,U3 - Crash Side Quest P3,Investigate Sam's Water Shortage","50,watershed;49,poster1;49,poster5;49,poster6;46,jasper;40,Find the supplies crate;64,Measure the East River Levels","U3,U3_Collectibles,U3_Quests,U3_RiverSpline","0.11.235","TaskCompleteEvent",28,"Talk to Holo-Toppo",NA
"963","5d263d84e4194c2f5ffc985d",4,"Development","e0e8ba1d-a1a8-492c-a490-549b4a24c221","JG2 UX2",91,"2019-07-10 09:33:11","WindowsPlayer",NA,11,"TaskEvent",0,"0.11.235",95.1883392333984,591.743347167969,55.9579544067383,0.999513924121857,-0.0311812162399292,0,"History of WAT247,Find Toppo's Posters,Crash Diagnostics - Mountains,U3 - Crash Side Quest P3,Investigate Sam's Water Shortage","50,watershed;49,poster1;49,poster5;49,poster6;46,jasper;40,Find the supplies crate;64,Measure the East River Levels;64,Measure the West River Levels","U3,U3_Collectibles,U3_Quests,U3_RiverSpline","0.11.235","TaskCompleteEvent",28,"Argue which watershed is bigger",NA
"964","5d263df2e4194c2f5ffc9a11",4,"Development","e0e8ba1d-a1a8-492c-a490-549b4a24c221","JG2 UX2",91,"2019-07-10 09:35:04","WindowsPlayer",NA,11,"TaskEvent",0,"0.11.235",-387.500091552734,633.261901855469,56.3809776306152,-0.963224053382874,0.268699705600739,0,"History of WAT247,Find Toppo's Posters,Crash Diagnostics - Mountains,U3 - Crash Side Quest P3,Investigate Sam's Water Shortage,Investigate Anderson's Water Shortage","50,watershed;49,poster1;49,poster5;49,poster6;46,jasper;40,Find the supplies crate","U3,U3_Collectibles,U3_Quests,U3_RiverSpline","0.11.235","TaskActiveEvent",58,"Speak with Toppo",NA
"965","5d263df2e4194c2f5ffc9a17",4,"Development","e0e8ba1d-a1a8-492c-a490-549b4a24c221","JG2 UX2",91,"2019-07-10 09:35:04","WindowsPlayer",NA,11,"TaskEvent",0,"0.11.235",-387.500091552734,633.261901855469,56.3809776306152,-0.963224053382874,0.268699705600739,0,"History of WAT247,Find Toppo's Posters,Crash Diagnostics - Mountains,U3 - Crash Side Quest P3,Investigate Sam's Water Shortage","50,watershed;49,poster1;49,poster5;49,poster6;46,jasper;40,Find the supplies crate;64,Measure the West River Levels","U3,U3_Collectibles,U3_Quests,U3_RiverSpline","0.11.235","TaskProgressEvent",28,"Argue which watershed is bigger",1
"966","5d263df2e4194c2f5ffc9a18",4,"Development","e0e8ba1d-a1a8-492c-a490-549b4a24c221","JG2 UX2",91,"2019-07-10 09:35:04","WindowsPlayer",NA,11,"TaskEvent",0,"0.11.235",-387.500091552734,633.261901855469,56.3809776306152,-0.963224053382874,0.268699705600739,0,"History of WAT247,Find Toppo's Posters,Crash Diagnostics - Mountains,U3 - Crash Side Quest P3,Investigate Anderson's Water Shortage","50,watershed;49,poster1;49,poster5;49,poster6;46,jasper;40,Find the supplies crate;65,Check Anderson's Water Supply","U3,U3_Collectibles,U3_Quests,U3_RiverSpline","0.11.235","TaskProgressEvent",58,"Speak with Toppo",1
"967","5d263e53e4194c2f5ffc9b63",4,"Development","e0e8ba1d-a1a8-492c-a490-549b4a24c221","JG2 UX2",91,"2019-07-10 09:36:45","WindowsPlayer",NA,11,"TaskEvent",0,"0.11.235",-535.4482421875,766.016906738281,61.6510162353516,0.978146433830261,0.206868514418602,0.0208587385714054,"History of WAT247,Find Toppo's Posters,Crash Diagnostics - Mountains,U3 - Crash Side Quest P3,Investigate Anderson's Water Shortage","50,watershed;49,poster1;49,poster5;49,poster6;46,jasper;40,Find the supplies crate;65,Check Anderson's Water Supply","U4,U4_Collectibles,U4_Quests,U4_MilitaryBase","0.11.235","TaskActiveEvent",58,"Jasper's Proposal",NA
"968","5d263e53e4194c2f5ffc9b65",4,"Development","e0e8ba1d-a1a8-492c-a490-549b4a24c221","JG2 UX2",91,"2019-07-10 09:36:45","WindowsPlayer",NA,11,"TaskEvent",0,"0.11.235",-535.4482421875,766.016906738281,61.6510162353516,0.978146433830261,0.206868514418602,0.0208587385714054,"History of WAT247,Find Toppo's Posters,Crash Diagnostics - Mountains,U3 - Crash Side Quest P3,Investigate Anderson's Water Shortage","50,watershed;49,poster1;49,poster5;49,poster6;46,jasper;40,Find the supplies crate;65,Check Anderson's Water Supply","U4,U4_Collectibles,U4_Quests,U4_MilitaryBase","0.11.235","TaskCompleteEvent",58,"Speak with Toppo",NA
"969","5d263e53e4194c2f5ffc9b66",4,"Development","e0e8ba1d-a1a8-492c-a490-549b4a24c221","JG2 UX2",91,"2019-07-10 09:36:45","WindowsPlayer",NA,11,"TaskEvent",0,"0.11.235",-535.4482421875,766.016906738281,61.6510162353516,0.978146433830261,0.206868514418602,0.0208587385714054,"History of WAT247,Find Toppo's Posters,Crash Diagnostics - Mountains,U3 - Crash Side Quest P3,Investigate Anderson's Water Shortage","50,watershed;49,poster1;49,poster5;49,poster6;46,jasper;40,Find the supplies crate;65,Check Anderson's Water Supply;65,Check the Bunker Water Table","U4,U4_Collectibles,U4_Quests,U4_MilitaryBase","0.11.235","TaskProgressEvent",58,"Jasper's Proposal",1
"970","5d263f58e4194c2f5ffc9f81",4,"Development","e0e8ba1d-a1a8-492c-a490-549b4a24c221","JG2 UX2",91,"2019-07-10 09:41:05","WindowsPlayer",NA,11,"TaskEvent",0,"0.11.235",64.4588165283203,-440.912933349609,36.2728805541992,0.601136922836304,0.799043238162994,0.0128190983086824,"History of WAT247,Find Toppo's Posters,Crash Diagnostics - Mountains,U3 - Crash Side Quest P3,Investigate Anderson's Water Shortage","50,watershed;49,poster1;49,poster5;49,poster6;46,jasper;40,Find the supplies crate;65,Check the Ruins Water Table","U4,U4_Collectibles,U4_Quests,U4_AlienRuins","0.11.235","TaskActiveEvent",58,"Head to bed",NA
"971","5d263f58e4194c2f5ffc9f85",4,"Development","e0e8ba1d-a1a8-492c-a490-549b4a24c221","JG2 UX2",91,"2019-07-10 09:41:05","WindowsPlayer",NA,11,"TaskEvent",0,"0.11.235",64.4588165283203,-440.912933349609,36.2728805541992,0.601136922836304,0.799043238162994,0.0128190983086824,"History of WAT247,Find Toppo's Posters,Crash Diagnostics - Mountains,U3 - Crash Side Quest P3,Investigate Anderson's Water Shortage,Investigate the Water Shortage","50,watershed;49,poster1;49,poster5;49,poster6;46,jasper;40,Find the supplies crate","U4,U4_Collectibles,U4_Quests,U4_AlienRuins","0.11.235","TaskCompleteEvent",58,"Jasper's Proposal",NA
"972","5d263f58e4194c2f5ffc9f86",4,"Development","e0e8ba1d-a1a8-492c-a490-549b4a24c221","JG2 UX2",91,"2019-07-10 09:41:05","WindowsPlayer",NA,11,"TaskEvent",0,"0.11.235",64.4588165283203,-440.912933349609,36.2728805541992,0.601136922836304,0.799043238162994,0.0128190983086824,"History of WAT247,Find Toppo's Posters,Crash Diagnostics - Mountains,U3 - Crash Side Quest P3,Investigate the Water Shortage","50,watershed;49,poster1;49,poster5;49,poster6;46,jasper;40,Find the supplies crate;88,Check the Seaside Humidity","U4,U4_Collectibles,U4_Quests,U4_AlienRuins","0.11.235","TaskCompleteEvent",58,"Head to bed",NA
"973","5d263fdce4194c2f5ffca16c",4,"Development","e0e8ba1d-a1a8-492c-a490-549b4a24c221","JG2 UX2",91,"2019-07-10 09:43:13","WindowsPlayer",NA,11,"TaskEvent",0,"0.11.235",-208.905746459961,205.51237487793,51.7522659301758,0.596225380897522,0.802817106246948,0,"History of WAT247,Find Toppo's Posters,Crash Diagnostics - Mountains,U3 - Crash Side Quest P3,Investigate the Water Shortage","50,watershed;49,poster1;49,poster5;49,poster6;46,jasper;40,Find the supplies crate;88,Check the Seaside Humidity","U5,U5_Quests","0.11.235","TaskActiveEvent",57,"Meet up with Sam",NA
"974","5d263fdce4194c2f5ffca16d",4,"Development","e0e8ba1d-a1a8-492c-a490-549b4a24c221","JG2 UX2",91,"2019-07-10 09:43:13","WindowsPlayer",NA,11,"TaskEvent",0,"0.11.235",-208.905746459961,205.51237487793,51.7522659301758,0.596225380897522,0.802817106246948,0,"History of WAT247,Find Toppo's Posters,Crash Diagnostics - Mountains,U3 - Crash Side Quest P3,Investigate the Water Shortage","50,watershed;49,poster1;49,poster5;49,poster6;46,jasper;40,Find the supplies crate;88,Check the Seaside Humidity","U5,U5_Quests","0.11.235","TaskProgressEvent",58,"Head to bed",1
"975","5d263fdce4194c2f5ffca172",4,"Development","e0e8ba1d-a1a8-492c-a490-549b4a24c221","JG2 UX2",91,"2019-07-10 09:43:13","WindowsPlayer",NA,11,"TaskEvent",0,"0.11.235",-208.905746459961,205.51237487793,51.7522659301758,0.596225380897522,0.802817106246948,0,"History of WAT247,Find Toppo's Posters,Crash Diagnostics - Mountains,U3 - Crash Side Quest P3,Investigate the Water Shortage","50,watershed;49,poster1;49,poster5;49,poster6;46,jasper;40,Find the supplies crate;88,Check the Seaside Humidity;88,Check the Factory Humidity","U5,U5_Quests","0.11.235","TaskActiveEvent",74,"wakeup",NA
"976","5d263febe4194c2f5ffca1a8",4,"Development","e0e8ba1d-a1a8-492c-a490-549b4a24c221","JG2 UX2",91,"2019-07-10 09:43:24","WindowsPlayer",NA,11,"TaskEvent",0,"0.11.235",-210.688461303711,169.896926879883,53.7352981567383,-0.975916922092438,-0.218142986297607,0,"History of WAT247,Find Toppo's Posters,Crash Diagnostics - Mountains,U3 - Crash Side Quest P3,Investigate the Water Shortage","50,watershed;49,poster1;49,poster5;49,poster6;46,jasper;40,Find the supplies crate;88,Check the Factory Humidity","U5,U5_Quests","0.11.235","TaskProgressEvent",74,"wakeup",1
"977","5d263febe4194c2f5ffca1ac",4,"Development","e0e8ba1d-a1a8-492c-a490-549b4a24c221","JG2 UX2",91,"2019-07-10 09:43:24","WindowsPlayer",NA,11,"TaskEvent",0,"0.11.235",-210.688461303711,169.896926879883,53.7352981567383,-0.975916922092438,-0.218142986297607,0,"History of WAT247,Find Toppo's Posters,Crash Diagnostics - Mountains,U3 - Crash Side Quest P3,Investigate the Water Shortage","50,watershed;49,poster1;49,poster5;49,poster6;46,jasper;40,Find the supplies crate;88,Check the Factory Humidity","U5,U5_Quests","0.11.235","TaskActiveEvent",74,"arfRoom",NA
"978","5d264040e4194c2f5ffca310",4,"Development","e0e8ba1d-a1a8-492c-a490-549b4a24c221","JG2 UX2",91,"2019-07-10 09:45:01","WindowsPlayer",NA,11,"TaskEvent",0,"0.11.235",88.6639633178711,59.4911270141602,106.760375976562,-0.849892437458038,0.52695631980896,0,"History of WAT247,Find Toppo's Posters,Crash Diagnostics - Mountains,U3 - Crash Side Quest P3,Investigate the Water Shortage","50,watershed;49,poster1;49,poster6;46,jasper;40,Find the supplies crate;88,Check the Factory Humidity;88,Check the Cave Humidity","U5,U5_Quests","0.11.235","TaskCompleteEvent",74,"wakeup",NA
"979","5d264040e4194c2f5ffca312",4,"Development","e0e8ba1d-a1a8-492c-a490-549b4a24c221","JG2 UX2",91,"2019-07-10 09:45:01","WindowsPlayer",NA,11,"TaskEvent",0,"0.11.235",88.6639633178711,59.4911270141602,106.760375976562,-0.849892437458038,0.52695631980896,0,"History of WAT247,Find Toppo's Posters,Crash Diagnostics - Mountains,U3 - Crash Side Quest P3,Investigate the Water Shortage","50,watershed;49,poster1;49,poster6;46,jasper;40,Find the supplies crate;88,Check the Factory Humidity","U5,U5_Quests","0.11.235","TaskCompleteEvent",74,"arfRoom",NA
"980","5d264041e4194c2f5ffca313",4,"Development","e0e8ba1d-a1a8-492c-a490-549b4a24c221","JG2 UX2",91,"2019-07-10 09:45:01","WindowsPlayer",NA,11,"TaskEvent",0,"0.11.235",88.6639633178711,59.4911270141602,106.760375976562,-0.849892437458038,0.52695631980896,0,"History of WAT247,Find Toppo's Posters,Crash Diagnostics - Mountains,U3 - Crash Side Quest P3,Investigate the Water Shortage","50,watershed;49,poster1;49,poster6;46,jasper;40,Find the supplies crate;88,Check the Factory Humidity","U5,U5_Quests","0.11.235","TaskActiveEvent",77,"collectARF",NA
"981","5d26407de4194c2f5ffca3e9",4,"Development","e0e8ba1d-a1a8-492c-a490-549b4a24c221","JG2 UX2",91,"2019-07-10 09:45:57","WindowsPlayer",NA,11,"TaskEvent",0,"0.11.235",-645.863159179688,0.834353387355804,-107.270072937012,-0.918446660041809,0.395544946193695,0,"History of WAT247,Find Toppo's Posters,Crash Diagnostics - Mountains,U3 - Crash Side Quest P3,Investigate the Water Shortage","50,watershed;49,poster1;49,poster6;46,jasper;40,Find the supplies crate;88,Check the Cave Humidity","U5_Cavern,U5_Cavern_Quests","0.11.235","TaskProgressEvent",74,"arfRoom",1
"982","5d26407de4194c2f5ffca3ea",4,"Development","e0e8ba1d-a1a8-492c-a490-549b4a24c221","JG2 UX2",91,"2019-07-10 09:45:57","WindowsPlayer",NA,11,"TaskEvent",0,"0.11.235",-645.863159179688,0.834353387355804,-107.270072937012,-0.918446660041809,0.395544946193695,0,"History of WAT247,Find Toppo's Posters,Crash Diagnostics - Mountains,U3 - Crash Side Quest P3,Investigate the Water Shortage","50,watershed;49,poster1;49,poster6;46,jasper;40,Find the supplies crate;88,Check the Cave Humidity","U5_Cavern,U5_Cavern_Quests","0.11.235","TaskActiveEvent",77,"checkPoster",NA
"983","5d26407de4194c2f5ffca3eb",4,"Development","e0e8ba1d-a1a8-492c-a490-549b4a24c221","JG2 UX2",91,"2019-07-10 09:45:57","WindowsPlayer",NA,11,"TaskEvent",0,"0.11.235",-645.863159179688,0.834353387355804,-107.270072937012,-0.918446660041809,0.395544946193695,0,"History of WAT247,Find Toppo's Posters,Crash Diagnostics - Mountains,U3 - Crash Side Quest P3,Investigate the Water Shortage","50,watershed;49,poster1;49,poster6;46,jasper;40,Find the supplies crate;88,Check the Cave Humidity;88,Check the Base Humidity","U5_Cavern,U5_Cavern_Quests","0.11.235","TaskCompleteEvent",77,"collectARF",NA
"984","5d2640abe4194c2f5ffca460",4,"Development","e0e8ba1d-a1a8-492c-a490-549b4a24c221","JG2 UX2",91,"2019-07-10 09:46:48","WindowsPlayer",NA,11,"TaskEvent",0,"0.11.235",-74.0995483398438,-55.6595191955566,55.9533157348633,0.421035289764404,0.907044231891632,0,"History of WAT247,Find Toppo's Posters,Crash Diagnostics - Mountains,U3 - Crash Side Quest P3,Is Water Missing?","50,watershed;49,poster1;49,poster6;46,jasper;40,Find the supplies crate;89,Update the Team","Player_Base","0.11.235","TaskProgressEvent",77,"collectARF",1
"985","5d2640abe4194c2f5ffca466",4,"Development","e0e8ba1d-a1a8-492c-a490-549b4a24c221","JG2 UX2",91,"2019-07-10 09:46:48","WindowsPlayer",NA,11,"TaskEvent",0,"0.11.235",-74.0995483398438,-55.6595191955566,55.9533157348633,0.421035289764404,0.907044231891632,0,"History of WAT247,Find Toppo's Posters,Crash Diagnostics - Mountains,U3 - Crash Side Quest P3,Investigate the Water Shortage","50,watershed;49,poster1;49,poster6;46,jasper;40,Find the supplies crate;88,Check the Base Humidity","Player_Base","0.11.235","TaskProgressEvent",77,"checkPoster",1
"986","5d2640abe4194c2f5ffca467",4,"Development","e0e8ba1d-a1a8-492c-a490-549b4a24c221","JG2 UX2",91,"2019-07-10 09:46:48","WindowsPlayer",NA,11,"TaskEvent",0,"0.11.235",-74.0995483398438,-55.6595191955566,55.9533157348633,0.421035289764404,0.907044231891632,0,"History of WAT247,Find Toppo's Posters,Crash Diagnostics - Mountains,U3 - Crash Side Quest P3,Investigate the Water Shortage,Is Water Missing?","50,watershed;49,poster1;49,poster6;46,jasper;40,Find the supplies crate","Player_Base","0.11.235","TaskActiveEvent",77,"trialArg",NA
"987","5d2640e2e4194c2f5ffca53d",4,"Development","e0e8ba1d-a1a8-492c-a490-549b4a24c221","JG2 UX2",91,"2019-07-10 09:47:36","WindowsPlayer",NA,11,"TaskEvent",0,"0.11.235",-70.1496200561523,-100.497451782227,58.9669380187988,0.443071573972702,-0.896486282348633,0,"History of WAT247,Find Toppo's Posters,Crash Diagnostics - Mountains,U3 - Crash Side Quest P3,Is Water Missing?","50,watershed;49,poster1;49,poster6;46,jasper;40,Find the supplies crate;89,Update the Team","Player_Base","0.11.235","TaskCompleteEvent",77,"checkPoster",NA
"988","5d2640e2e4194c2f5ffca53f",4,"Development","e0e8ba1d-a1a8-492c-a490-549b4a24c221","JG2 UX2",91,"2019-07-10 09:47:36","WindowsPlayer",NA,11,"TaskEvent",0,"0.11.235",-70.1496200561523,-100.497451782227,58.9669380187988,0.443071573972702,-0.896486282348633,0,"History of WAT247,Find Toppo's Posters,Crash Diagnostics - Mountains,U3 - Crash Side Quest P3,Is Water Missing?","50,watershed;49,poster1;49,poster6;46,jasper;40,Find the supplies crate;89,Update the Team;89,Sort this Out","Player_Base","0.11.235","TaskActiveEvent",78,"toppoTalk",NA
"989","5d2640e2e4194c2f5ffca544",4,"Development","e0e8ba1d-a1a8-492c-a490-549b4a24c221","JG2 UX2",91,"2019-07-10 09:47:36","WindowsPlayer",NA,11,"TaskEvent",0,"0.11.235",-70.1496200561523,-100.497451782227,58.9669380187988,0.443071573972702,-0.896486282348633,0,"History of WAT247,Find Toppo's Posters,Crash Diagnostics - Mountains,U3 - Crash Side Quest P3,Is Water Missing?","50,watershed;49,poster1;49,poster6;46,jasper;40,Find the supplies crate;89,Update the Team","Player_Base","0.11.235","TaskProgressEvent",77,"trialArg",1
"990","5d264192e4194c2f5ffca7f4",4,"Development","e0e8ba1d-a1a8-492c-a490-549b4a24c221","JG2 UX2",91,"2019-07-10 09:50:29","WindowsPlayer",NA,11,"TaskEvent",0,"0.11.235",-70.1496200561523,-100.497451782227,58.9669380187988,0.443071573972702,-0.896486282348633,0,"History of WAT247,Find Toppo's Posters,Crash Diagnostics - Mountains,U3 - Crash Side Quest P3,Is Water Missing?","50,watershed;49,poster1;49,poster6;46,jasper;40,Find the supplies crate;89,Sort this Out","Player_Base","0.11.235","TaskCompleteEvent",77,"trialArg",NA
"991","5d264192e4194c2f5ffca7f6",4,"Development","e0e8ba1d-a1a8-492c-a490-549b4a24c221","JG2 UX2",91,"2019-07-10 09:50:29","WindowsPlayer",NA,11,"TaskEvent",0,"0.11.235",-70.1496200561523,-100.497451782227,58.9669380187988,0.443071573972702,-0.896486282348633,0,"History of WAT247,Find Toppo's Posters,Crash Diagnostics - Mountains,U3 - Crash Side Quest P3,Is Water Missing?","50,watershed;49,poster1;49,poster6;46,jasper;40,Find the supplies crate;89,Sort this Out","Player_Base","0.11.235","TaskActiveEvent",78,"completeArg",NA
"992","5d264192e4194c2f5ffca803",4,"Development","e0e8ba1d-a1a8-492c-a490-549b4a24c221","JG2 UX2",91,"2019-07-10 09:50:29","WindowsPlayer",NA,11,"TaskEvent",0,"0.11.235",-70.1496200561523,-100.497451782227,58.9669380187988,0.443071573972702,-0.896486282348633,0,"History of WAT247,Find Toppo's Posters,Crash Diagnostics - Mountains,U3 - Crash Side Quest P3,Is Water Missing?","50,watershed;49,poster1;49,poster6;46,jasper;40,Find the supplies crate;89,Sort this Out;89,Counter Him Cadet","Player_Base","0.11.235","TaskCompleteEvent",78,"toppoTalk",NA
"993","5d2641abe4194c2f5ffca866",4,"Development","e0e8ba1d-a1a8-492c-a490-549b4a24c221","JG2 UX2",91,"2019-07-10 09:23:46","WindowsPlayer",NA,11,"TaskEvent",0,"0.11.235",96.8437118530273,52.8947105407715,106.760383605957,-0.0366436019539833,-0.99932861328125,0,"History of WAT247,Find Toppo's Posters,Crash Diagnostics - Mountains,U3 - Crash Side Quest P3,Head Back to Large Mart,Construct a Distillery at the Factory","50,watershed;49,poster1;49,poster5;49,poster6;46,jasper;40,Find the supplies crate","U5,U5_Quests","0.11.235","TaskProgressEvent",78,"toppoTalk",1
"994","5d2641abe4194c2f5ffca86b",4,"Development","e0e8ba1d-a1a8-492c-a490-549b4a24c221","JG2 UX2",91,"2019-07-10 09:23:46","WindowsPlayer",NA,11,"TaskEvent",0,"0.11.235",96.8437118530273,52.8947105407715,106.760383605957,-0.0366436019539833,-0.99932861328125,0,"History of WAT247,Find Toppo's Posters,Crash Diagnostics - Mountains,U3 - Crash Side Quest P3,Head Back to Large Mart","50,watershed;49,poster1;49,poster5;49,poster6;46,jasper;40,Find the supplies crate;34,go to factory","U5,U5_Quests","0.11.235","TaskCompleteEvent",78,"completeArg",NA
"995","5d2641abe4194c2f5ffca86c",4,"Development","e0e8ba1d-a1a8-492c-a490-549b4a24c221","JG2 UX2",91,"2019-07-10 09:23:46","WindowsPlayer",NA,11,"TaskEvent",0,"0.11.235",96.8437118530273,52.8947105407715,106.760383605957,-0.0366436019539833,-0.99932861328125,0,"History of WAT247,Find Toppo's Posters,Crash Diagnostics - Mountains,U3 - Crash Side Quest P3,Construct a Distillery at the Factory","50,watershed;49,poster1;49,poster5;49,poster6;46,jasper;40,Find the supplies crate;35,setup first","U5,U5_Quests","0.11.235","TaskActiveEvent",79,"meetJasper",NA
"996","5d2641c4e4194c2f5ffca8cf",4,"Development","e0e8ba1d-a1a8-492c-a490-549b4a24c221","JG2 UX2",91,"2019-07-10 09:51:29","WindowsPlayer",NA,11,"TaskEvent",0,"0.11.235",-70.1496200561523,-100.497451782227,58.9669380187988,0.443071573972702,-0.896486282348633,0,"History of WAT247,Find Toppo's Posters,Crash Diagnostics - Mountains,U3 - Crash Side Quest P3,Is Water Missing?","50,watershed;49,poster1;49,poster6;46,jasper;40,Find the supplies crate;89,Counter Him Cadet","Player_Base","0.11.235","TaskProgressEvent",78,"completeArg",1
"997","5d2641c4e4194c2f5ffca8d0",4,"Development","e0e8ba1d-a1a8-492c-a490-549b4a24c221","JG2 UX2",91,"2019-07-10 09:51:29","WindowsPlayer",NA,11,"TaskEvent",0,"0.11.235",-70.1496200561523,-100.497451782227,58.9669380187988,0.443071573972702,-0.896486282348633,0,"History of WAT247,Find Toppo's Posters,Crash Diagnostics - Mountains,U3 - Crash Side Quest P3,Is Water Missing?","50,watershed;49,poster1;49,poster6;46,jasper;40,Find the supplies crate;89,Counter Him Cadet;89,Is the Water Missing?","Player_Base","0.11.235","TaskProgressEvent",79,"followJasper",1
"998","5d2641c4e4194c2f5ffca8d1",4,"Development","e0e8ba1d-a1a8-492c-a490-549b4a24c221","JG2 UX2",91,"2019-07-10 09:51:29","WindowsPlayer",NA,11,"TaskEvent",0,"0.11.235",-70.1496200561523,-100.497451782227,58.9669380187988,0.443071573972702,-0.896486282348633,0,"History of WAT247,Find Toppo's Posters,Crash Diagnostics - Mountains,U3 - Crash Side Quest P3,Is Water Missing?","50,watershed;49,poster1;49,poster6;46,jasper;40,Find the supplies crate;89,Counter Him Cadet","Player_Base","0.11.235","TaskCompleteEvent",79,"followJasper",NA
"999","5d2641f1e4194c2f5ffca976",4,"Development","e0e8ba1d-a1a8-492c-a490-549b4a24c221","JG2 UX2",91,"2019-07-10 09:25:46","WindowsPlayer",NA,11,"TaskEvent",0,"0.11.235",-13.7038812637329,64.2451934814453,20.976598739624,0.942057490348816,-0.335451245307922,0,"History of WAT247,Find Toppo's Posters,Crash Diagnostics - Mountains,U3 - Crash Side Quest P3,Construct a Distillery at the Factory","50,watershed;49,poster1;49,poster5;49,poster6;46,jasper;40,Find the supplies crate;35,setup third;35,setup fourth","U5_Largemart_Factory,U5_Largemart_Factory_Quests","0.11.235","TaskActiveEvent",79,"jumpDebris",NA
"1000","5d2641f1e4194c2f5ffca97b",4,"Development","e0e8ba1d-a1a8-492c-a490-549b4a24c221","JG2 UX2",91,"2019-07-10 09:25:46","WindowsPlayer",NA,11,"TaskEvent",0,"0.11.235",-13.7038812637329,64.2451934814453,20.976598739624,0.942057490348816,-0.335451245307922,0,"History of WAT247,Find Toppo's Posters,Crash Diagnostics - Mountains,U3 - Crash Side Quest P3,Construct a Distillery at the Factory","50,watershed;49,poster1;49,poster5;49,poster6;46,jasper;40,Find the supplies crate;35,setup third","U5_Largemart_Factory,U5_Largemart_Factory_Quests","0.11.235","TaskProgressEvent",79,"escapePods",1
"1001","5d2641f1e4194c2f5ffca97c",4,"Development","e0e8ba1d-a1a8-492c-a490-549b4a24c221","JG2 UX2",91,"2019-07-10 09:25:46","WindowsPlayer",NA,11,"TaskEvent",0,"0.11.235",-13.7038812637329,64.2451934814453,20.976598739624,0.942057490348816,-0.335451245307922,0,"History of WAT247,Find Toppo's Posters,Crash Diagnostics - Mountains,U3 - Crash Side Quest P3,Construct a Distillery at the Factory","50,watershed;49,poster1;49,poster5;49,poster6;46,jasper;40,Find the supplies crate;35,setup third","U5_Largemart_Factory,U5_Largemart_Factory_Quests","0.11.235","TaskActiveEvent",79,"enterPod",NA
"1002","5d264232e4194c2f5ffcaa78",4,"Development","e0e8ba1d-a1a8-492c-a490-549b4a24c221","JG2 UX2",91,"2019-07-10 09:26:52","WindowsPlayer",NA,11,"TaskEvent",0,"0.11.235",-44.3005523681641,55.329776763916,24.972599029541,-0.993768036365509,-0.111469507217407,0,"History of WAT247,Find Toppo's Posters,Crash Diagnostics - Mountains,U3 - Crash Side Quest P3,Construct a Distillery at the Factory","50,watershed;49,poster1;49,poster5;49,poster6;46,jasper;40,Find the supplies crate;35,setup fourth","U5_Largemart_Factory,U5_Largemart_Factory_Quests","0.11.235","TaskCompleteEvent",79,"escapePods",NA
"1003","5d264232e4194c2f5ffcaa79",4,"Development","e0e8ba1d-a1a8-492c-a490-549b4a24c221","JG2 UX2",91,"2019-07-10 09:26:52","WindowsPlayer",NA,11,"TaskEvent",0,"0.11.235",-44.3005523681641,55.329776763916,24.972599029541,-0.993768036365509,-0.111469507217407,0,"History of WAT247,Find Toppo's Posters,Crash Diagnostics - Mountains,U3 - Crash Side Quest P3,Construct a Distillery at the Factory,Back at the Base","50,watershed;49,poster1;49,poster5;49,poster6;46,jasper;40,Find the supplies crate","U5_Largemart_Factory,U5_Largemart_Factory_Quests","0.11.235","TaskCompleteEvent",79,"enterPod",NA
"1004","5d264232e4194c2f5ffcaa80",4,"Development","e0e8ba1d-a1a8-492c-a490-549b4a24c221","JG2 UX2",91,"2019-07-10 09:26:52","WindowsPlayer",NA,11,"TaskEvent",0,"0.11.235",-44.3005523681641,55.329776763916,24.972599029541,-0.993768036365509,-0.111469507217407,0,"History of WAT247,Find Toppo's Posters,Crash Diagnostics - Mountains,U3 - Crash Side Quest P3,Back at the Base","50,watershed;49,poster1;49,poster5;49,poster6;46,jasper;40,Find the supplies crate;69,Go to Sleep","U5_Largemart_Factory,U5_Largemart_Factory_Quests","0.11.235","TaskProgressEvent",79,"enterPod",1
"1005","5d26424be4194c2f5ffcaae8",4,"Development","e0e8ba1d-a1a8-492c-a490-549b4a24c221","JG2 UX2",91,"2019-07-10 09:53:46","WindowsPlayer",NA,11,"TaskEvent",0,"0.11.235",-70.1496200561523,-100.497451782227,58.9669380187988,-0.782607913017273,-0.622514843940735,0,"History of WAT247,Find Toppo's Posters,Crash Diagnostics - Mountains,U3 - Crash Side Quest P3,Is Water Missing?","50,watershed;49,poster1;49,poster6;46,jasper;40,Find the supplies crate;89,Is the Water Missing?","Player_Base","0.11.235","TaskActiveEvent",49,"poster1",NA
"1006","5d26424ce4194c2f5ffcaaee",4,"Development","e0e8ba1d-a1a8-492c-a490-549b4a24c221","JG2 UX2",91,"2019-07-10 09:53:46","WindowsPlayer",NA,11,"TaskEvent",0,"0.11.235",-70.1496200561523,-100.497451782227,58.9669380187988,-0.782607913017273,-0.622514843940735,0,"History of WAT247,Find Toppo's Posters,Crash Diagnostics - Mountains,U3 - Crash Side Quest P3,Is Water Missing?,Jasper's Discovery","50,watershed;49,poster1;49,poster6;46,jasper;40,Find the supplies crate","Player_Base","0.11.235","TaskActiveEvent",49,"poster2",NA
"1007","5d26424ce4194c2f5ffcaaf0",4,"Development","e0e8ba1d-a1a8-492c-a490-549b4a24c221","JG2 UX2",91,"2019-07-10 09:53:46","WindowsPlayer",NA,11,"TaskEvent",0,"0.11.235",-70.1496200561523,-100.497451782227,58.9669380187988,-0.782607913017273,-0.622514843940735,0,"History of WAT247,Find Toppo's Posters,Crash Diagnostics - Mountains,U3 - Crash Side Quest P3,Jasper's Discovery","50,watershed;49,poster1;49,poster6;46,jasper;40,Find the supplies crate;66,Follow Jasper","Player_Base","0.11.235","TaskActiveEvent",49,"poster3",NA
"1008","5d264341e4194c2f5ffcae7c",4,"Development","e0e8ba1d-a1a8-492c-a490-549b4a24c221","JG2 UX2",91,"2019-07-10 09:57:45","WindowsPlayer",NA,11,"TaskEvent",0,"0.11.235",-5.56816291809082,24.6041717529297,1.47935128211975,-0.748955726623535,0.662620067596436,0,"Find Toppo's Posters,Crash Diagnostics - Mountains,U3 - Crash Side Quest P3,Jasper's Discovery","49,poster1;49,poster6;46,jasper;40,Find the supplies crate;66,Complete the First Wing","U6_Dungeon","0.11.235","TaskActiveEvent",49,"poster4",NA
"1009","5d264341e4194c2f5ffcae81",4,"Development","e0e8ba1d-a1a8-492c-a490-549b4a24c221","JG2 UX2",91,"2019-07-10 09:57:45","WindowsPlayer",NA,11,"TaskEvent",0,"0.11.235",-5.56816291809082,24.6041717529297,1.47935128211975,-0.748955726623535,0.662620067596436,0,"Find Toppo's Posters,Crash Diagnostics - Mountains,U3 - Crash Side Quest P3,Jasper's Discovery","49,poster1;49,poster6;46,jasper;40,Find the supplies crate;66,Complete the First Wing","U6_Dungeon","0.11.235","TaskActiveEvent",49,"poster5",NA
"1010","5d264341e4194c2f5ffcae82",4,"Development","e0e8ba1d-a1a8-492c-a490-549b4a24c221","JG2 UX2",91,"2019-07-10 09:57:45","WindowsPlayer",NA,11,"TaskEvent",0,"0.11.235",-5.56816291809082,24.6041717529297,1.47935128211975,-0.748955726623535,0.662620067596436,0,"Find Toppo's Posters,Crash Diagnostics - Mountains,U3 - Crash Side Quest P3,Jasper's Discovery","49,poster1;49,poster6;46,jasper;40,Find the supplies crate;66,Complete the First Wing;66,Complete the Second Wing","U6_Dungeon","0.11.235","TaskActiveEvent",49,"poster6",NA
"1011","5d26437de4194c2f5ffcaf76",4,"Development","e0e8ba1d-a1a8-492c-a490-549b4a24c221","JG2 UX2",91,"2019-07-10 09:58:52","WindowsPlayer",NA,11,"TaskEvent",0,"0.11.235",70.5679092407227,7.84579563140869,3.48000001907349,0.865151882171631,-0.501510262489319,0,"Find Toppo's Posters,Crash Diagnostics - Mountains,U3 - Crash Side Quest P3,Jasper's Discovery","49,poster1;49,poster6;46,jasper;40,Find the supplies crate;66,Complete the Second Wing","U6_Dungeon","0.11.235","TaskActiveEvent",44,"your pod",NA
"1012","5d26437de4194c2f5ffcaf77",4,"Development","e0e8ba1d-a1a8-492c-a490-549b4a24c221","JG2 UX2",91,"2019-07-10 09:58:52","WindowsPlayer",NA,11,"TaskEvent",0,"0.11.235",70.5679092407227,7.84579563140869,3.48000001907349,0.865151882171631,-0.501510262489319,0,"Find Toppo's Posters,Crash Diagnostics - Mountains,U3 - Crash Side Quest P3,Jasper's Discovery","49,poster1;49,poster6;46,jasper;40,Find the supplies crate;66,Complete the Second Wing;66,Complete the Third Wing","U6_Dungeon","0.11.235","TaskActiveEvent",51,"pod",NA
"1013","5d26437de4194c2f5ffcaf7a",4,"Development","e0e8ba1d-a1a8-492c-a490-549b4a24c221","JG2 UX2",91,"2019-07-10 09:58:52","WindowsPlayer",NA,11,"TaskEvent",0,"0.11.235",70.5679092407227,7.84579563140869,3.48000001907349,0.865151882171631,-0.501510262489319,0,"Find Toppo's Posters,Crash Diagnostics - Mountains,U3 - Crash Side Quest P3,Jasper's Discovery","49,poster1;49,poster6;46,jasper;40,Find the supplies crate;66,Complete the Second Wing","U6_Dungeon","0.11.235","TaskCompleteEvent",44,"your pod",NA
"1014","5d2643bae4194c2f5ffcb1d1",4,"Development","e0e8ba1d-a1a8-492c-a490-549b4a24c221","JG2 UX2",91,"2019-07-10 09:07:21","WindowsPlayer",NA,11,"TaskEvent",0,"0.11.235",100.929145812988,-24.3596534729004,3.97000002861023,-0.294037997722626,-0.955793857574463,0,"History of WAT247,Find Toppo's Posters,Crash Diagnostics - Mountains,U3 - Crash Side Quest P3,Explore the Alien Seaside Facility","50,watershed;49,poster1;49,poster5;49,poster6;46,jasper;40,Find the supplies crate;36,Transport Water","U5_Dungeon","0.11.235","TaskProgressEvent",44,"your pod",1
"1015","5d2643bae4194c2f5ffcb1d2",4,"Development","e0e8ba1d-a1a8-492c-a490-549b4a24c221","JG2 UX2",91,"2019-07-10 09:07:21","WindowsPlayer",NA,11,"TaskEvent",0,"0.11.235",100.929145812988,-24.3596534729004,3.97000002861023,-0.294037997722626,-0.955793857574463,0,"History of WAT247,Find Toppo's Posters,Crash Diagnostics - Mountains,U3 - Crash Side Quest P3,Explore the Alien Seaside Facility","50,watershed;49,poster1;49,poster5;49,poster6;46,jasper;40,Find the supplies crate;36,Transport Water;36,Start Fountain","U5_Dungeon","0.11.235","TaskActiveEvent",79,"escapePods",NA
"1016","5d2643bae4194c2f5ffcb216",4,"Development","e0e8ba1d-a1a8-492c-a490-549b4a24c221","JG2 UX2",91,"2019-07-10 09:07:21","WindowsPlayer",NA,11,"TaskEvent",0,"0.11.235",100.929145812988,-24.3596534729004,3.97000002861023,-0.294037997722626,-0.955793857574463,0,"History of WAT247,Find Toppo's Posters,Crash Diagnostics - Mountains,U3 - Crash Side Quest P3,Explore the Alien Seaside Facility","50,watershed;49,poster1;49,poster5;49,poster6;46,jasper;40,Find the supplies crate;36,Transport Water","U5_Dungeon","0.11.235","TaskCompleteEvent",79,"jumpDebris",NA
"1017","5d2643bbe4194c2f5ffcb29a",4,"Development","e0e8ba1d-a1a8-492c-a490-549b4a24c221","JG2 UX2",91,"2019-07-10 09:55:28","WindowsPlayer",NA,11,"TaskEvent",0,"0.11.235",-70.1496200561523,-100.497451782227,58.9669380187988,0.782608509063721,-0.622514247894287,0,"History of WAT247,Find Toppo's Posters,Crash Diagnostics - Mountains,U3 - Crash Side Quest P3,Jasper's Discovery","50,watershed;49,poster1;49,poster6;46,jasper;40,Find the supplies crate;66,Follow Jasper","Player_Base,U2","0.11.235","TaskProgressEvent",79,"jumpDebris",1
"1018","5d2643bbe4194c2f5ffcb308",4,"Development","e0e8ba1d-a1a8-492c-a490-549b4a24c221","JG2 UX2",91,"2019-07-10 09:55:28","WindowsPlayer",NA,11,"TaskEvent",0,"0.11.235",-70.1496200561523,-100.497451782227,58.9669380187988,0.782608509063721,-0.622514247894287,0,"History of WAT247,Find Toppo's Posters,Crash Diagnostics - Mountains,U3 - Crash Side Quest P3,Jasper's Discovery","50,watershed;49,poster1;49,poster6;46,jasper;40,Find the supplies crate;66,Follow Jasper","Player_Base,U2","0.11.235","TaskCompleteEvent",79,"meetJasper",NA
"1019","5d2643bbe4194c2f5ffcb30a",4,"Development","e0e8ba1d-a1a8-492c-a490-549b4a24c221","JG2 UX2",91,"2019-07-10 09:55:28","WindowsPlayer",NA,11,"TaskEvent",0,"0.11.235",-70.1496200561523,-100.497451782227,58.9669380187988,0.782608509063721,-0.622514247894287,0,"History of WAT247,Find Toppo's Posters,Crash Diagnostics - Mountains,U3 - Crash Side Quest P3,Jasper's Discovery","50,watershed;49,poster1;49,poster6;46,jasper;40,Find the supplies crate;66,Follow Jasper;66,Gain Entrance to the New Ruins","Player_Base,U2","0.11.235","TaskProgressEvent",79,"meetJasper",1
"1020","5d2643bce4194c2f5ffcb4d1",4,"Development","e0e8ba1d-a1a8-492c-a490-549b4a24c221","JG2 UX2",91,"2019-07-10 09:12:26","WindowsPlayer",NA,11,"TaskEvent",0,"0.11.235",-113.148811340332,-122.854347229004,53.2870750427246,0.973578989505768,-0.22835111618042,0,"History of WAT247,Find Toppo's Posters,Crash Diagnostics - Mountains,U3 - Crash Side Quest P3,Bill’s Grand Idea","50,watershed;49,poster1;49,poster5;49,poster6;46,jasper;40,Find the supplies crate;37,bill outside cavern","U5,U5_Quests","0.11.235","TaskActiveEvent",79,"followJasper",NA
"1021","5d2643bce4194c2f5ffcb501",4,"Development","e0e8ba1d-a1a8-492c-a490-549b4a24c221","JG2 UX2",91,"2019-07-10 09:31:19","WindowsPlayer",NA,11,"TaskEvent",0,"0.11.235",-71.2162704467773,-105.151794433594,58.9669380187988,-0.179347887635231,0.983785688877106,0,"History of WAT247,Find Toppo's Posters,Crash Diagnostics - Mountains,U3 - Crash Side Quest P3,Check in with Toppo,Investigate Sam's Water Shortage","50,watershed;49,poster1;49,poster5;49,poster6;46,jasper;40,Find the supplies crate","Player_Base","0.11.235","TaskCompleteEvent",51,"pod",NA
"1022","5d2643bce4194c2f5ffcb51a",4,"Development","e0e8ba1d-a1a8-492c-a490-549b4a24c221","JG2 UX2",91,"2019-07-10 09:12:26","WindowsPlayer",NA,11,"TaskEvent",0,"0.11.235",-113.148811340332,-122.854347229004,53.2870750427246,0.973578989505768,-0.22835111618042,0,"History of WAT247,Find Toppo's Posters,Crash Diagnostics - Mountains,U3 - Crash Side Quest P3,Bill’s Grand Idea","50,watershed;49,poster1;49,poster5;49,poster6;46,jasper;40,Find the supplies crate;37,bill outside cavern","U5,U5_Quests","0.11.235","TaskProgressEvent",51,"pod",1
"1023","5d2643bce4194c2f5ffcb51b",4,"Development","e0e8ba1d-a1a8-492c-a490-549b4a24c221","JG2 UX2",91,"2019-07-10 09:12:26","WindowsPlayer",NA,11,"TaskEvent",0,"0.11.235",-113.148811340332,-122.854347229004,53.2870750427246,0.973578989505768,-0.22835111618042,0,"History of WAT247,Find Toppo's Posters,Crash Diagnostics - Mountains,U3 - Crash Side Quest P3,Bill’s Grand Idea","50,watershed;49,poster1;49,poster5;49,poster6;46,jasper;40,Find the supplies crate;37,bill outside cavern;37,meet Bill","U5,U5_Quests","0.11.235","TaskActiveEvent",51,"scrap",NA
"1024","5d2643bce4194c2f5ffcb548",4,"Development","e0e8ba1d-a1a8-492c-a490-549b4a24c221","JG2 UX2",91,"2019-07-10 09:31:19","WindowsPlayer",NA,11,"TaskEvent",0,"0.11.235",-71.2162704467773,-105.151794433594,58.9669380187988,-0.179347887635231,0.983785688877106,0,"History of WAT247,Find Toppo's Posters,Crash Diagnostics - Mountains,U3 - Crash Side Quest P3,Check in with Toppo","50,watershed;49,poster1;49,poster5;49,poster6;46,jasper;40,Find the supplies crate;63,Talk with Toppo","Player_Base","0.11.235","TaskProgressEvent",51,"scrap",1
"1025","5d2643bce4194c2f5ffcb5c9",4,"Development","e0e8ba1d-a1a8-492c-a490-549b4a24c221","JG2 UX2",91,"2019-07-10 09:31:19","WindowsPlayer",NA,11,"TaskEvent",0,"0.11.235",-71.2162704467773,-105.151794433594,58.9669380187988,-0.179347887635231,0.983785688877106,0,"History of WAT247,Find Toppo's Posters,Crash Diagnostics - Mountains,U3 - Crash Side Quest P3,Investigate Sam's Water Shortage","50,watershed;49,poster1;49,poster5;49,poster6;46,jasper;40,Find the supplies crate;64,Check Sam's Garden","Player_Base","0.11.235","TaskProgressEvent",51,"scrap",2
"1026","5d2643bde4194c2f5ffcb626",4,"Development","e0e8ba1d-a1a8-492c-a490-549b4a24c221","JG2 UX2",91,"2019-07-10 09:22:10","WindowsPlayer",NA,11,"TaskEvent",0,"0.11.235",9.53565120697021,-6.02438926696777,1.97365689277649,0.658751904964447,-0.752360224723816,0,"History of WAT247,Find Toppo's Posters,Crash Diagnostics - Mountains,U3 - Crash Side Quest P3,Convince Bill the Distillery will work","50,watershed;49,poster1;49,poster5;49,poster6;46,jasper;40,Find the supplies crate;33,Condense Atmospheric Water","U5_Cave,U5_Cave_Quests,U5_Cave_Collectibles","0.11.235","TaskProgressEvent",51,"scrap",3
"1027","5d2643bde4194c2f5ffcb6ac",4,"Development","e0e8ba1d-a1a8-492c-a490-549b4a24c221","JG2 UX2",91,"2019-07-10 09:22:10","WindowsPlayer",NA,11,"TaskEvent",0,"0.11.235",9.53565120697021,-6.02438926696777,1.97365689277649,0.658751904964447,-0.752360224723816,0,"History of WAT247,Find Toppo's Posters,Crash Diagnostics - Mountains,U3 - Crash Side Quest P3,Convince Bill the Distillery will work,Head Back to Large Mart","50,watershed;49,poster1;49,poster5;49,poster6;46,jasper;40,Find the supplies crate","U5_Cave,U5_Cave_Quests,U5_Cave_Collectibles","0.11.235","TaskActiveEvent",51,"hoverboard",NA
"1028","5d2643bde4194c2f5ffcb6ad",4,"Development","e0e8ba1d-a1a8-492c-a490-549b4a24c221","JG2 UX2",91,"2019-07-10 09:22:10","WindowsPlayer",NA,11,"TaskEvent",0,"0.11.235",9.53565120697021,-6.02438926696777,1.97365689277649,0.658751904964447,-0.752360224723816,0,"History of WAT247,Find Toppo's Posters,Crash Diagnostics - Mountains,U3 - Crash Side Quest P3,Head Back to Large Mart","50,watershed;49,poster1;49,poster5;49,poster6;46,jasper;40,Find the supplies crate;34,return to large mart","U5_Cave,U5_Cave_Quests,U5_Cave_Collectibles","0.11.235","TaskCompleteEvent",51,"scrap",NA
"1029","5d2643bee4194c2f5ffcb8f4",4,"Development","e0e8ba1d-a1a8-492c-a490-549b4a24c221","JG2 UX2",91,"2019-07-10 09:39:09","WindowsPlayer",NA,11,"TaskEvent",0,"0.11.235",-561.572082519531,-24.906644821167,27.2206325531006,-0.0951498672366142,-0.995461046695709,-0.00202900310978293,"History of WAT247,Find Toppo's Posters,Crash Diagnostics - Mountains,U3 - Crash Side Quest P3,Investigate Anderson's Water Shortage","50,watershed;49,poster1;49,poster5;49,poster6;46,jasper;40,Find the supplies crate;65,Check the Bunker Water Table","U4,U4_Collectibles,U4_Quests","0.11.235","TaskActiveEvent",51,"communications",NA
"1030","5d2643bee4194c2f5ffcb8f5",4,"Development","e0e8ba1d-a1a8-492c-a490-549b4a24c221","JG2 UX2",91,"2019-07-10 09:39:09","WindowsPlayer",NA,11,"TaskEvent",0,"0.11.235",-561.572082519531,-24.906644821167,27.2206325531006,-0.0951498672366142,-0.995461046695709,-0.00202900310978293,"History of WAT247,Find Toppo's Posters,Crash Diagnostics - Mountains,U3 - Crash Side Quest P3,Investigate Anderson's Water Shortage","50,watershed;49,poster1;49,poster5;49,poster6;46,jasper;40,Find the supplies crate;65,Check the Bunker Water Table;65,Check the Ruins Water Table","U4,U4_Collectibles,U4_Quests","0.11.235","TaskProgressEvent",51,"hoverboard",1
"1031","5d2643bfe4194c2f5ffcb9d1",4,"Development","e0e8ba1d-a1a8-492c-a490-549b4a24c221","JG2 UX2",91,"2019-07-10 09:39:09","WindowsPlayer",NA,11,"TaskEvent",0,"0.11.235",-561.572082519531,-24.906644821167,27.2206325531006,-0.0951498672366142,-0.995461046695709,-0.00202900310978293,"History of WAT247,Find Toppo's Posters,Crash Diagnostics - Mountains,U3 - Crash Side Quest P3,Investigate Anderson's Water Shortage","50,watershed;49,poster1;49,poster5;49,poster6;46,jasper;40,Find the supplies crate;65,Check the Bunker Water Table","U4,U4_Collectibles,U4_Quests","0.11.235","TaskCompleteEvent",51,"hoverboard",NA
"1032","5d2643bfe4194c2f5ffcbb33",4,"Development","e0e8ba1d-a1a8-492c-a490-549b4a24c221","JG2 UX2",91,"2019-07-10 09:32:32","WindowsPlayer",NA,11,"TaskEvent",0,"0.11.235",-10.730357170105,624.403686523438,55.9760322570801,0.955346524715424,-0.295488476753235,0,"History of WAT247,Find Toppo's Posters,Crash Diagnostics - Mountains,U3 - Crash Side Quest P3,Investigate Sam's Water Shortage","50,watershed;49,poster1;49,poster5;49,poster6;46,jasper;40,Find the supplies crate;64,Check Sam's Garden","U3,U3_Collectibles,U3_Quests,U3_RiverSpline","0.11.235","TaskProgressEvent",49,"poster2",1
"1033","5d2643bfe4194c2f5ffcbb34",4,"Development","e0e8ba1d-a1a8-492c-a490-549b4a24c221","JG2 UX2",91,"2019-07-10 09:32:32","WindowsPlayer",NA,11,"TaskEvent",0,"0.11.235",-10.730357170105,624.403686523438,55.9760322570801,0.955346524715424,-0.295488476753235,0,"History of WAT247,Find Toppo's Posters,Crash Diagnostics - Mountains,U3 - Crash Side Quest P3,Investigate Sam's Water Shortage","50,watershed;49,poster1;49,poster5;49,poster6;46,jasper;40,Find the supplies crate;64,Check Sam's Garden","U3,U3_Collectibles,U3_Quests,U3_RiverSpline","0.11.235","TaskCompleteEvent",49,"poster2",NA
"1034","5d2643bfe4194c2f5ffcbb6f",4,"Development","e0e8ba1d-a1a8-492c-a490-549b4a24c221","JG2 UX2",91,"2019-07-10 09:22:02","WindowsPlayer",NA,11,"TaskEvent",0,"0.11.235",-1.50194334983826,6.10640811920166,1.68575310707092,-0.799734473228455,0.600353837013245,0,"History of WAT247,Find Toppo's Posters,Crash Diagnostics - Mountains,U3 - Crash Side Quest P3,Convince Bill the Distillery will work","50,watershed;49,poster1;49,poster5;49,poster6;46,jasper;40,Find the supplies crate;33,Grab Canteen","U5_Cave,U5_Cave_Quests,U5_Cave_Collectibles","0.11.235","TaskCompleteEvent",51,"communications",NA
"1035","5d2643bfe4194c2f5ffcbb70",4,"Development","e0e8ba1d-a1a8-492c-a490-549b4a24c221","JG2 UX2",91,"2019-07-10 09:22:02","WindowsPlayer",NA,11,"TaskEvent",0,"0.11.235",-1.50194334983826,6.10640811920166,1.68575310707092,-0.799734473228455,0.600353837013245,0,"History of WAT247,Find Toppo's Posters,Crash Diagnostics - Mountains,U3 - Crash Side Quest P3,Convince Bill the Distillery will work","50,watershed;49,poster1;49,poster5;49,poster6;46,jasper;40,Find the supplies crate;33,Grab Canteen;33,Condense Atmospheric Water","U5_Cave,U5_Cave_Quests,U5_Cave_Collectibles","0.11.235","TaskActiveEvent",20,"Find the team",NA
"1036","5d2643c0e4194c2f5ffcbbb8",4,"Development","e0e8ba1d-a1a8-492c-a490-549b4a24c221","JG2 UX2",91,"2019-07-10 09:56:16","WindowsPlayer",NA,11,"TaskEvent",0,"0.11.235",1120.73571777344,927.750854492188,140.453842163086,-0.745476186275482,0.666532278060913,0,"Find Toppo's Posters,Crash Diagnostics - Mountains,U3 - Crash Side Quest P3,Jasper's Discovery","49,poster1;49,poster6;46,jasper;40,Find the supplies crate;66,Gain Entrance to the New Ruins","U2,U2_Collectibles,U2_Quests","0.11.235","TaskProgressEvent",51,"communications",1
"1037","5d2643c0e4194c2f5ffcbbb9",4,"Development","e0e8ba1d-a1a8-492c-a490-549b4a24c221","JG2 UX2",91,"2019-07-10 09:56:16","WindowsPlayer",NA,11,"TaskEvent",0,"0.11.235",1120.73571777344,927.750854492188,140.453842163086,-0.745476186275482,0.666532278060913,0,"Find Toppo's Posters,Crash Diagnostics - Mountains,U3 - Crash Side Quest P3,Jasper's Discovery","49,poster1;49,poster6;46,jasper;40,Find the supplies crate;66,Gain Entrance to the New Ruins","U2,U2_Collectibles,U2_Quests","0.11.235","TaskProgressEvent",20,"Find the team",1
"1038","5d2643c0e4194c2f5ffcbbd2",4,"Development","e0e8ba1d-a1a8-492c-a490-549b4a24c221","JG2 UX2",91,"2019-07-10 09:32:32","WindowsPlayer",NA,11,"TaskEvent",0,"0.11.235",-10.730357170105,624.403686523438,55.9760322570801,0.955346524715424,-0.295488476753235,0,"History of WAT247,Find Toppo's Posters,Crash Diagnostics - Mountains,U3 - Crash Side Quest P3,Investigate Sam's Water Shortage","50,watershed;49,poster1;49,poster5;49,poster6;46,jasper;40,Find the supplies crate;64,Check Sam's Garden;64,Measure the East River Levels","U3,U3_Collectibles,U3_Quests,U3_RiverSpline","0.11.235","TaskCompleteEvent",20,"Find the team",NA
"1039","5d2643c0e4194c2f5ffcbc0f",4,"Development","e0e8ba1d-a1a8-492c-a490-549b4a24c221","JG2 UX2",91,"2019-07-10 09:22:02","WindowsPlayer",NA,11,"TaskEvent",0,"0.11.235",-1.50194334983826,6.10640811920166,1.68575310707092,-0.799734473228455,0.600353837013245,0,"History of WAT247,Find Toppo's Posters,Crash Diagnostics - Mountains,U3 - Crash Side Quest P3,Convince Bill the Distillery will work","50,watershed;49,poster1;49,poster5;49,poster6;46,jasper;40,Find the supplies crate;33,Grab Canteen","U5_Cave,U5_Cave_Quests,U5_Cave_Collectibles","0.11.235","TaskActiveEvent",20,"Talk with Dr. Topo",NA
"1040","5d2643c0e4194c2f5ffcbd47",4,"Development","e0e8ba1d-a1a8-492c-a490-549b4a24c221","JG2 UX2",91,"2019-07-10 09:56:16","WindowsPlayer",NA,11,"TaskEvent",0,"0.11.235",1120.73571777344,927.750854492188,140.453842163086,-0.745476186275482,0.666532278060913,0,"History of WAT247,Find Toppo's Posters,Crash Diagnostics - Mountains,U3 - Crash Side Quest P3,Jasper's Discovery","50,watershed;49,poster1;49,poster6;46,jasper;40,Find the supplies crate;66,Gain Entrance to the New Ruins","U2,U2_Collectibles,U2_Quests","0.11.235","TaskCompleteEvent",20,"Talk with Dr. Topo",NA
"1041","5d2643c0e4194c2f5ffcbd48",4,"Development","e0e8ba1d-a1a8-492c-a490-549b4a24c221","JG2 UX2",91,"2019-07-10 09:56:16","WindowsPlayer",NA,11,"TaskEvent",0,"0.11.235",1120.73571777344,927.750854492188,140.453842163086,-0.745476186275482,0.666532278060913,0,"Find Toppo's Posters,Crash Diagnostics - Mountains,U3 - Crash Side Quest P3,Jasper's Discovery","49,poster1;49,poster6;46,jasper;40,Find the supplies crate;66,Gain Entrance to the New Ruins","U2,U2_Collectibles,U2_Quests","0.11.235","TaskActiveEvent",22,"Talk to Anderson",NA
"1042","5d2643c0e4194c2f5ffcbd49",4,"Development","e0e8ba1d-a1a8-492c-a490-549b4a24c221","JG2 UX2",91,"2019-07-10 09:56:16","WindowsPlayer",NA,11,"TaskEvent",0,"0.11.235",1120.73571777344,927.750854492188,140.453842163086,-0.745476186275482,0.666532278060913,0,"Find Toppo's Posters,Crash Diagnostics - Mountains,U3 - Crash Side Quest P3,Jasper's Discovery","49,poster1;49,poster6;46,jasper;40,Find the supplies crate;66,Gain Entrance to the New Ruins;66,Complete the First Wing","U2,U2_Collectibles,U2_Quests","0.11.235","TaskProgressEvent",20,"Talk with Dr. Topo",1
"1043","5d2643f1e4194c2f5ffcc03d",4,"Development","e0e8ba1d-a1a8-492c-a490-549b4a24c221","JG2 UX2",91,"2019-07-10 09:12:26","WindowsPlayer",NA,11,"TaskEvent",0,"0.11.235",-113.148811340332,-122.854347229004,53.2870750427246,0.973578989505768,-0.22835111618042,0,"History of WAT247,Find Toppo's Posters,Crash Diagnostics - Mountains,U3 - Crash Side Quest P3,Bill’s Grand Idea","50,watershed;49,poster1;49,poster5;49,poster6;46,jasper;40,Find the supplies crate;37,bill outside cavern","U5,U5_Quests","0.11.235","TaskActiveEvent",46,"jasper",NA
"1044","5d2643f1e4194c2f5ffcc049",4,"Development","e0e8ba1d-a1a8-492c-a490-549b4a24c221","JG2 UX2",91,"2019-07-10 09:31:19","WindowsPlayer",NA,11,"TaskEvent",0,"0.11.235",-71.2162704467773,-105.151794433594,58.9669380187988,-0.179347887635231,0.983785688877106,0,"History of WAT247,Find Toppo's Posters,Crash Diagnostics - Mountains,U3 - Crash Side Quest P3,Check in with Toppo","50,watershed;49,poster1;49,poster5;49,poster6;46,jasper;40,Find the supplies crate;63,Talk with Toppo","Player_Base","0.11.235","TaskActiveEvent",22,"Talk to Sam",NA
"1045","5d2643f1e4194c2f5ffcc04b",4,"Development","e0e8ba1d-a1a8-492c-a490-549b4a24c221","JG2 UX2",91,"2019-07-10 09:31:19","WindowsPlayer",NA,11,"TaskEvent",0,"0.11.235",-71.2162704467773,-105.151794433594,58.9669380187988,-0.179347887635231,0.983785688877106,0,"History of WAT247,Find Toppo's Posters,Crash Diagnostics - Mountains,U3 - Crash Side Quest P3,Investigate Sam's Water Shortage","50,watershed;49,poster1;49,poster5;49,poster6;46,jasper;40,Find the supplies crate;64,Check Sam's Garden","Player_Base","0.11.235","TaskProgressEvent",22,"Talk to Anderson",1
"1046","5d2643f1e4194c2f5ffcc05d",4,"Development","e0e8ba1d-a1a8-492c-a490-549b4a24c221","JG2 UX2",91,"2019-07-10 09:12:26","WindowsPlayer",NA,11,"TaskEvent",0,"0.11.235",-113.148811340332,-122.854347229004,53.2870750427246,0.973578989505768,-0.22835111618042,0,"History of WAT247,Find Toppo's Posters,Crash Diagnostics - Mountains,U3 - Crash Side Quest P3,Bill’s Grand Idea","50,watershed;49,poster1;49,poster5;49,poster6;46,jasper;40,Find the supplies crate;37,bill outside cavern","U5,U5_Quests","0.11.235","TaskCompleteEvent",22,"Talk to Anderson",NA
"1047","5d2643f1e4194c2f5ffcc075",4,"Development","e0e8ba1d-a1a8-492c-a490-549b4a24c221","JG2 UX2",91,"2019-07-10 09:12:26","WindowsPlayer",NA,11,"TaskEvent",0,"0.11.235",-113.148811340332,-122.854347229004,53.2870750427246,0.973578989505768,-0.22835111618042,0,"History of WAT247,Find Toppo's Posters,Crash Diagnostics - Mountains,U3 - Crash Side Quest P3,Bill’s Grand Idea","50,watershed;49,poster1;49,poster5;49,poster6;46,jasper;40,Find the supplies crate;37,bill outside cavern;37,meet Bill","U5,U5_Quests","0.11.235","TaskProgressEvent",22,"Talk to Sam",1
"1048","5d2643f1e4194c2f5ffcc07d",4,"Development","e0e8ba1d-a1a8-492c-a490-549b4a24c221","JG2 UX2",91,"2019-07-10 09:31:19","WindowsPlayer",NA,11,"TaskEvent",0,"0.11.235",-71.2162704467773,-105.151794433594,58.9669380187988,-0.179347887635231,0.983785688877106,0,"History of WAT247,Find Toppo's Posters,Crash Diagnostics - Mountains,U3 - Crash Side Quest P3,Check in with Toppo,Investigate Sam's Water Shortage","50,watershed;49,poster1;49,poster5;49,poster6;46,jasper;40,Find the supplies crate","Player_Base","0.11.235","TaskActiveEvent",22,"Talk to Bill",NA
"1049","5d2643f1e4194c2f5ffcc125",4,"Development","e0e8ba1d-a1a8-492c-a490-549b4a24c221","JG2 UX2",91,"2019-07-10 09:22:10","WindowsPlayer",NA,11,"TaskEvent",0,"0.11.235",9.53565120697021,-6.02438926696777,1.97365689277649,0.658751904964447,-0.752360224723816,0,"History of WAT247,Find Toppo's Posters,Crash Diagnostics - Mountains,U3 - Crash Side Quest P3,Convince Bill the Distillery will work","50,watershed;49,poster1;49,poster5;49,poster6;46,jasper;40,Find the supplies crate;33,Condense Atmospheric Water","U5_Cave,U5_Cave_Quests,U5_Cave_Collectibles","0.11.235","TaskCompleteEvent",22,"Talk to Sam",NA
"1050","5d2643f1e4194c2f5ffcc126",4,"Development","e0e8ba1d-a1a8-492c-a490-549b4a24c221","JG2 UX2",91,"2019-07-10 09:22:10","WindowsPlayer",NA,11,"TaskEvent",0,"0.11.235",9.53565120697021,-6.02438926696777,1.97365689277649,0.658751904964447,-0.752360224723816,0,"History of WAT247,Find Toppo's Posters,Crash Diagnostics - Mountains,U3 - Crash Side Quest P3,Convince Bill the Distillery will work,Head Back to Large Mart","50,watershed;49,poster1;49,poster5;49,poster6;46,jasper;40,Find the supplies crate","U5_Cave,U5_Cave_Quests,U5_Cave_Collectibles","0.11.235","TaskProgressEvent",22,"Talk to Bill",1
"1051","5d2643f1e4194c2f5ffcc128",4,"Development","e0e8ba1d-a1a8-492c-a490-549b4a24c221","JG2 UX2",91,"2019-07-10 09:22:10","WindowsPlayer",NA,11,"TaskEvent",0,"0.11.235",9.53565120697021,-6.02438926696777,1.97365689277649,0.658751904964447,-0.752360224723816,0,"History of WAT247,Find Toppo's Posters,Crash Diagnostics - Mountains,U3 - Crash Side Quest P3,Head Back to Large Mart","50,watershed;49,poster1;49,poster5;49,poster6;46,jasper;40,Find the supplies crate;34,return to large mart","U5_Cave,U5_Cave_Quests,U5_Cave_Collectibles","0.11.235","TaskActiveEvent",22,"Sample the east waterfall",NA
"1052","5d2643f2e4194c2f5ffcc2c3",4,"Development","e0e8ba1d-a1a8-492c-a490-549b4a24c221","JG2 UX2",91,"2019-07-10 09:39:09","WindowsPlayer",NA,11,"TaskEvent",0,"0.11.235",-561.572082519531,-24.906644821167,27.2206325531006,-0.0951498672366142,-0.995461046695709,-0.00202900310978293,"History of WAT247,Find Toppo's Posters,Crash Diagnostics - Mountains,U3 - Crash Side Quest P3,Investigate Anderson's Water Shortage","50,watershed;49,poster1;49,poster5;49,poster6;46,jasper;40,Find the supplies crate;65,Check the Bunker Water Table","U4,U4_Collectibles,U4_Quests","0.11.235","TaskCompleteEvent",22,"Talk to Bill",NA
"1053","5d2643f3e4194c2f5ffcc360",4,"Development","e0e8ba1d-a1a8-492c-a490-549b4a24c221","JG2 UX2",91,"2019-07-10 09:39:09","WindowsPlayer",NA,11,"TaskEvent",0,"0.11.235",-561.572082519531,-24.906644821167,27.2206325531006,-0.0951498672366142,-0.995461046695709,-0.00202900310978293,"History of WAT247,Find Toppo's Posters,Crash Diagnostics - Mountains,U3 - Crash Side Quest P3,Investigate Anderson's Water Shortage","50,watershed;49,poster1;49,poster5;49,poster6;46,jasper;40,Find the supplies crate;65,Check the Bunker Water Table","U4,U4_Collectibles,U4_Quests","0.11.235","TaskActiveEvent",84,"Spawn a Component",NA
"1054","5d2643f3e4194c2f5ffcc3d8",4,"Development","e0e8ba1d-a1a8-492c-a490-549b4a24c221","JG2 UX2",91,"2019-07-10 09:39:09","WindowsPlayer",NA,11,"TaskEvent",0,"0.11.235",-561.572082519531,-24.906644821167,27.2206325531006,-0.0951498672366142,-0.995461046695709,-0.00202900310978293,"History of WAT247,Find Toppo's Posters,Crash Diagnostics - Mountains,U3 - Crash Side Quest P3,Investigate Anderson's Water Shortage","50,watershed;49,poster1;49,poster5;49,poster6;46,jasper;40,Find the supplies crate;65,Check the Bunker Water Table;65,Check the Ruins Water Table","U4,U4_Collectibles,U4_Quests","0.11.235","TaskActiveEvent",84,"Identify a Component",NA
"1055","5d2643f4e4194c2f5ffcc553",4,"Development","e0e8ba1d-a1a8-492c-a490-549b4a24c221","JG2 UX2",91,"2019-07-10 09:32:32","WindowsPlayer",NA,11,"TaskEvent",0,"0.11.235",-10.730357170105,624.403686523438,55.9760322570801,0.955346524715424,-0.295488476753235,0,"History of WAT247,Find Toppo's Posters,Crash Diagnostics - Mountains,U3 - Crash Side Quest P3,Investigate Sam's Water Shortage","50,watershed;49,poster1;49,poster5;49,poster6;46,jasper;40,Find the supplies crate;64,Check Sam's Garden","U3,U3_Collectibles,U3_Quests,U3_RiverSpline","0.11.235","TaskProgressEvent",84,"Spawn a Component",1
"1056","5d2643f4e4194c2f5ffcc554",4,"Development","e0e8ba1d-a1a8-492c-a490-549b4a24c221","JG2 UX2",91,"2019-07-10 09:32:32","WindowsPlayer",NA,11,"TaskEvent",0,"0.11.235",-10.730357170105,624.403686523438,55.9760322570801,0.955346524715424,-0.295488476753235,0,"History of WAT247,Find Toppo's Posters,Crash Diagnostics - Mountains,U3 - Crash Side Quest P3,Investigate Sam's Water Shortage","50,watershed;49,poster1;49,poster5;49,poster6;46,jasper;40,Find the supplies crate;64,Check Sam's Garden;64,Measure the East River Levels","U3,U3_Collectibles,U3_Quests,U3_RiverSpline","0.11.235","TaskCompleteEvent",84,"Spawn a Component",NA
"1057","5d2643f4e4194c2f5ffcc55b",4,"Development","e0e8ba1d-a1a8-492c-a490-549b4a24c221","JG2 UX2",91,"2019-07-10 09:56:16","WindowsPlayer",NA,11,"TaskEvent",0,"0.11.235",1120.73571777344,927.750854492188,140.453842163086,-0.745476186275482,0.666532278060913,0,"Find Toppo's Posters,Crash Diagnostics - Mountains,U3 - Crash Side Quest P3,Jasper's Discovery","49,poster1;49,poster6;46,jasper;40,Find the supplies crate;66,Gain Entrance to the New Ruins","U2,U2_Collectibles,U2_Quests","0.11.235","TaskProgressEvent",84,"Identify a Component",1
"1058","5d2643f4e4194c2f5ffcc5f8",4,"Development","e0e8ba1d-a1a8-492c-a490-549b4a24c221","JG2 UX2",91,"2019-07-10 09:56:16","WindowsPlayer",NA,11,"TaskEvent",0,"0.11.235",1120.73571777344,927.750854492188,140.453842163086,-0.745476186275482,0.666532278060913,0,"History of WAT247,Find Toppo's Posters,Crash Diagnostics - Mountains,U3 - Crash Side Quest P3,Jasper's Discovery","50,watershed;49,poster1;49,poster6;46,jasper;40,Find the supplies crate;66,Gain Entrance to the New Ruins","U2,U2_Collectibles,U2_Quests","0.11.235","TaskActiveEvent",84,"And all the rest",NA
"1059","5d2643f4e4194c2f5ffcc5fc",4,"Development","e0e8ba1d-a1a8-492c-a490-549b4a24c221","JG2 UX2",91,"2019-07-10 09:56:16","WindowsPlayer",NA,11,"TaskEvent",0,"0.11.235",1120.73571777344,927.750854492188,140.453842163086,-0.745476186275482,0.666532278060913,0,"Find Toppo's Posters,Crash Diagnostics - Mountains,U3 - Crash Side Quest P3,Jasper's Discovery","49,poster1;49,poster6;46,jasper;40,Find the supplies crate;66,Gain Entrance to the New Ruins","U2,U2_Collectibles,U2_Quests","0.11.235","TaskCompleteEvent",84,"Identify a Component",NA
"1060","5d2643f4e4194c2f5ffcc5fe",4,"Development","e0e8ba1d-a1a8-492c-a490-549b4a24c221","JG2 UX2",91,"2019-07-10 09:56:16","WindowsPlayer",NA,11,"TaskEvent",0,"0.11.235",1120.73571777344,927.750854492188,140.453842163086,-0.745476186275482,0.666532278060913,0,"Find Toppo's Posters,Crash Diagnostics - Mountains,U3 - Crash Side Quest P3,Jasper's Discovery","49,poster1;49,poster6;46,jasper;40,Find the supplies crate;66,Gain Entrance to the New Ruins;66,Complete the First Wing","U2,U2_Collectibles,U2_Quests","0.11.235","TaskActiveEvent",84,"Finish fixing ARF",NA
"1061","5d2643f4e4194c2f5ffcc63e",4,"Development","e0e8ba1d-a1a8-492c-a490-549b4a24c221","JG2 UX2",91,"2019-07-10 09:22:02","WindowsPlayer",NA,11,"TaskEvent",0,"0.11.235",-1.50194334983826,6.10640811920166,1.68575310707092,-0.799734473228455,0.600353837013245,0,"History of WAT247,Find Toppo's Posters,Crash Diagnostics - Mountains,U3 - Crash Side Quest P3,Convince Bill the Distillery will work","50,watershed;49,poster1;49,poster5;49,poster6;46,jasper;40,Find the supplies crate;33,Grab Canteen","U5_Cave,U5_Cave_Quests,U5_Cave_Collectibles","0.11.235","TaskCompleteEvent",84,"And all the rest",NA
"1062","5d2643f5e4194c2f5ffcc747",4,"Development","e0e8ba1d-a1a8-492c-a490-549b4a24c221","JG2 UX2",91,"2019-07-10 09:32:32","WindowsPlayer",NA,11,"TaskEvent",0,"0.11.235",-10.730357170105,624.403686523438,55.9760322570801,0.955346524715424,-0.295488476753235,0,"History of WAT247,Find Toppo's Posters,Crash Diagnostics - Mountains,U3 - Crash Side Quest P3,Investigate Sam's Water Shortage","50,watershed;49,poster1;49,poster5;49,poster6;46,jasper;40,Find the supplies crate;64,Check Sam's Garden","U3,U3_Collectibles,U3_Quests,U3_RiverSpline","0.11.235","TaskProgressEvent",84,"And all the rest",1
"1063","5d2643f5e4194c2f5ffcc755",4,"Development","e0e8ba1d-a1a8-492c-a490-549b4a24c221","JG2 UX2",91,"2019-07-10 09:56:16","WindowsPlayer",NA,11,"TaskEvent",0,"0.11.235",1120.73571777344,927.750854492188,140.453842163086,-0.745476186275482,0.666532278060913,0,"Find Toppo's Posters,Crash Diagnostics - Mountains,U3 - Crash Side Quest P3,Jasper's Discovery","49,poster1;49,poster6;46,jasper;40,Find the supplies crate;66,Gain Entrance to the New Ruins","U2,U2_Collectibles,U2_Quests","0.11.235","TaskProgressEvent",22,"Sample the east waterfall",1
"1064","5d2643f5e4194c2f5ffcc8e4",4,"Development","e0e8ba1d-a1a8-492c-a490-549b4a24c221","JG2 UX2",91,"2019-07-10 09:22:02","WindowsPlayer",NA,11,"TaskEvent",0,"0.11.235",-1.50194334983826,6.10640811920166,1.68575310707092,-0.799734473228455,0.600353837013245,0,"History of WAT247,Find Toppo's Posters,Crash Diagnostics - Mountains,U3 - Crash Side Quest P3,Convince Bill the Distillery will work","50,watershed;49,poster1;49,poster5;49,poster6;46,jasper;40,Find the supplies crate;33,Grab Canteen","U5_Cave,U5_Cave_Quests,U5_Cave_Collectibles","0.11.235","TaskCompleteEvent",22,"Sample the east waterfall",NA
"1065","5d2643f5e4194c2f5ffcc8e5",4,"Development","e0e8ba1d-a1a8-492c-a490-549b4a24c221","JG2 UX2",91,"2019-07-10 09:22:02","WindowsPlayer",NA,11,"TaskEvent",0,"0.11.235",-1.50194334983826,6.10640811920166,1.68575310707092,-0.799734473228455,0.600353837013245,0,"History of WAT247,Find Toppo's Posters,Crash Diagnostics - Mountains,U3 - Crash Side Quest P3,Convince Bill the Distillery will work","50,watershed;49,poster1;49,poster5;49,poster6;46,jasper;40,Find the supplies crate;33,Grab Canteen;33,Condense Atmospheric Water","U5_Cave,U5_Cave_Quests,U5_Cave_Collectibles","0.11.235","TaskActiveEvent",22,"Sample the west waterfall",NA
"1066","5d2644f6e4194c2f5ffccec7",4,"Development","e0e8ba1d-a1a8-492c-a490-549b4a24c221","JG2 UX2",91,"2019-07-10 10:04:47","WindowsPlayer",NA,11,"TaskEvent",0,"0.11.235",52.8422698974609,-66.9235687255859,3.48000001907349,-0.978866815567017,-0.204499006271362,0,"Jasper's Discovery,Find Toppo's Posters,Crash Diagnostics - Mountains,U3 - Crash Side Quest P3","66,Complete the Third Wing;49,poster1;49,poster6;46,jasper;40,Find the supplies crate;66,Enter the Alien Teleporter","U6_Dungeon","0.11.235","TaskProgressEvent",84,"Finish fixing ARF",1
"1067","5d2644f6e4194c2f5ffcced2",4,"Development","e0e8ba1d-a1a8-492c-a490-549b4a24c221","JG2 UX2",91,"2019-07-10 10:04:47","WindowsPlayer",NA,11,"TaskEvent",0,"0.11.235",52.8422698974609,-66.9235687255859,3.48000001907349,-0.978866815567017,-0.204499006271362,0,"Jasper's Discovery,Find Toppo's Posters,Crash Diagnostics - Mountains,U3 - Crash Side Quest P3","66,Complete the Third Wing;49,poster1;49,poster6;46,jasper;40,Find the supplies crate","U6_Dungeon","0.11.235","TaskCompleteEvent",84,"Finish fixing ARF",NA
"1068","5d2644f6e4194c2f5ffcced3",4,"Development","e0e8ba1d-a1a8-492c-a490-549b4a24c221","JG2 UX2",91,"2019-07-10 10:04:47","WindowsPlayer",NA,11,"TaskEvent",0,"0.11.235",52.8422698974609,-66.9235687255859,3.48000001907349,-0.978866815567017,-0.204499006271362,0,"Jasper's Discovery,Find Toppo's Posters,Crash Diagnostics - Mountains,U3 - Crash Side Quest P3","66,Complete the Third Wing;49,poster1;49,poster6;46,jasper;40,Find the supplies crate","U6_Dungeon","0.11.235","TaskCompleteEvent",22,"Sample the west waterfall",NA
"1069","5d264530e4194c2f5ffccfa4",4,"Development","e0e8ba1d-a1a8-492c-a490-549b4a24c221","JG2 UX2",91,"2019-07-10 10:06:02","WindowsPlayer",NA,11,"TaskEvent",0,"0.11.235",4.2095103263855,-7.73218011856079,5.20984315872192,0.881302058696747,0.472553253173828,0,"Jasper's Discovery,Find Toppo's Posters,Crash Diagnostics - Mountains,U3 - Crash Side Quest P3","49,poster1;49,poster6;46,jasper;40,Find the supplies crate;66,Enter the Alien Teleporter","U6_Dungeon,U6_Moon","0.11.235","TaskActiveEvent",28,"Talk to Holo-Toppo",NA
"1070","5d264530e4194c2f5ffccfac",4,"Development","e0e8ba1d-a1a8-492c-a490-549b4a24c221","JG2 UX2",91,"2019-07-10 10:06:02","WindowsPlayer",NA,11,"TaskEvent",0,"0.11.235",4.2095103263855,-7.73218011856079,5.20984315872192,0.881302058696747,0.472553253173828,0,"Find Toppo's Posters,Crash Diagnostics - Mountains,U3 - Crash Side Quest P3,Into the Unknown!","49,poster1;49,poster6;46,jasper;40,Find the supplies crate;90,Enter the Alien Base","U6_Dungeon,U6_Moon","0.11.235","TaskProgressEvent",22,"Sample the west waterfall",1
"1071","5d264531e4194c2f5ffccfb1",4,"Development","e0e8ba1d-a1a8-492c-a490-549b4a24c221","JG2 UX2",91,"2019-07-10 10:06:02","WindowsPlayer",NA,11,"TaskEvent",0,"0.11.235",4.2095103263855,-7.73218011856079,5.20984315872192,0.881302058696747,0.472553253173828,0,"Jasper's Discovery,Find Toppo's Posters,Crash Diagnostics - Mountains,U3 - Crash Side Quest P3,Into the Unknown!","49,poster1;49,poster6;46,jasper;40,Find the supplies crate","U6_Dungeon,U6_Moon","0.11.235","TaskCompleteEvent",22,"Sample the west waterfall",NA
"1072","5d26454ee4194c2f5ffcd021",4,"Development","e0e8ba1d-a1a8-492c-a490-549b4a24c221","JG2 UX2",91,"2019-07-10 10:06:37","WindowsPlayer",NA,11,"TaskEvent",0,"0.11.235",-0.0648193806409836,132.960800170898,0.980000019073486,-0.0209424793720245,0.999780654907227,0,"Find Toppo's Posters,Crash Diagnostics - Mountains,U3 - Crash Side Quest P3,Into the Unknown!","49,poster1;49,poster6;46,jasper;40,Find the supplies crate;90,Enter the Alien Base","U6_Moon,U6_Moon_Quest,U6_MoonBase","0.11.235","TaskActiveEvent",28,"Talk to Holo-Toppo",NA
"1073","5d26454ee4194c2f5ffcd028",4,"Development","e0e8ba1d-a1a8-492c-a490-549b4a24c221","JG2 UX2",91,"2019-07-10 10:06:37","WindowsPlayer",NA,11,"TaskEvent",0,"0.11.235",-0.0648193806409836,132.960800170898,0.980000019073486,-0.0209424793720245,0.999780654907227,0,"Find Toppo's Posters,Crash Diagnostics - Mountains,U3 - Crash Side Quest P3,Into the Unknown!","49,poster1;49,poster6;46,jasper;40,Find the supplies crate;90,Enter the Alien Base","U6_Moon,U6_Moon_Quest,U6_MoonBase","0.11.235","TaskProgressEvent",22,"Sample the west waterfall",1
"1074","5d26454ee4194c2f5ffcd029",4,"Development","e0e8ba1d-a1a8-492c-a490-549b4a24c221","JG2 UX2",91,"2019-07-10 10:06:37","WindowsPlayer",NA,11,"TaskEvent",0,"0.11.235",-0.0648193806409836,132.960800170898,0.980000019073486,-0.0209424793720245,0.999780654907227,0,"Find Toppo's Posters,Crash Diagnostics - Mountains,U3 - Crash Side Quest P3,Into the Unknown!","49,poster1;49,poster6;46,jasper;40,Find the supplies crate;90,Enter the Alien Base;90,Operate the Alien Console","U6_Moon,U6_Moon_Quest,U6_MoonBase","0.11.235","TaskProgressEvent",28,"Talk to Holo-Toppo",1
"1075","5d26458ae4194c2f5ffcd112",4,"Development","e0e8ba1d-a1a8-492c-a490-549b4a24c221","JG2 UX2",91,"2019-07-10 10:07:36","WindowsPlayer",NA,11,"TaskEvent",0,"0.11.235",0.0820884704589844,672.278747558594,-25.1720428466797,0.0104717388749123,0.999945163726807,0,"Find Toppo's Posters,Crash Diagnostics - Mountains,U3 - Crash Side Quest P3,Into the Unknown!","49,poster1;49,poster6;46,jasper;40,Find the supplies crate;90,Operate the Alien Console","U6_Moon,U6_Moon_Quest,U6_MoonBase","0.11.235","TaskActiveEvent",28,"Argue which watershed is bigger",NA
"1076","5d26458be4194c2f5ffcd11b",4,"Development","e0e8ba1d-a1a8-492c-a490-549b4a24c221","JG2 UX2",91,"2019-07-10 10:07:36","WindowsPlayer",NA,11,"TaskEvent",0,"0.11.235",0.0820884704589844,672.278747558594,-25.1720428466797,0.0104717388749123,0.999945163726807,0,"Find Toppo's Posters,Crash Diagnostics - Mountains,U3 - Crash Side Quest P3,Into the Unknown!,Save the Water!","49,poster1;49,poster6;46,jasper;40,Find the supplies crate","U6_Moon,U6_Moon_Quest,U6_MoonBase","0.11.235","TaskCompleteEvent",28,"Talk to Holo-Toppo",NA
"1077","5d26458be4194c2f5ffcd11c",4,"Development","e0e8ba1d-a1a8-492c-a490-549b4a24c221","JG2 UX2",91,"2019-07-10 10:07:36","WindowsPlayer",NA,11,"TaskEvent",0,"0.11.235",0.0820884704589844,672.278747558594,-25.1720428466797,0.0104717388749123,0.999945163726807,0,"Find Toppo's Posters,Crash Diagnostics - Mountains,U3 - Crash Side Quest P3,Save the Water!","49,poster1;49,poster6;46,jasper;40,Find the supplies crate;67,Reverse the Water","U6_Moon,U6_Moon_Quest,U6_MoonBase","0.11.235","TaskCompleteEvent",28,"Argue which watershed is bigger",NA
"1078","5d2645b2e4194c2f5ffcd1b0",4,"Development","e0e8ba1d-a1a8-492c-a490-549b4a24c221","JG2 UX2",91,"2019-07-10 10:08:08","WindowsPlayer",NA,11,"TaskEvent",0,"0.11.235",0.0820884704589844,672.278747558594,-25.1720428466797,0.0104717388749123,0.999945163726807,0,"Find Toppo's Posters,Crash Diagnostics - Mountains,U3 - Crash Side Quest P3,Save the Water!","49,poster1;49,poster6;46,jasper;40,Find the supplies crate;67,Reverse the Water;67,Open the 2nd Blast Door","U6_Moon,U6_Moon_Quest,U6_MoonBase","0.11.235","TaskActiveEvent",58,"Speak with Toppo",NA
"1079","5d2645b2e4194c2f5ffcd1b4",4,"Development","e0e8ba1d-a1a8-492c-a490-549b4a24c221","JG2 UX2",91,"2019-07-10 10:08:08","WindowsPlayer",NA,11,"TaskEvent",0,"0.11.235",0.0820884704589844,672.278747558594,-25.1720428466797,0.0104717388749123,0.999945163726807,0,"Find Toppo's Posters,Crash Diagnostics - Mountains,U3 - Crash Side Quest P3,Save the Water!","49,poster1;49,poster6;46,jasper;40,Find the supplies crate;67,Reverse the Water","U6_Moon,U6_Moon_Quest,U6_MoonBase","0.11.235","TaskProgressEvent",28,"Argue which watershed is bigger",1
"1080","5d2645b2e4194c2f5ffcd1b5",4,"Development","e0e8ba1d-a1a8-492c-a490-549b4a24c221","JG2 UX2",91,"2019-07-10 10:08:08","WindowsPlayer",NA,11,"TaskEvent",0,"0.11.235",0.0820884704589844,672.278747558594,-25.1720428466797,0.0104717388749123,0.999945163726807,0,"Find Toppo's Posters,Crash Diagnostics - Mountains,U3 - Crash Side Quest P3,Save the Water!","49,poster1;49,poster6;46,jasper;40,Find the supplies crate;67,Reverse the Water","U6_Moon,U6_Moon_Quest,U6_MoonBase","0.11.235","TaskActiveEvent",58,"Jasper's Proposal",NA
"1081","5d2645cbe4194c2f5ffcd217",4,"Development","e0e8ba1d-a1a8-492c-a490-549b4a24c221","JG2 UX2",91,"2019-07-10 10:08:38","WindowsPlayer",NA,11,"TaskEvent",0,"0.11.235",0.0820884704589844,672.278747558594,-25.1720428466797,0.0104717388749123,0.999945163726807,0,"Find Toppo's Posters,Crash Diagnostics - Mountains,U3 - Crash Side Quest P3,Save the Water!","49,poster1;49,poster6;46,jasper;40,Find the supplies crate;67,Open the 2nd Blast Door","U6_Moon,U6_Moon_Quest,U6_MoonBase","0.11.235","TaskCompleteEvent",58,"Speak with Toppo",NA
"1082","5d2645cbe4194c2f5ffcd21d",4,"Development","e0e8ba1d-a1a8-492c-a490-549b4a24c221","JG2 UX2",91,"2019-07-10 10:08:38","WindowsPlayer",NA,11,"TaskEvent",0,"0.11.235",0.0820884704589844,672.278747558594,-25.1720428466797,0.0104717388749123,0.999945163726807,0,"Find Toppo's Posters,Crash Diagnostics - Mountains,U3 - Crash Side Quest P3,Save the Water!","49,poster1;49,poster6;46,jasper;40,Find the supplies crate;67,Open the 2nd Blast Door","U6_Moon,U6_Moon_Quest,U6_MoonBase","0.11.235","TaskProgressEvent",58,"Speak with Toppo",1
"1083","5d2645cbe4194c2f5ffcd21f",4,"Development","e0e8ba1d-a1a8-492c-a490-549b4a24c221","JG2 UX2",91,"2019-07-10 10:08:38","WindowsPlayer",NA,11,"TaskEvent",0,"0.11.235",0.0820884704589844,672.278747558594,-25.1720428466797,0.0104717388749123,0.999945163726807,0,"Find Toppo's Posters,Crash Diagnostics - Mountains,U3 - Crash Side Quest P3,Save the Water!","49,poster1;49,poster6;46,jasper;40,Find the supplies crate;67,Open the 2nd Blast Door;67,Open the 3rd Blast Door","U6_Moon,U6_Moon_Quest,U6_MoonBase","0.11.235","TaskActiveEvent",58,"Head to bed",NA
"1084","5d2645e4e4194c2f5ffcd280",4,"Development","e0e8ba1d-a1a8-492c-a490-549b4a24c221","JG2 UX2",91,"2019-07-10 10:09:08","WindowsPlayer",NA,11,"TaskEvent",0,"0.11.235",0.0820884704589844,672.278747558594,-25.1720428466797,0.0104717388749123,0.999945163726807,0,"Find Toppo's Posters,Crash Diagnostics - Mountains,U3 - Crash Side Quest P3,Save the Water!","49,poster1;49,poster6;46,jasper;40,Find the supplies crate;67,Open the 3rd Blast Door","U6_Moon,U6_Moon_Quest,U6_MoonBase","0.11.235","TaskCompleteEvent",58,"Jasper's Proposal",NA
"1085","5d2645e4e4194c2f5ffcd281",4,"Development","e0e8ba1d-a1a8-492c-a490-549b4a24c221","JG2 UX2",91,"2019-07-10 10:09:08","WindowsPlayer",NA,11,"TaskEvent",0,"0.11.235",0.0820884704589844,672.278747558594,-25.1720428466797,0.0104717388749123,0.999945163726807,0,"Find Toppo's Posters,Crash Diagnostics - Mountains,U3 - Crash Side Quest P3,Save the Water!","49,poster1;49,poster6;46,jasper;40,Find the supplies crate;67,Open the 3rd Blast Door;67,Thaw the Ice","U6_Moon,U6_Moon_Quest,U6_MoonBase","0.11.235","TaskProgressEvent",58,"Jasper's Proposal",1
"1086","5d2645e4e4194c2f5ffcd282",4,"Development","e0e8ba1d-a1a8-492c-a490-549b4a24c221","JG2 UX2",91,"2019-07-10 10:09:08","WindowsPlayer",NA,11,"TaskEvent",0,"0.11.235",0.0820884704589844,672.278747558594,-25.1720428466797,0.0104717388749123,0.999945163726807,0,"Find Toppo's Posters,Crash Diagnostics - Mountains,U3 - Crash Side Quest P3,Save the Water!","49,poster1;49,poster6;46,jasper;40,Find the supplies crate;67,Thaw the Ice","U6_Moon,U6_Moon_Quest,U6_MoonBase","0.11.235","TaskActiveEvent",57,"Meet up with Sam",NA
"1087","5d2645e4e4194c2f5ffcd283",4,"Development","e0e8ba1d-a1a8-492c-a490-549b4a24c221","JG2 UX2",91,"2019-07-10 10:09:08","WindowsPlayer",NA,11,"TaskEvent",0,"0.11.235",0.0820884704589844,672.278747558594,-25.1720428466797,0.0104717388749123,0.999945163726807,0,"Find Toppo's Posters,Crash Diagnostics - Mountains,U3 - Crash Side Quest P3,Save the Water!","49,poster1;49,poster6;46,jasper;40,Find the supplies crate;67,Thaw the Ice;67,Open the 4th Blast Door","U6_Moon,U6_Moon_Quest,U6_MoonBase","0.11.235","TaskCompleteEvent",58,"Head to bed",NA
"1088","5d2645e5e4194c2f5ffcd285",4,"Development","e0e8ba1d-a1a8-492c-a490-549b4a24c221","JG2 UX2",91,"2019-07-10 10:09:08","WindowsPlayer",NA,11,"TaskEvent",0,"0.11.235",0.0820884704589844,672.278747558594,-25.1720428466797,0.0104717388749123,0.999945163726807,0,"Find Toppo's Posters,Crash Diagnostics - Mountains,U3 - Crash Side Quest P3,Save the Water!","49,poster1;49,poster6;46,jasper;40,Find the supplies crate;67,Open the 3rd Blast Door","U6_Moon,U6_Moon_Quest,U6_MoonBase","0.11.235","TaskProgressEvent",58,"Head to bed",1
"1089","5d2645e5e4194c2f5ffcd286",4,"Development","e0e8ba1d-a1a8-492c-a490-549b4a24c221","JG2 UX2",91,"2019-07-10 10:09:08","WindowsPlayer",NA,11,"TaskEvent",0,"0.11.235",0.0820884704589844,672.278747558594,-25.1720428466797,0.0104717388749123,0.999945163726807,0,"Find Toppo's Posters,Crash Diagnostics - Mountains,U3 - Crash Side Quest P3,Save the Water!","49,poster1;49,poster6;46,jasper;40,Find the supplies crate;67,Thaw the Ice","U6_Moon,U6_Moon_Quest,U6_MoonBase","0.11.235","TaskActiveEvent",77,"collectARF",NA
"1090","5d2645fde4194c2f5ffcd2e3",4,"Development","e0e8ba1d-a1a8-492c-a490-549b4a24c221","JG2 UX2",91,"2019-07-10 10:09:30","WindowsPlayer",NA,11,"TaskEvent",0,"0.11.235",0.0820884704589844,672.278747558594,-25.1720428466797,0.0104717388749123,0.999945163726807,0,"Find Toppo's Posters,Crash Diagnostics - Mountains,U3 - Crash Side Quest P3,Save the Water!","49,poster1;49,poster6;46,jasper;40,Find the supplies crate;67,Open the 4th Blast Door","U6_Moon,U6_Moon_Quest,U6_MoonBase","0.11.235","TaskCompleteEvent",74,"arfRoom",NA
"1091","5d2645fde4194c2f5ffcd2e4",4,"Development","e0e8ba1d-a1a8-492c-a490-549b4a24c221","JG2 UX2",91,"2019-07-10 10:09:30","WindowsPlayer",NA,11,"TaskEvent",0,"0.11.235",0.0820884704589844,672.278747558594,-25.1720428466797,0.0104717388749123,0.999945163726807,0,"Find Toppo's Posters,Crash Diagnostics - Mountains,U3 - Crash Side Quest P3,Save the Water!","49,poster1;49,poster6;46,jasper;40,Find the supplies crate;67,Open the 4th Blast Door","U6_Moon,U6_Moon_Quest,U6_MoonBase","0.11.235","TaskProgressEvent",74,"arfRoom",1
"1092","5d2645fde4194c2f5ffcd2e5",4,"Development","e0e8ba1d-a1a8-492c-a490-549b4a24c221","JG2 UX2",91,"2019-07-10 10:09:30","WindowsPlayer",NA,11,"TaskEvent",0,"0.11.235",0.0820884704589844,672.278747558594,-25.1720428466797,0.0104717388749123,0.999945163726807,0,"Find Toppo's Posters,Crash Diagnostics - Mountains,U3 - Crash Side Quest P3,Save the Water!","49,poster1;49,poster6;46,jasper;40,Find the supplies crate;67,Open the 4th Blast Door;67,Close the 4th Blast Door","U6_Moon,U6_Moon_Quest,U6_MoonBase","0.11.235","TaskProgressEvent",77,"collectARF",1
"1093","5d2645fde4194c2f5ffcd2e6",4,"Development","e0e8ba1d-a1a8-492c-a490-549b4a24c221","JG2 UX2",91,"2019-07-10 10:09:30","WindowsPlayer",NA,11,"TaskEvent",0,"0.11.235",0.0820884704589844,672.278747558594,-25.1720428466797,0.0104717388749123,0.999945163726807,0,"Find Toppo's Posters,Crash Diagnostics - Mountains,U3 - Crash Side Quest P3,Save the Water!","49,poster1;49,poster6;46,jasper;40,Find the supplies crate;67,Close the 4th Blast Door","U6_Moon,U6_Moon_Quest,U6_MoonBase","0.11.235","TaskCompleteEvent",77,"collectARF",NA
"1094","5d2645fde4194c2f5ffcd2e7",4,"Development","e0e8ba1d-a1a8-492c-a490-549b4a24c221","JG2 UX2",91,"2019-07-10 10:09:30","WindowsPlayer",NA,11,"TaskEvent",0,"0.11.235",0.0820884704589844,672.278747558594,-25.1720428466797,0.0104717388749123,0.999945163726807,0,"Find Toppo's Posters,Crash Diagnostics - Mountains,U3 - Crash Side Quest P3,Save the Water!","49,poster1;49,poster6;46,jasper;40,Find the supplies crate;67,Close the 4th Blast Door","U6_Moon,U6_Moon_Quest,U6_MoonBase","0.11.235","TaskActiveEvent",77,"checkPoster",NA
"1095","5d2645fde4194c2f5ffcd2e8",4,"Development","e0e8ba1d-a1a8-492c-a490-549b4a24c221","JG2 UX2",91,"2019-07-10 10:09:30","WindowsPlayer",NA,11,"TaskEvent",0,"0.11.235",0.0820884704589844,672.278747558594,-25.1720428466797,0.0104717388749123,0.999945163726807,0,"Find Toppo's Posters,Crash Diagnostics - Mountains,U3 - Crash Side Quest P3,Save the Water!","49,poster1;49,poster6;46,jasper;40,Find the supplies crate;67,Close the 4th Blast Door;67,Condense the Water","U6_Moon,U6_Moon_Quest,U6_MoonBase","0.11.235","TaskActiveEvent",77,"trialArg",NA
"1096","5d2645fde4194c2f5ffcd2e9",4,"Development","e0e8ba1d-a1a8-492c-a490-549b4a24c221","JG2 UX2",91,"2019-07-10 10:09:30","WindowsPlayer",NA,11,"TaskEvent",0,"0.11.235",0.0820884704589844,672.278747558594,-25.1720428466797,0.0104717388749123,0.999945163726807,0,"Find Toppo's Posters,Crash Diagnostics - Mountains,U3 - Crash Side Quest P3,Save the Water!","49,poster1;49,poster6;46,jasper;40,Find the supplies crate;67,Condense the Water","U6_Moon,U6_Moon_Quest,U6_MoonBase","0.11.235","TaskProgressEvent",77,"checkPoster",1
"1097","5d2645fde4194c2f5ffcd2ea",4,"Development","e0e8ba1d-a1a8-492c-a490-549b4a24c221","JG2 UX2",91,"2019-07-10 10:09:30","WindowsPlayer",NA,11,"TaskEvent",0,"0.11.235",0.0820884704589844,672.278747558594,-25.1720428466797,0.0104717388749123,0.999945163726807,0,"Find Toppo's Posters,Crash Diagnostics - Mountains,U3 - Crash Side Quest P3,Save the Water!","49,poster1;49,poster6;46,jasper;40,Find the supplies crate;67,Condense the Water","U6_Moon,U6_Moon_Quest,U6_MoonBase","0.11.235","TaskCompleteEvent",77,"checkPoster",NA
"1098","5d2645fde4194c2f5ffcd2eb",4,"Development","e0e8ba1d-a1a8-492c-a490-549b4a24c221","JG2 UX2",91,"2019-07-10 10:09:30","WindowsPlayer",NA,11,"TaskEvent",0,"0.11.235",0.0820884704589844,672.278747558594,-25.1720428466797,0.0104717388749123,0.999945163726807,0,"Find Toppo's Posters,Crash Diagnostics - Mountains,U3 - Crash Side Quest P3,Save the Water!","49,poster1;49,poster6;46,jasper;40,Find the supplies crate;67,Condense the Water;67,Re-open the 4th Blast Door","U6_Moon,U6_Moon_Quest,U6_MoonBase","0.11.235","TaskCompleteEvent",77,"trialArg",NA
"1099","5d2645fde4194c2f5ffcd2ec",4,"Development","e0e8ba1d-a1a8-492c-a490-549b4a24c221","JG2 UX2",91,"2019-07-10 10:09:30","WindowsPlayer",NA,11,"TaskEvent",0,"0.11.235",0.0820884704589844,672.278747558594,-25.1720428466797,0.0104717388749123,0.999945163726807,0,"Find Toppo's Posters,Crash Diagnostics - Mountains,U3 - Crash Side Quest P3,Save the Water!","49,poster1;49,poster6;46,jasper;40,Find the supplies crate;67,Re-open the 4th Blast Door","U6_Moon,U6_Moon_Quest,U6_MoonBase","0.11.235","TaskProgressEvent",77,"trialArg",1
"1100","5d2645fde4194c2f5ffcd2ef",4,"Development","e0e8ba1d-a1a8-492c-a490-549b4a24c221","JG2 UX2",91,"2019-07-10 10:09:30","WindowsPlayer",NA,11,"TaskEvent",0,"0.11.235",0.0820884704589844,672.278747558594,-25.1720428466797,0.0104717388749123,0.999945163726807,0,"Find Toppo's Posters,Crash Diagnostics - Mountains,U3 - Crash Side Quest P3,Save the Water!,Escape the Moon","49,poster1;49,poster6;46,jasper;40,Find the supplies crate","U6_Moon,U6_Moon_Quest,U6_MoonBase","0.11.235","TaskActiveEvent",78,"toppoTalk",NA
"1101","5d2645fde4194c2f5ffcd2f0",4,"Development","e0e8ba1d-a1a8-492c-a490-549b4a24c221","JG2 UX2",91,"2019-07-10 10:09:30","WindowsPlayer",NA,11,"TaskEvent",0,"0.11.235",0.0820884704589844,672.278747558594,-25.1720428466797,0.0104717388749123,0.999945163726807,0,"Find Toppo's Posters,Crash Diagnostics - Mountains,U3 - Crash Side Quest P3,Escape the Moon","49,poster1;49,poster6;46,jasper;40,Find the supplies crate;68,Return to the Teleporter","U6_Moon,U6_Moon_Quest,U6_MoonBase","0.11.235","TaskProgressEvent",78,"toppoTalk",1
"1102","5d26463ee4194c2f5ffcd3aa",4,"Development","e0e8ba1d-a1a8-492c-a490-549b4a24c221","JG2 UX2",91,"2019-07-10 10:10:20","WindowsPlayer",NA,11,"TaskEvent",0,"0.11.235",-0.176571533083916,0.34493413567543,2.70984315872192,0.104528494179249,-0.994522333145142,0,"Find Toppo's Posters,Crash Diagnostics - Mountains,U3 - Crash Side Quest P3,Escape the Moon","49,poster1;49,poster6;46,jasper;40,Find the supplies crate;68,Return to the Teleporter","U6_Moon,U6_Moon_Quest,U6_MoonBase","0.11.235","TaskActiveEvent",78,"completeArg",NA
"1103","5d26463ee4194c2f5ffcd3af",4,"Development","e0e8ba1d-a1a8-492c-a490-549b4a24c221","JG2 UX2",91,"2019-07-10 10:10:20","WindowsPlayer",NA,11,"TaskEvent",0,"0.11.235",-0.176571533083916,0.34493413567543,2.70984315872192,0.104528494179249,-0.994522333145142,0,"Find Toppo's Posters,Crash Diagnostics - Mountains,U3 - Crash Side Quest P3,Escape the Moon","49,poster1;49,poster6;46,jasper;40,Find the supplies crate;68,Return to the Teleporter;68,Talk with Toppo","U6_Moon,U6_Moon_Quest,U6_MoonBase","0.11.235","TaskCompleteEvent",78,"toppoTalk",NA
"1104","5d26463fe4194c2f5ffcd3b6",4,"Development","e0e8ba1d-a1a8-492c-a490-549b4a24c221","JG2 UX2",91,"2019-07-10 10:10:20","WindowsPlayer",NA,11,"TaskEvent",0,"0.11.235",-0.176571533083916,0.34493413567543,2.70984315872192,0.104528494179249,-0.994522333145142,0,"Find Toppo's Posters,Crash Diagnostics - Mountains,U3 - Crash Side Quest P3,Escape the Moon","49,poster1;49,poster6;46,jasper;40,Find the supplies crate;68,Return to the Teleporter","U6_Moon,U6_Moon_Quest,U6_MoonBase","0.11.235","TaskProgressEvent",74,"wakeup",1
"1105","5d264686e4194c2f5ffcd420",4,"Development","e0e8ba1d-a1a8-492c-a490-549b4a24c221","JG2 UX2",91,"2019-07-10 10:11:35","WindowsPlayer",NA,11,"TaskEvent",0,"0.11.235",-73.002326965332,-103.626602172852,58.9662780761719,0.284015834331512,-0.95881974697113,0,"Find Toppo's Posters,Crash Diagnostics - Mountains,U3 - Crash Side Quest P3,Escape the Moon","49,poster1;49,poster6;46,jasper;40,Find the supplies crate;68,Talk with Toppo","Player_Base","0.11.235","TaskCompleteEvent",74,"wakeup",NA
"1106","5d264686e4194c2f5ffcd430",4,"Development","e0e8ba1d-a1a8-492c-a490-549b4a24c221","JG2 UX2",91,"2019-07-10 10:11:35","WindowsPlayer",NA,11,"TaskEvent",0,"0.11.235",-73.002326965332,-103.626602172852,58.9662780761719,0.284015834331512,-0.95881974697113,0,"Find Toppo's Posters,Crash Diagnostics - Mountains,U3 - Crash Side Quest P3","49,poster1;49,poster6;46,jasper;40,Find the supplies crate","Player_Base","0.11.235","TaskActiveEvent",74,"arfRoom",NA
"1107","5c54d3ace4194c47a14ee37f",4,"Development","e0e8ba1d-a1a8-492c-a490-549b4a24c221","JG3 UX3",182,"2019-02-01 11:17:55","WindowsPlayer",NA,11,"TaskEvent",0,"0.11.141",66.7399978637695,-2.96000003814697,0.792359113693237,-1,5.96046447753906e-08,0,"U1 - Welcome to WAT247",NA,"U1,U1_Quest","0.11.141","TaskProgressEvent",50,"infiltration",1
"1108","5c54d3f8e4194c47a14ee3f7",4,"Development","e0e8ba1d-a1a8-492c-a490-549b4a24c221","JG3 UX3",182,"2019-02-01 11:19:18","WindowsPlayer",NA,11,"TaskEvent",0,"0.11.141",66.7399978637695,-2.96000003814697,0.792359113693237,0.993571877479553,-0.113204002380371,0,"U1 - Welcome to WAT247","74,wakeup","U1,U1_Quest","0.11.141","TaskCompleteEvent",50,"infiltration",NA
"1109","5c54d3f8e4194c47a14ee3f8",4,"Development","e0e8ba1d-a1a8-492c-a490-549b4a24c221","JG3 UX3",182,"2019-02-01 11:19:18","WindowsPlayer",NA,11,"TaskEvent",0,"0.11.141",66.7399978637695,-2.96000003814697,0.792359113693237,0.993571877479553,-0.113204002380371,0,"U1 - Welcome to WAT247","74,wakeup","U1,U1_Quest","0.11.141","TaskActiveEvent",79,"followJasper",NA
"1110","5c54d3f8e4194c47a14ee3f9",4,"Development","e0e8ba1d-a1a8-492c-a490-549b4a24c221","JG3 UX3",182,"2019-02-01 11:19:18","WindowsPlayer",NA,11,"TaskEvent",0,"0.11.141",66.7399978637695,-2.96000003814697,0.792359113693237,0.993571877479553,-0.113204002380371,0,"U1 - Welcome to WAT247","74,wakeup;74,arfRoom","U1,U1_Quest","0.11.141","TaskCompleteEvent",79,"meetJasper",NA
"1111","5c54d538e4194c47a14ee577",4,"Development","e0e8ba1d-a1a8-492c-a490-549b4a24c221","JG3 UX3",182,"2019-02-01 11:24:35","WindowsPlayer",NA,11,"TaskEvent",0,"0.11.141",-0.360507696866989,-54.3361701965332,0.984734416007996,0.101054668426514,-0.994881153106689,0,"U1 - Welcome to WAT247","74,arfRoom","U1,U1_Quest","0.11.141","TaskProgressEvent",79,"meetJasper",1
"1112","5c54d538e4194c47a14ee579",4,"Development","e0e8ba1d-a1a8-492c-a490-549b4a24c221","JG3 UX3",182,"2019-02-01 11:24:35","WindowsPlayer",NA,11,"TaskEvent",0,"0.11.141",-0.360507696866989,-54.3361701965332,0.984734416007996,0.101054668426514,-0.994881153106689,0,"U1 - Welcome to WAT247,U1 - An Amazing AI",NA,"U1,U1_Quest","0.11.141","TaskProgressEvent",79,"followJasper",1
"1113","5c54d538e4194c47a14ee57b",4,"Development","e0e8ba1d-a1a8-492c-a490-549b4a24c221","JG3 UX3",182,"2019-02-01 11:24:35","WindowsPlayer",NA,11,"TaskEvent",0,"0.11.141",-0.360507696866989,-54.3361701965332,0.984734416007996,0.101054668426514,-0.994881153106689,0,"U1 - An Amazing AI","77,collectARF","U1,U1_Quest","0.11.141","TaskActiveEvent",79,"jumpDebris",NA
"1114","5c54d598e4194c47a14ee5b7",4,"Development","e0e8ba1d-a1a8-492c-a490-549b4a24c221","JG3 UX3",182,"2019-02-01 11:26:06","WindowsPlayer",NA,11,"TaskEvent",0,"0.11.141",66.7399978637695,-2.96000003814697,0.792359113693237,-0.999328434467316,-0.0366437435150146,0,"U1 - Welcome to WAT247",NA,"U1,U1_Quest","0.11.141","TaskCompleteEvent",79,"followJasper",NA
"1115","5c54d5e3e4194c47a14ee62b",4,"Development","e0e8ba1d-a1a8-492c-a490-549b4a24c221","JG3 UX3",182,"2019-02-01 11:27:25","WindowsPlayer",NA,11,"TaskEvent",0,"0.11.141",66.7399978637695,-2.96000003814697,0.792359113693237,0.995227336883545,-0.097583532333374,0,"U1 - Welcome to WAT247","74,wakeup","U1,U1_Quest","0.11.141","TaskProgressEvent",79,"escapePods",1
"1116","5c54d5e3e4194c47a14ee62c",4,"Development","e0e8ba1d-a1a8-492c-a490-549b4a24c221","JG3 UX3",182,"2019-02-01 11:27:25","WindowsPlayer",NA,11,"TaskEvent",0,"0.11.141",66.7399978637695,-2.96000003814697,0.792359113693237,0.995227336883545,-0.097583532333374,0,"U1 - Welcome to WAT247","74,wakeup","U1,U1_Quest","0.11.141","TaskCompleteEvent",79,"escapePods",NA
"1117","5c54d5e3e4194c47a14ee62d",4,"Development","e0e8ba1d-a1a8-492c-a490-549b4a24c221","JG3 UX3",182,"2019-02-01 11:27:25","WindowsPlayer",NA,11,"TaskEvent",0,"0.11.141",66.7399978637695,-2.96000003814697,0.792359113693237,0.995227336883545,-0.097583532333374,0,"U1 - Welcome to WAT247","74,wakeup;74,arfRoom","U1,U1_Quest","0.11.141","TaskActiveEvent",79,"enterPod",NA
"1118","5c54d606e4194c47a14ee69f",4,"Development","e0e8ba1d-a1a8-492c-a490-549b4a24c221","JG3 UX3",182,"2019-02-01 11:28:05","WindowsPlayer",NA,11,"TaskEvent",0,"0.11.141",0.0602294430136681,-54.3426818847656,0.984728634357452,-0.121869206428528,-0.992546081542969,0,"U1 - Welcome to WAT247","74,arfRoom","U1,U1_Quest","0.11.141","TaskCompleteEvent",79,"enterPod",NA
"1119","5c54d606e4194c47a14ee6a1",4,"Development","e0e8ba1d-a1a8-492c-a490-549b4a24c221","JG3 UX3",182,"2019-02-01 11:28:05","WindowsPlayer",NA,11,"TaskEvent",0,"0.11.141",0.0602294430136681,-54.3426818847656,0.984728634357452,-0.121869206428528,-0.992546081542969,0,"U1 - Welcome to WAT247,U1 - An Amazing AI",NA,"U1,U1_Quest","0.11.141","TaskProgressEvent",79,"enterPod",1
"1120","5c54d606e4194c47a14ee6a3",4,"Development","e0e8ba1d-a1a8-492c-a490-549b4a24c221","JG3 UX3",182,"2019-02-01 11:28:05","WindowsPlayer",NA,11,"TaskEvent",0,"0.11.141",0.0602294430136681,-54.3426818847656,0.984728634357452,-0.121869206428528,-0.992546081542969,0,"U1 - An Amazing AI","77,collectARF","U1,U1_Quest","0.11.141","TaskActiveEvent",49,"poster5",NA
"1121","5c54d66be4194c47a14ee73d",4,"Development","e0e8ba1d-a1a8-492c-a490-549b4a24c221","JG3 UX3",182,"2019-02-01 11:29:43","WindowsPlayer",NA,11,"TaskEvent",0,"0.11.141",0.29215544462204,-60.3274192810059,0.777678370475769,0.0279218014329672,-0.999610185623169,0,"U1 - An Amazing AI","77,collectARF","U1,U1_Quest","0.11.141","TaskActiveEvent",49,"poster3",NA
"1122","5c54d66be4194c47a14ee73e",4,"Development","e0e8ba1d-a1a8-492c-a490-549b4a24c221","JG3 UX3",182,"2019-02-01 11:29:43","WindowsPlayer",NA,11,"TaskEvent",0,"0.11.141",0.29215544462204,-60.3274192810059,0.777678370475769,0.0279218014329672,-0.999610185623169,0,"U1 - An Amazing AI","77,collectARF","U1,U1_Quest","0.11.141","TaskActiveEvent",49,"poster4",NA
"1123","5c54d66be4194c47a14ee73f",4,"Development","e0e8ba1d-a1a8-492c-a490-549b4a24c221","JG3 UX3",182,"2019-02-01 11:29:43","WindowsPlayer",NA,11,"TaskEvent",0,"0.11.141",0.29215544462204,-60.3274192810059,0.777678370475769,0.0279218014329672,-0.999610185623169,0,"U1 - An Amazing AI","77,collectARF;77,checkPoster","U1,U1_Quest","0.11.141","TaskActiveEvent",49,"poster1",NA
"1124","5c54d6c0e4194c47a14ee7cd",4,"Development","e0e8ba1d-a1a8-492c-a490-549b4a24c221","JG3 UX3",182,"2019-02-01 11:31:07","WindowsPlayer",NA,11,"TaskEvent",0,"0.11.141",-3.78175044059753,-62.0564804077148,0.777678370475769,-0.999993860721588,0.00349026918411255,0,"U1 - An Amazing AI","77,checkPoster","U1,U1_Quest","0.11.141","TaskActiveEvent",49,"poster2",NA
"1125","5c54d6c0e4194c47a14ee7ce",4,"Development","e0e8ba1d-a1a8-492c-a490-549b4a24c221","JG3 UX3",182,"2019-02-01 11:31:07","WindowsPlayer",NA,11,"TaskEvent",0,"0.11.141",-3.78175044059753,-62.0564804077148,0.777678370475769,-0.999993860721588,0.00349026918411255,0,"U1 - An Amazing AI","77,checkPoster","U1,U1_Quest","0.11.141","TaskActiveEvent",49,"poster6",NA
"1126","5c54d6c0e4194c47a14ee7cf",4,"Development","e0e8ba1d-a1a8-492c-a490-549b4a24c221","JG3 UX3",182,"2019-02-01 11:31:07","WindowsPlayer",NA,11,"TaskEvent",0,"0.11.141",-3.78175044059753,-62.0564804077148,0.777678370475769,-0.999993860721588,0.00349026918411255,0,"U1 - An Amazing AI","77,checkPoster;77,trialArg","U1,U1_Quest","0.11.141","TaskActiveEvent",51,"pod",NA
"1127","5c54d706e4194c47a14ee838",4,"Development","e0e8ba1d-a1a8-492c-a490-549b4a24c221","JG3 UX3",182,"2019-02-01 11:32:09","WindowsPlayer",NA,11,"TaskEvent",0,"0.11.141",-3.78175044059753,-62.0564804077148,0.777678370475769,-0.999993860721588,0.00349026918411255,0,"U1 - An Amazing AI","77,trialArg","U1,U1_Quest","0.11.141","TaskProgressEvent",51,"scrap",1
"1128","5c54d706e4194c47a14ee83a",4,"Development","e0e8ba1d-a1a8-492c-a490-549b4a24c221","JG3 UX3",182,"2019-02-01 11:32:09","WindowsPlayer",NA,11,"TaskEvent",0,"0.11.141",-3.78175044059753,-62.0564804077148,0.777678370475769,-0.999993860721588,0.00349026918411255,0,"U1 - An Amazing AI,U1 - Time to Argue!",NA,"U1,U1_Quest","0.11.141","TaskActiveEvent",59,"Get Ready",NA
"1129","5c54d706e4194c47a14ee83c",4,"Development","e0e8ba1d-a1a8-492c-a490-549b4a24c221","JG3 UX3",182,"2019-02-01 11:32:09","WindowsPlayer",NA,11,"TaskEvent",0,"0.11.141",-3.78175044059753,-62.0564804077148,0.777678370475769,-0.999993860721588,0.00349026918411255,0,"U1 - Time to Argue!","78,toppoTalk","U1,U1_Quest","0.11.141","TaskProgressEvent",51,"scrap",2
"1130","5c54d765e4194c47a14ee96d",4,"Development","e0e8ba1d-a1a8-492c-a490-549b4a24c221","JG3 UX3",182,"2019-02-01 11:33:50","WindowsPlayer",NA,11,"TaskEvent",0,"0.11.141",-65.3835296630859,-0.149190425872803,0.792359054088593,-0.810042142868042,0.586371779441833,0,"U1 - Time to Argue!","78,toppoTalk","U1,U1_Quest","0.11.141","TaskProgressEvent",51,"scrap",3
"1131","5c54d765e4194c47a14ee96e",4,"Development","e0e8ba1d-a1a8-492c-a490-549b4a24c221","JG3 UX3",182,"2019-02-01 11:33:50","WindowsPlayer",NA,11,"TaskEvent",0,"0.11.141",-65.3835296630859,-0.149190425872803,0.792359054088593,-0.810042142868042,0.586371779441833,0,"U1 - Time to Argue!","78,toppoTalk","U1,U1_Quest","0.11.141","TaskActiveEvent",51,"hoverboard",NA
"1132","5c54d765e4194c47a14ee96f",4,"Development","e0e8ba1d-a1a8-492c-a490-549b4a24c221","JG3 UX3",182,"2019-02-01 11:33:50","WindowsPlayer",NA,11,"TaskEvent",0,"0.11.141",-65.3835296630859,-0.149190425872803,0.792359054088593,-0.810042142868042,0.586371779441833,0,"U1 - Time to Argue!","78,toppoTalk;78,completeArg","U1,U1_Quest","0.11.141","TaskCompleteEvent",51,"scrap",NA
"1133","5c54d7e2e4194c47a14eea3b",4,"Development","e0e8ba1d-a1a8-492c-a490-549b4a24c221","JG3 UX3",182,"2019-02-01 11:36:01","WindowsPlayer",NA,11,"TaskEvent",0,"0.11.141",-65.3835296630859,-0.149190425872803,0.792359054088593,-0.753563761711121,0.657374739646912,0,"U1 - Time to Argue!","78,completeArg","U1,U1_Quest","0.11.141","TaskCompleteEvent",51,"communications",NA
"1134","5c54d7e2e4194c47a14eea3d",4,"Development","e0e8ba1d-a1a8-492c-a490-549b4a24c221","JG3 UX3",182,"2019-02-01 11:36:01","WindowsPlayer",NA,11,"TaskEvent",0,"0.11.141",-65.3835296630859,-0.149190425872803,0.792359054088593,-0.753563761711121,0.657374739646912,0,"U1 - Time to Argue!,U1 - Meet up with Jasper",NA,"U1,U1_Quest","0.11.141","TaskActiveEvent",20,"Find the team",NA
"1135","5c54d7e2e4194c47a14eea3f",4,"Development","e0e8ba1d-a1a8-492c-a490-549b4a24c221","JG3 UX3",182,"2019-02-01 11:36:01","WindowsPlayer",NA,11,"TaskEvent",0,"0.11.141",-65.3835296630859,-0.149190425872803,0.792359054088593,-0.753563761711121,0.657374739646912,0,"U1 - Meet up with Jasper","79,meetJasper","U1,U1_Quest","0.11.141","TaskProgressEvent",51,"communications",1
"1136","5c54d8a5e4194c47a14eec49",4,"Development","e0e8ba1d-a1a8-492c-a490-549b4a24c221","JG3 UX3",182,"2019-02-01 11:39:13","WindowsPlayer",NA,11,"TaskEvent",0,"0.11.141",22.6618270874023,0.466289609670639,0.787625253200531,0.817145586013794,0.576431274414062,0,"U1 - Meet up with Jasper","79,meetJasper","U1,U1_Quest","0.11.141","TaskProgressEvent",49,"poster2",1
"1137","5c54d8a5e4194c47a14eec4a",4,"Development","e0e8ba1d-a1a8-492c-a490-549b4a24c221","JG3 UX3",182,"2019-02-01 11:39:13","WindowsPlayer",NA,11,"TaskEvent",0,"0.11.141",22.6618270874023,0.466289609670639,0.787625253200531,0.817145586013794,0.576431274414062,0,"U1 - Meet up with Jasper","79,meetJasper","U1,U1_Quest","0.11.141","TaskCompleteEvent",49,"poster2",NA
"1138","5c54d8a5e4194c47a14eec4b",4,"Development","e0e8ba1d-a1a8-492c-a490-549b4a24c221","JG3 UX3",182,"2019-02-01 11:39:13","WindowsPlayer",NA,11,"TaskEvent",0,"0.11.141",22.6618270874023,0.466289609670639,0.787625253200531,0.817145586013794,0.576431274414062,0,"U1 - Meet up with Jasper","79,meetJasper;79,followJasper","U1,U1_Quest","0.11.141","TaskCompleteEvent",20,"Talk with Dr. Topo",NA
"1139","5c54d8bee4194c47a14eecab",4,"Development","e0e8ba1d-a1a8-492c-a490-549b4a24c221","JG3 UX3",182,"2019-02-01 11:39:39","WindowsPlayer",NA,11,"TaskEvent",0,"0.11.141",30.7566871643066,30.5458488464355,1.89583575725555,-0.755853176116943,0.654741227626801,0,"U1 - Meet up with Jasper","79,jumpDebris","U1,U1_Quest","0.11.141","TaskActiveEvent",22,"Talk to Anderson",NA
"1140","5c54d8bee4194c47a14eecac",4,"Development","e0e8ba1d-a1a8-492c-a490-549b4a24c221","JG3 UX3",182,"2019-02-01 11:39:39","WindowsPlayer",NA,11,"TaskEvent",0,"0.11.141",30.7566871643066,30.5458488464355,1.89583575725555,-0.755853176116943,0.654741227626801,0,"U1 - Meet up with Jasper","79,jumpDebris","U1,U1_Quest","0.11.141","TaskProgressEvent",20,"Talk with Dr. Topo",1
"1141","5c54d8bee4194c47a14eecad",4,"Development","e0e8ba1d-a1a8-492c-a490-549b4a24c221","JG3 UX3",182,"2019-02-01 11:39:39","WindowsPlayer",NA,11,"TaskEvent",0,"0.11.141",30.7566871643066,30.5458488464355,1.89583575725555,-0.755853176116943,0.654741227626801,0,"U1 - Meet up with Jasper","79,jumpDebris;79,escapePods","U1,U1_Quest","0.11.141","TaskProgressEvent",20,"Find the team",1
"1142","5c54d907e4194c47a14eed57",4,"Development","e0e8ba1d-a1a8-492c-a490-549b4a24c221","JG3 UX3",182,"2019-02-01 11:40:08","WindowsPlayer",NA,11,"TaskEvent",0,"0.11.141",-0.169525787234306,70.0439682006836,0.979999959468842,0.0958466380834579,0.995396137237549,0,"U1 - Meet up with Jasper","79,enterPod","U1,U1_Quest","0.11.141","TaskActiveEvent",20,"Talk with Dr. Topo",NA
"1143","5c54d907e4194c47a14eed59",4,"Development","e0e8ba1d-a1a8-492c-a490-549b4a24c221","JG3 UX3",182,"2019-02-01 11:40:08","WindowsPlayer",NA,11,"TaskEvent",0,"0.11.141",-0.169525787234306,70.0439682006836,0.979999959468842,0.0958466380834579,0.995396137237549,0,"",NA,"U1,U1_Quest","0.11.141","TaskCompleteEvent",20,"Find the team",NA
"1144","5c54d90ce4194c47a14eed76",4,"Development","e0e8ba1d-a1a8-492c-a490-549b4a24c221","JG3 UX3",182,"2019-02-01 11:40:57","WindowsPlayer",NA,11,"TaskEvent",0,"0.11.141",675.669982910156,1129.66003417969,98.5059509277344,-0.0232441276311874,-0.999729871749878,0,"Find Toppo's Posters",NA,"U2,U2_Collectibles,U2_Quests","0.11.141","TaskActiveEvent",46,"jasper",NA
"1145","5c54d90ce4194c47a14eed77",4,"Development","e0e8ba1d-a1a8-492c-a490-549b4a24c221","JG3 UX3",182,"2019-02-01 11:40:57","WindowsPlayer",NA,11,"TaskEvent",0,"0.11.141",675.669982910156,1129.66003417969,98.5059509277344,-0.0232441276311874,-0.999729871749878,0,"Find Toppo's Posters","49,poster1","U2,U2_Collectibles,U2_Quests","0.11.141","TaskCompleteEvent",6,"Investigate the Flood",NA
"1146","5c54d90ce4194c47a14eed78",4,"Development","e0e8ba1d-a1a8-492c-a490-549b4a24c221","JG3 UX3",182,"2019-02-01 11:40:57","WindowsPlayer",NA,11,"TaskEvent",0,"0.11.141",675.669982910156,1129.66003417969,98.5059509277344,-0.0232441276311874,-0.999729871749878,0,"Find Toppo's Posters","49,poster1;49,poster2","U2,U2_Collectibles,U2_Quests","0.11.141","TaskActiveEvent",80,"Scan the Armory Ceiling",NA
"1147","5c54d90ce4194c47a14eed79",4,"Development","e0e8ba1d-a1a8-492c-a490-549b4a24c221","JG3 UX3",182,"2019-02-01 11:40:57","WindowsPlayer",NA,11,"TaskEvent",0,"0.11.141",675.669982910156,1129.66003417969,98.5059509277344,-0.0232441276311874,-0.999729871749878,0,"Find Toppo's Posters","49,poster1;49,poster2;49,poster3","U2,U2_Collectibles,U2_Quests","0.11.141","TaskProgressEvent",6,"Investigate the Flood",1
"1148","5c54d90ce4194c47a14eed7a",4,"Development","e0e8ba1d-a1a8-492c-a490-549b4a24c221","JG3 UX3",182,"2019-02-01 11:40:57","WindowsPlayer",NA,11,"TaskEvent",0,"0.11.141",675.669982910156,1129.66003417969,98.5059509277344,-0.0232441276311874,-0.999729871749878,0,"Find Toppo's Posters","49,poster1;49,poster2;49,poster3;49,poster4","U2,U2_Collectibles,U2_Quests","0.11.141","TaskCompleteEvent",83,"Scan the Warehouse Depth",NA
"1149","5c54d90ce4194c47a14eed7b",4,"Development","e0e8ba1d-a1a8-492c-a490-549b4a24c221","JG3 UX3",182,"2019-02-01 11:40:57","WindowsPlayer",NA,11,"TaskEvent",0,"0.11.141",675.669982910156,1129.66003417969,98.5059509277344,-0.0232441276311874,-0.999729871749878,0,"Find Toppo's Posters","49,poster1;49,poster2;49,poster3;49,poster4;49,poster5","U2,U2_Collectibles,U2_Quests","0.11.141","TaskActiveEvent",12,"Who Flooded the Armory?",NA
"1150","5c54d91be4194c47a14eeda8",4,"Development","e0e8ba1d-a1a8-492c-a490-549b4a24c221","JG3 UX3",182,"2019-02-01 11:39:22","WindowsPlayer",NA,11,"TaskEvent",0,"0.11.141",35.5951881408691,23.9430389404297,0.979737460613251,-0.573575854301453,0.819152474403381,0,"U1 - Meet up with Jasper","79,followJasper","U1,U1_Quest","0.11.141","TaskProgressEvent",83,"Scan the Warehouse Depth",1
"1151","5c54d91be4194c47a14eeda9",4,"Development","e0e8ba1d-a1a8-492c-a490-549b4a24c221","JG3 UX3",182,"2019-02-01 11:39:22","WindowsPlayer",NA,11,"TaskEvent",0,"0.11.141",35.5951881408691,23.9430389404297,0.979737460613251,-0.573575854301453,0.819152474403381,0,"U1 - Meet up with Jasper","79,followJasper","U1,U1_Quest","0.11.141","TaskActiveEvent",22,"Talk to Sam",NA
"1152","5c54d91be4194c47a14eedaa",4,"Development","e0e8ba1d-a1a8-492c-a490-549b4a24c221","JG3 UX3",182,"2019-02-01 11:39:22","WindowsPlayer",NA,11,"TaskEvent",0,"0.11.141",35.5951881408691,23.9430389404297,0.979737460613251,-0.573575854301453,0.819152474403381,0,"U1 - Meet up with Jasper","79,followJasper;79,jumpDebris","U1,U1_Quest","0.11.141","TaskProgressEvent",22,"Talk to Anderson",1
"1153","5c54d935e4194c47a14eee17",4,"Development","e0e8ba1d-a1a8-492c-a490-549b4a24c221","JG3 UX3",182,"2019-02-01 11:39:48","WindowsPlayer",NA,11,"TaskEvent",0,"0.11.141",0.261252999305725,55.6662788391113,0.980474591255188,-0.0261760875582695,0.999657332897186,0,"U1 - Meet up with Jasper","79,escapePods","U1,U1_Quest","0.11.141","TaskCompleteEvent",22,"Talk to Anderson",NA
"1154","5c54d935e4194c47a14eee18",4,"Development","e0e8ba1d-a1a8-492c-a490-549b4a24c221","JG3 UX3",182,"2019-02-01 11:39:48","WindowsPlayer",NA,11,"TaskEvent",0,"0.11.141",0.261252999305725,55.6662788391113,0.980474591255188,-0.0261760875582695,0.999657332897186,0,"U1 - Meet up with Jasper","79,escapePods","U1,U1_Quest","0.11.141","TaskActiveEvent",22,"Talk to Bill",NA
"1155","5c54d935e4194c47a14eee19",4,"Development","e0e8ba1d-a1a8-492c-a490-549b4a24c221","JG3 UX3",182,"2019-02-01 11:39:48","WindowsPlayer",NA,11,"TaskEvent",0,"0.11.141",0.261252999305725,55.6662788391113,0.980474591255188,-0.0261760875582695,0.999657332897186,0,"U1 - Meet up with Jasper","79,escapePods;79,enterPod","U1,U1_Quest","0.11.141","TaskProgressEvent",22,"Talk to Sam",1
"1156","5c54d953e4194c47a14eee64",4,"Development","e0e8ba1d-a1a8-492c-a490-549b4a24c221","JG3 UX3",182,"2019-02-01 11:42:10","WindowsPlayer",NA,11,"TaskEvent",0,"0.11.141",676.19921875,1127.58068847656,98.3173522949219,0.0866009145975113,-0.996243119239807,0,"Find Toppo's Posters,What just happened?","49,poster1;49,poster2;49,poster3;49,poster4;49,poster5;49,poster6","U2,U2_Collectibles,U2_Quests","0.11.141","TaskCompleteEvent",22,"Talk to Sam",NA
"1157","5c54d953e4194c47a14eee6a",4,"Development","e0e8ba1d-a1a8-492c-a490-549b4a24c221","JG3 UX3",182,"2019-02-01 11:42:11","WindowsPlayer",NA,11,"TaskEvent",0,"0.11.141",676.120300292969,1126.18920898438,98.1839447021484,-0.0633463487029076,-0.997991561889648,0,"Find Toppo's Posters,What just happened?,Crash Diagnostics - Mountains","49,poster1;49,poster2;49,poster3;49,poster4;49,poster5;49,poster6;51,pod","U2,U2_Collectibles,U2_Quests","0.11.141","TaskActiveEvent",22,"Sample the east waterfall",NA
"1158","5c54d972e4194c47a14eee9b",4,"Development","e0e8ba1d-a1a8-492c-a490-549b4a24c221","JG3 UX3",182,"2019-02-01 11:42:28","WindowsPlayer",NA,11,"TaskEvent",0,"0.11.141",676.1298828125,1125.7900390625,98.1413726806641,-0.0842328146100044,-0.996446013450623,0,"Find Toppo's Posters,What just happened?,Crash Diagnostics - Mountains","49,poster1;49,poster2;49,poster3;49,poster4;49,poster5;49,poster6;51,pod;44,your pod","U2,U2_Collectibles,U2_Quests","0.11.141","TaskProgressEvent",22,"Talk to Bill",1
"1159","5c54d972e4194c47a14eee9d",4,"Development","e0e8ba1d-a1a8-492c-a490-549b4a24c221","JG3 UX3",182,"2019-02-01 11:42:28","WindowsPlayer",NA,11,"TaskEvent",0,"0.11.141",676.1298828125,1125.7900390625,98.1413726806641,-0.0842328146100044,-0.996446013450623,0,"Find Toppo's Posters,What just happened?","49,poster1;49,poster2;49,poster3;49,poster4;49,poster5;49,poster6;51,pod","U2,U2_Collectibles,U2_Quests","0.11.141","TaskCompleteEvent",22,"Talk to Bill",NA
"1160","5c54d990e4194c47a14eeecf",4,"Development","e0e8ba1d-a1a8-492c-a490-549b4a24c221","JG3 UX3",182,"2019-02-01 11:43:08","WindowsPlayer",NA,11,"TaskEvent",0,"0.11.141",676.1298828125,1125.7900390625,98.1413726806641,-0.282875716686249,-0.959156632423401,0,"Find Toppo's Posters,What just happened?","49,poster1;49,poster2;49,poster3;49,poster4;49,poster5;49,poster6;51,pod","U2,U2_Collectibles,U2_Quests","0.11.141","TaskActiveEvent",50,"infiltration",NA
"1161","5c54d990e4194c47a14eeed0",4,"Development","e0e8ba1d-a1a8-492c-a490-549b4a24c221","JG3 UX3",182,"2019-02-01 11:43:08","WindowsPlayer",NA,11,"TaskEvent",0,"0.11.141",676.1298828125,1125.7900390625,98.1413726806641,-0.282875716686249,-0.959156632423401,0,"Find Toppo's Posters,What just happened?","49,poster1;49,poster2;49,poster3;49,poster4;49,poster5;49,poster6;51,pod","U2,U2_Collectibles,U2_Quests","0.11.141","TaskActiveEvent",50,"energy",NA
"1162","5c54d990e4194c47a14eeed1",4,"Development","e0e8ba1d-a1a8-492c-a490-549b4a24c221","JG3 UX3",182,"2019-02-01 11:43:08","WindowsPlayer",NA,11,"TaskEvent",0,"0.11.141",676.1298828125,1125.7900390625,98.1413726806641,-0.282875716686249,-0.959156632423401,0,"Find Toppo's Posters,What just happened?","49,poster1;49,poster2;49,poster3;49,poster4;49,poster5;49,poster6;51,pod;51,scrap","U2,U2_Collectibles,U2_Quests","0.11.141","TaskActiveEvent",50,"watershed",NA
"1163","5c54d9c2e4194c47a14eef9a",4,"Development","e0e8ba1d-a1a8-492c-a490-549b4a24c221","JG3 UX3",182,"2019-02-01 11:44:01","WindowsPlayer",NA,11,"TaskEvent",0,"0.11.141",644.181335449219,1207.81713867188,107.767517089844,-0.999714851379395,-0.0238748788833618,0,"Find Toppo's Posters,What just happened?","49,poster1;49,poster2;49,poster3;49,poster4;49,poster5;49,poster6;51,scrap","U2,U2_Collectibles,U2_Quests","0.11.141","TaskActiveEvent",50,"dissolved materials",NA
"1164","5c54d9cce4194c47a14eefc2",4,"Development","e0e8ba1d-a1a8-492c-a490-549b4a24c221","JG3 UX3",182,"2019-02-01 11:44:11","WindowsPlayer",NA,11,"TaskEvent",0,"0.11.141",655.92138671875,1240.07507324219,107.767517089844,0.353996098041534,0.935246884822845,0,"Find Toppo's Posters,What just happened?","49,poster1;49,poster2;49,poster3;49,poster4;49,poster5;49,poster6;51,scrap","U2,U2_Collectibles,U2_Quests","0.11.141","TaskProgressEvent",50,"watershed",1
"1165","5c54d9cce4194c47a14eefc3",4,"Development","e0e8ba1d-a1a8-492c-a490-549b4a24c221","JG3 UX3",182,"2019-02-01 11:44:11","WindowsPlayer",NA,11,"TaskEvent",0,"0.11.141",655.92138671875,1240.07507324219,107.767517089844,0.353996098041534,0.935246884822845,0,"Find Toppo's Posters,What just happened?","49,poster1;49,poster2;49,poster3;49,poster4;49,poster5;49,poster6;51,scrap","U2,U2_Collectibles,U2_Quests","0.11.141","TaskCompleteEvent",50,"watershed",NA
"1166","5c54d9cce4194c47a14eefc6",4,"Development","e0e8ba1d-a1a8-492c-a490-549b4a24c221","JG3 UX3",182,"2019-02-01 11:44:11","WindowsPlayer",NA,11,"TaskEvent",0,"0.11.141",655.92138671875,1240.07507324219,107.767517089844,0.353996098041534,0.935246884822845,0,"Find Toppo's Posters,What just happened?","49,poster1;49,poster2;49,poster3;49,poster4;49,poster5;49,poster6;51,scrap;51,hoverboard","U2,U2_Collectibles,U2_Quests","0.11.141","TaskCompleteEvent",46,"jasper",NA
"1167","5c54d9fee4194c47a14ef08f",4,"Development","e0e8ba1d-a1a8-492c-a490-549b4a24c221","JG3 UX3",182,"2019-02-01 11:43:38","WindowsPlayer",NA,11,"TaskEvent",0,"0.11.141",710.640441894531,1217.958984375,107.185287475586,0.950342535972595,-0.311206221580505,0,"Find Toppo's Posters,What just happened?","49,poster1;49,poster2;49,poster3;49,poster4;49,poster5;49,poster6;51,scrap","U2,U2_Collectibles,U2_Quests","0.11.141","TaskProgressEvent",46,"jasper",1
"1168","5c54da71e4194c47a14ef25b",4,"Development","e0e8ba1d-a1a8-492c-a490-549b4a24c221","JG3 UX3",182,"2019-02-01 11:46:55","WindowsPlayer",NA,11,"TaskEvent",0,"0.11.141",727.382934570312,1514.44201660156,125.327453613281,0.978981018066406,0.2039515376091,0,"Find Toppo's Posters,What just happened?","49,poster1;49,poster2;49,poster3;49,poster4;49,poster5;49,poster6;51,communications","U2,U2_Collectibles,U2_Quests","0.11.141","TaskProgressEvent",22,"Sample the east waterfall",1
"1169","5c54da71e4194c47a14ef25c",4,"Development","e0e8ba1d-a1a8-492c-a490-549b4a24c221","JG3 UX3",182,"2019-02-01 11:46:55","WindowsPlayer",NA,11,"TaskEvent",0,"0.11.141",727.382934570312,1514.44201660156,125.327453613281,0.978981018066406,0.2039515376091,0,"Find Toppo's Posters,What just happened?","49,poster1;49,poster2;49,poster3;49,poster4;49,poster5;49,poster6;51,communications","U2,U2_Collectibles,U2_Quests","0.11.141","TaskActiveEvent",22,"Sample the west waterfall",NA
"1170","5c54da7ce4194c47a14ef284",4,"Development","e0e8ba1d-a1a8-492c-a490-549b4a24c221","JG3 UX3",182,"2019-02-01 11:45:15","WindowsPlayer",NA,11,"TaskEvent",0,"0.11.141",677.329956054688,1124.05114746094,97.9289398193359,-0.833229303359985,-0.552927732467651,0,"Find Toppo's Posters,What just happened?","49,poster1;49,poster2;49,poster3;49,poster4;49,poster5;49,poster6;51,hoverboard","U2,U2_Collectibles,U2_Quests","0.11.141","TaskCompleteEvent",22,"Sample the east waterfall",NA
"1171","5c54da7ce4194c47a14ef285",4,"Development","e0e8ba1d-a1a8-492c-a490-549b4a24c221","JG3 UX3",182,"2019-02-01 11:45:15","WindowsPlayer",NA,11,"TaskEvent",0,"0.11.141",677.329956054688,1124.05114746094,97.9289398193359,-0.833229303359985,-0.552927732467651,0,"Find Toppo's Posters,What just happened?","49,poster1;49,poster2;49,poster3;49,poster4;49,poster5;49,poster6;51,hoverboard","U2,U2_Collectibles,U2_Quests","0.11.141","TaskProgressEvent",44,"your pod",1
"1172","5c54da7ce4194c47a14ef286",4,"Development","e0e8ba1d-a1a8-492c-a490-549b4a24c221","JG3 UX3",182,"2019-02-01 11:45:15","WindowsPlayer",NA,11,"TaskEvent",0,"0.11.141",677.329956054688,1124.05114746094,97.9289398193359,-0.833229303359985,-0.552927732467651,0,"Find Toppo's Posters,What just happened?","49,poster1;49,poster2;49,poster3;49,poster4;49,poster5;49,poster6;51,hoverboard;51,communications","U2,U2_Collectibles,U2_Quests","0.11.141","TaskCompleteEvent",44,"your pod",NA
"1173","5c54da8be4194c47a14ef2be",4,"Development","e0e8ba1d-a1a8-492c-a490-549b4a24c221","JG3 UX3",182,"2019-02-01 11:47:20","WindowsPlayer",NA,11,"TaskEvent",0,"0.11.141",710.847717285156,1512.13708496094,126.455139160156,0.577404320240021,-0.816458225250244,0,"Find Toppo's Posters,What just happened?","49,poster1;49,poster3;49,poster4;49,poster5;49,poster6;51,communications","U2,U2_Collectibles,U2_Quests","0.11.141","TaskActiveEvent",84,"Spawn a Component",NA
"1174","5c54da8be4194c47a14ef2c0",4,"Development","e0e8ba1d-a1a8-492c-a490-549b4a24c221","JG3 UX3",182,"2019-02-01 11:47:20","WindowsPlayer",NA,11,"TaskEvent",0,"0.11.141",710.847717285156,1512.13708496094,126.455139160156,0.577404320240021,-0.816458225250244,0,"Find Toppo's Posters,What just happened?,Find the Team","49,poster1;49,poster3;49,poster4;49,poster5;49,poster6","U2,U2_Collectibles,U2_Quests","0.11.141","TaskProgressEvent",84,"Spawn a Component",1
"1175","5c54da8be4194c47a14ef2c5",4,"Development","e0e8ba1d-a1a8-492c-a490-549b4a24c221","JG3 UX3",182,"2019-02-01 11:47:20","WindowsPlayer",NA,11,"TaskEvent",0,"0.11.141",710.847717285156,1512.13708496094,126.455139160156,0.577404320240021,-0.816458225250244,0,"Find Toppo's Posters,Find the Team","49,poster1;49,poster3;49,poster4;49,poster5;49,poster6;20,Find the team","U2,U2_Collectibles,U2_Quests","0.11.141","TaskActiveEvent",84,"Identify a Component",NA
"1176","5c54dafae4194c47a14ef480",4,"Development","e0e8ba1d-a1a8-492c-a490-549b4a24c221","JG3 UX3",182,"2019-02-01 11:49:13","WindowsPlayer",NA,11,"TaskEvent",0,"0.11.141",1061.95532226562,1759.07238769531,105.478706359863,0.131706371903419,-0.991289138793945,0,"Find Toppo's Posters,Find the Team","49,poster1;49,poster3;49,poster4;49,poster5;49,poster6;20,Talk with Dr. Topo","U2,U2_Collectibles,U2_Quests","0.11.141","TaskCompleteEvent",84,"Spawn a Component",NA
"1177","5c54dafae4194c47a14ef482",4,"Development","e0e8ba1d-a1a8-492c-a490-549b4a24c221","JG3 UX3",182,"2019-02-01 11:49:13","WindowsPlayer",NA,11,"TaskEvent",0,"0.11.141",1061.95532226562,1759.07238769531,105.478706359863,0.131706371903419,-0.991289138793945,0,"Find Toppo's Posters,Find the Team,Settling WAT247","49,poster1;49,poster3;49,poster4;49,poster5;49,poster6","U2,U2_Collectibles,U2_Quests","0.11.141","TaskProgressEvent",83,"Scan the Warehouse Floor",1
"1178","5c54dafae4194c47a14ef484",4,"Development","e0e8ba1d-a1a8-492c-a490-549b4a24c221","JG3 UX3",182,"2019-02-01 11:49:13","WindowsPlayer",NA,11,"TaskEvent",0,"0.11.141",1061.95532226562,1759.07238769531,105.478706359863,0.131706371903419,-0.991289138793945,0,"Find Toppo's Posters,Settling WAT247","49,poster1;49,poster3;49,poster4;49,poster5;49,poster6;22,Talk to Anderson","U2,U2_Collectibles,U2_Quests","0.11.141","TaskActiveEvent",83,"Scan the Warehouse Depth",NA
"1179","5c54db04e4194c47a14ef49f",4,"Development","e0e8ba1d-a1a8-492c-a490-549b4a24c221","JG3 UX3",182,"2019-02-01 11:49:04","WindowsPlayer",NA,11,"TaskEvent",0,"0.11.141",1003.56042480469,1753.66064453125,116.822875976562,0.973705589771271,0.227810442447662,0,"Find Toppo's Posters,Find the Team","49,poster1;49,poster3;49,poster4;49,poster5;49,poster6;20,Find the team","U2,U2_Collectibles,U2_Quests","0.11.141","TaskCompleteEvent",83,"Scan the Warehouse Floor",NA
"1180","5c54db04e4194c47a14ef4a0",4,"Development","e0e8ba1d-a1a8-492c-a490-549b4a24c221","JG3 UX3",182,"2019-02-01 11:49:04","WindowsPlayer",NA,11,"TaskEvent",0,"0.11.141",1003.56042480469,1753.66064453125,116.822875976562,0.973705589771271,0.227810442447662,0,"Find Toppo's Posters,Find the Team","49,poster1;49,poster3;49,poster4;49,poster5;49,poster6;20,Find the team","U2,U2_Collectibles,U2_Quests","0.11.141","TaskCompleteEvent",75,"BackToGardens",NA
"1181","5c54db04e4194c47a14ef4a1",4,"Development","e0e8ba1d-a1a8-492c-a490-549b4a24c221","JG3 UX3",182,"2019-02-01 11:49:04","WindowsPlayer",NA,11,"TaskEvent",0,"0.11.141",1003.56042480469,1753.66064453125,116.822875976562,0.973705589771271,0.227810442447662,0,"Find Toppo's Posters,Find the Team","49,poster1;49,poster3;49,poster4;49,poster5;49,poster6;20,Find the team;20,Talk with Dr. Topo","U2,U2_Collectibles,U2_Quests","0.11.141","TaskActiveEvent",25,"Install Pumps",NA
"1182","5c54dba5e4194c47a14ef72c",4,"Development","e0e8ba1d-a1a8-492c-a490-549b4a24c221","JG3 UX3",182,"2019-02-01 11:52:00","WindowsPlayer",NA,11,"TaskEvent",0,"0.11.141",1043.0185546875,1740.40344238281,105.003295898438,0.0604943409562111,-0.998168468475342,0,"Find Toppo's Posters,Settling WAT247,Crash Diagnostics - Mountains","49,poster1;49,poster3;49,poster4;49,poster5;49,poster6;22,Talk to Anderson;46,jasper","U2,U2_Collectibles,U2_Quests","0.11.141","TaskProgressEvent",75,"BackToGardens",1
"1183","5c54dba5e4194c47a14ef72d",4,"Development","e0e8ba1d-a1a8-492c-a490-549b4a24c221","JG3 UX3",182,"2019-02-01 11:52:00","WindowsPlayer",NA,11,"TaskEvent",0,"0.11.141",1043.0185546875,1740.40344238281,105.003295898438,0.0604943409562111,-0.998168468475342,0,"Find Toppo's Posters,Settling WAT247,Crash Diagnostics - Mountains","49,poster1;49,poster3;49,poster4;49,poster5;49,poster6;22,Talk to Anderson;46,jasper","U2,U2_Collectibles,U2_Quests","0.11.141","TaskProgressEvent",82,"Scan the Mess Hall Ceiling",1
"1184","5c54dba5e4194c47a14ef72e",4,"Development","e0e8ba1d-a1a8-492c-a490-549b4a24c221","JG3 UX3",182,"2019-02-01 11:52:00","WindowsPlayer",NA,11,"TaskEvent",0,"0.11.141",1043.0185546875,1740.40344238281,105.003295898438,0.0604943409562111,-0.998168468475342,0,"Find Toppo's Posters,Settling WAT247,Crash Diagnostics - Mountains","49,poster1;49,poster3;49,poster4;49,poster5;49,poster6;22,Talk to Anderson;46,jasper;22,Talk to Sam","U2,U2_Collectibles,U2_Quests","0.11.141","TaskActiveEvent",82,"Scan the Mess Hall Floor",NA
"1185","5c54dbbee4194c47a14ef78a",4,"Development","e0e8ba1d-a1a8-492c-a490-549b4a24c221","JG3 UX3",182,"2019-02-01 11:52:25","WindowsPlayer",NA,11,"TaskEvent",0,"0.11.141",1058.59887695312,1734.65649414062,100.10969543457,0.920287847518921,-0.391241788864136,0,"Find Toppo's Posters,Settling WAT247,Crash Diagnostics - Mountains","49,poster1;49,poster3;49,poster4;49,poster5;49,poster6;46,jasper;22,Talk to Sam","U2,U2_Collectibles,U2_Quests","0.11.141","TaskCompleteEvent",82,"Scan the Mess Hall Ceiling",NA
"1186","5c54dbbee4194c47a14ef78b",4,"Development","e0e8ba1d-a1a8-492c-a490-549b4a24c221","JG3 UX3",182,"2019-02-01 11:52:25","WindowsPlayer",NA,11,"TaskEvent",0,"0.11.141",1058.59887695312,1734.65649414062,100.10969543457,0.920287847518921,-0.391241788864136,0,"Find Toppo's Posters,Settling WAT247,Crash Diagnostics - Mountains","49,poster1;49,poster3;49,poster4;49,poster5;49,poster6;46,jasper;22,Talk to Sam","U2,U2_Collectibles,U2_Quests","0.11.141","TaskCompleteEvent",49,"poster4",NA
"1187","5c54dbbee4194c47a14ef78c",4,"Development","e0e8ba1d-a1a8-492c-a490-549b4a24c221","JG3 UX3",182,"2019-02-01 11:52:25","WindowsPlayer",NA,11,"TaskEvent",0,"0.11.141",1058.59887695312,1734.65649414062,100.10969543457,0.920287847518921,-0.391241788864136,0,"Find Toppo's Posters,Settling WAT247,Crash Diagnostics - Mountains","49,poster1;49,poster3;49,poster4;49,poster5;49,poster6;46,jasper;22,Talk to Sam;22,Talk to Bill","U2,U2_Collectibles,U2_Quests","0.11.141","TaskProgressEvent",49,"poster4",1
"1188","5c54dbd7e4194c47a14ef7ef",4,"Development","e0e8ba1d-a1a8-492c-a490-549b4a24c221","JG3 UX3",182,"2019-02-01 11:52:46","WindowsPlayer",NA,11,"TaskEvent",0,"0.11.141",1051.87341308594,1730.79846191406,100.620330810547,-0.550943970680237,-0.834542393684387,0,"Find Toppo's Posters,Settling WAT247,Crash Diagnostics - Mountains","49,poster1;49,poster3;49,poster4;49,poster5;49,poster6;46,jasper;22,Talk to Bill","U2,U2_Collectibles,U2_Quests","0.11.141","TaskCompleteEvent",61,"Head to Bed",NA
"1189","5c54dbd7e4194c47a14ef7f0",4,"Development","e0e8ba1d-a1a8-492c-a490-549b4a24c221","JG3 UX3",182,"2019-02-01 11:52:46","WindowsPlayer",NA,11,"TaskEvent",0,"0.11.141",1051.87341308594,1730.79846191406,100.620330810547,-0.550943970680237,-0.834542393684387,0,"Find Toppo's Posters,Settling WAT247,Crash Diagnostics - Mountains","49,poster1;49,poster3;49,poster4;49,poster5;49,poster6;46,jasper;22,Talk to Bill","U2,U2_Collectibles,U2_Quests","0.11.141","TaskProgressEvent",61,"Head to Bed",1
"1190","5c54dbd7e4194c47a14ef7f1",4,"Development","e0e8ba1d-a1a8-492c-a490-549b4a24c221","JG3 UX3",182,"2019-02-01 11:52:46","WindowsPlayer",NA,11,"TaskEvent",0,"0.11.141",1051.87341308594,1730.79846191406,100.620330810547,-0.550943970680237,-0.834542393684387,0,"Find Toppo's Posters,Settling WAT247,Crash Diagnostics - Mountains","49,poster1;49,poster3;49,poster4;49,poster5;49,poster6;46,jasper;22,Talk to Bill;22,Sample the east waterfall","U2,U2_Collectibles,U2_Quests","0.11.141","TaskProgressEvent",84,"Identify a Component",1
"1191","5c54dc92e4194c47a14efad9",4,"Development","e0e8ba1d-a1a8-492c-a490-549b4a24c221","JG3 UX3",182,"2019-02-01 11:56:01","WindowsPlayer",NA,11,"TaskEvent",0,"0.11.141",1665.29919433594,289.534515380859,52.1641387939453,0.955114603042603,-0.296236991882324,0,"Find Toppo's Posters,Settling WAT247,Crash Diagnostics - Mountains","49,poster1;49,poster3;49,poster4;49,poster5;49,poster6;46,jasper;22,Sample the east waterfall","U2,U2_Collectibles,U2_Quests,U2_LeftWaterfall","0.11.141","TaskActiveEvent",84,"And all the rest",NA
"1192","5c54dc92e4194c47a14efada",4,"Development","e0e8ba1d-a1a8-492c-a490-549b4a24c221","JG3 UX3",182,"2019-02-01 11:56:01","WindowsPlayer",NA,11,"TaskEvent",0,"0.11.141",1665.29919433594,289.534515380859,52.1641387939453,0.955114603042603,-0.296236991882324,0,"Find Toppo's Posters,Settling WAT247,Crash Diagnostics - Mountains","49,poster1;49,poster3;49,poster4;49,poster5;49,poster6;46,jasper;22,Sample the east waterfall","U2,U2_Collectibles,U2_Quests,U2_LeftWaterfall","0.11.141","TaskCompleteEvent",84,"Identify a Component",NA
"1193","5c54dc92e4194c47a14efadb",4,"Development","e0e8ba1d-a1a8-492c-a490-549b4a24c221","JG3 UX3",182,"2019-02-01 11:56:01","WindowsPlayer",NA,11,"TaskEvent",0,"0.11.141",1665.29919433594,289.534515380859,52.1641387939453,0.955114603042603,-0.296236991882324,0,"Find Toppo's Posters,Settling WAT247,Crash Diagnostics - Mountains","49,poster1;49,poster3;49,poster4;49,poster5;49,poster6;46,jasper;22,Sample the east waterfall;22,Sample the west waterfall","U2,U2_Collectibles,U2_Quests,U2_LeftWaterfall","0.11.141","TaskActiveEvent",84,"Finish fixing ARF",NA
"1194","5c54dcede4194c47a14efc1a",4,"Development","e0e8ba1d-a1a8-492c-a490-549b4a24c221","JG3 UX3",182,"2019-02-01 11:57:28","WindowsPlayer",NA,11,"TaskEvent",0,"0.11.141",0,-50,0.980000019073486,-0.10626407712698,0.994337916374207,0,"Find Toppo's Posters,Settling WAT247,Crash Diagnostics - Mountains,Welcome to CREi","49,poster1;49,poster3;49,poster4;49,poster5;49,poster6;46,jasper;22,Sample the west waterfall","CREi","0.11.141","TaskProgressEvent",84,"And all the rest",1
"1195","5c54dd6fe4194c47a14efe18",4,"Development","e0e8ba1d-a1a8-492c-a490-549b4a24c221","JG3 UX3",182,"2019-02-01 11:58:22","WindowsPlayer",NA,11,"TaskEvent",0,"0.11.141",1.87992215156555,-39.6235084533691,0.980000019073486,0.120136901736259,0.992757320404053,0,"Find Toppo's Posters,Settling WAT247,Crash Diagnostics - Mountains,Welcome to CREi","49,poster1;49,poster3;49,poster4;49,poster5;49,poster6;46,jasper;22,Sample the west waterfall;84,Spawn a Component","CREi","0.11.141","TaskCompleteEvent",84,"And all the rest",NA
"1196","5c54dd6fe4194c47a14efe19",4,"Development","e0e8ba1d-a1a8-492c-a490-549b4a24c221","JG3 UX3",182,"2019-02-01 11:58:22","WindowsPlayer",NA,11,"TaskEvent",0,"0.11.141",1.87992215156555,-39.6235084533691,0.980000019073486,0.120136901736259,0.992757320404053,0,"Find Toppo's Posters,Settling WAT247,Crash Diagnostics - Mountains,Welcome to CREi","49,poster1;49,poster3;49,poster4;49,poster5;49,poster6;46,jasper;22,Sample the west waterfall;84,Spawn a Component","CREi","0.11.141","TaskCompleteEvent",78,"completeArg",NA
"1197","5c54dd6fe4194c47a14efe1a",4,"Development","e0e8ba1d-a1a8-492c-a490-549b4a24c221","JG3 UX3",182,"2019-02-01 11:58:22","WindowsPlayer",NA,11,"TaskEvent",0,"0.11.141",1.87992215156555,-39.6235084533691,0.980000019073486,0.120136901736259,0.992757320404053,0,"Find Toppo's Posters,Settling WAT247,Crash Diagnostics - Mountains,Welcome to CREi","49,poster1;49,poster3;49,poster4;49,poster5;49,poster6;46,jasper;22,Sample the west waterfall;84,Spawn a Component;84,Identify a Component","CREi","0.11.141","TaskActiveEvent",79,"meetJasper",NA
"1198","5c54ddcee4194c47a14eff97",4,"Development","e0e8ba1d-a1a8-492c-a490-549b4a24c221","JG3 UX3",182,"2019-02-01 12:00:31","WindowsPlayer",NA,11,"TaskEvent",0,"0.11.141",0.170000001788139,-38.7799987792969,0.980000019073486,-0.0732379928231239,0.997314512729645,0,"Find Toppo's Posters,Settling WAT247,Crash Diagnostics - Mountains,Welcome to CREi","49,poster1;49,poster3;49,poster4;49,poster5;49,poster6;46,jasper;22,Sample the west waterfall;84,Identify a Component","CREi","0.11.141","TaskProgressEvent",78,"completeArg",1
"1199","5c54ddcee4194c47a14eff98",4,"Development","e0e8ba1d-a1a8-492c-a490-549b4a24c221","JG3 UX3",182,"2019-02-01 12:00:31","WindowsPlayer",NA,11,"TaskEvent",0,"0.11.141",0.170000001788139,-38.7799987792969,0.980000019073486,-0.0732379928231239,0.997314512729645,0,"Find Toppo's Posters,Settling WAT247,Crash Diagnostics - Mountains,Welcome to CREi","49,poster1;49,poster3;49,poster4;49,poster5;49,poster6;46,jasper;22,Sample the west waterfall;84,Identify a Component","CREi","0.11.141","TaskProgressEvent",14,"Head back to Anderson",1
"1200","5c54ddcee4194c47a14eff99",4,"Development","e0e8ba1d-a1a8-492c-a490-549b4a24c221","JG3 UX3",182,"2019-02-01 12:00:31","WindowsPlayer",NA,11,"TaskEvent",0,"0.11.141",0.170000001788139,-38.7799987792969,0.980000019073486,-0.0732379928231239,0.997314512729645,0,"Find Toppo's Posters,Settling WAT247,Crash Diagnostics - Mountains,Welcome to CREi","49,poster1;49,poster3;49,poster4;49,poster5;49,poster6;46,jasper;22,Sample the west waterfall;84,Identify a Component;84,And all the rest","CREi","0.11.141","TaskActiveEvent",14,"overflow fountain",NA
"1201","5c54ddd3e4194c47a14effab",4,"Development","e0e8ba1d-a1a8-492c-a490-549b4a24c221","JG3 UX3",182,"2019-02-01 12:01:09","WindowsPlayer",NA,11,"TaskEvent",0,"0.11.141",0.170000001788139,-38.7799987792969,0.980000019073486,0.0209426321089268,0.999780654907227,0,"Find Toppo's Posters,Settling WAT247,Crash Diagnostics - Mountains,Welcome to CREi","49,poster1;49,poster3;49,poster4;49,poster5;49,poster6;46,jasper;22,Sample the west waterfall;84,And all the rest","CREi","0.11.141","TaskCompleteEvent",14,"Head back to Anderson",NA
"1202","5c54ddd3e4194c47a14effac",4,"Development","e0e8ba1d-a1a8-492c-a490-549b4a24c221","JG3 UX3",182,"2019-02-01 12:01:09","WindowsPlayer",NA,11,"TaskEvent",0,"0.11.141",0.170000001788139,-38.7799987792969,0.980000019073486,0.0209426321089268,0.999780654907227,0,"Find Toppo's Posters,Settling WAT247,Crash Diagnostics - Mountains,Welcome to CREi","49,poster1;49,poster3;49,poster4;49,poster5;49,poster6;46,jasper;22,Sample the west waterfall;84,And all the rest","CREi","0.11.141","TaskActiveEvent",59,"Head to the Desert",NA
"1203","5c54ddd3e4194c47a14effad",4,"Development","e0e8ba1d-a1a8-492c-a490-549b4a24c221","JG3 UX3",182,"2019-02-01 12:01:09","WindowsPlayer",NA,11,"TaskEvent",0,"0.11.141",0.170000001788139,-38.7799987792969,0.980000019073486,0.0209426321089268,0.999780654907227,0,"Find Toppo's Posters,Settling WAT247,Crash Diagnostics - Mountains,Welcome to CREi","49,poster1;49,poster3;49,poster4;49,poster5;49,poster6;46,jasper;22,Sample the west waterfall;84,And all the rest;84,Finish fixing ARF","CREi","0.11.141","TaskProgressEvent",59,"Get Ready",1
"1204","5c54dde7e4194c47a14effff",4,"Development","e0e8ba1d-a1a8-492c-a490-549b4a24c221","JG3 UX3",182,"2019-02-01 11:49:34","WindowsPlayer",NA,11,"TaskEvent",0,"0.11.141",1061.95532226562,1759.07238769531,105.478706359863,0.131706371903419,-0.991289138793945,0,"Find Toppo's Posters,Settling WAT247,Crash Diagnostics - Mountains","49,poster1;49,poster3;49,poster4;49,poster5;49,poster6;22,Talk to Anderson","U2,U2_Collectibles,U2_Quests","0.11.141","TaskCompleteEvent",59,"Get Ready",NA
"1205","5c54df13e4194c47a14f0273",4,"Development","e0e8ba1d-a1a8-492c-a490-549b4a24c221","JG3 UX3",182,"2019-02-01 12:06:39","WindowsPlayer",NA,11,"TaskEvent",0,"0.11.141",0.170000001788139,-38.7799987792969,0.980000019073486,0.461748272180557,0.887011051177979,0,"Find Toppo's Posters,Settling WAT247,Crash Diagnostics - Mountains,Welcome to CREi","49,poster1;49,poster3;49,poster4;49,poster5;49,poster6;46,jasper;22,Sample the west waterfall;84,Finish fixing ARF","CREi","0.11.141","TaskCompleteEvent",84,"Finish fixing ARF",NA
"1206","5c54df13e4194c47a14f0275",4,"Development","e0e8ba1d-a1a8-492c-a490-549b4a24c221","JG3 UX3",182,"2019-02-01 12:06:39","WindowsPlayer",NA,11,"TaskEvent",0,"0.11.141",0.170000001788139,-38.7799987792969,0.980000019073486,0.461748272180557,0.887011051177979,0,"Find Toppo's Posters,Settling WAT247,Crash Diagnostics - Mountains","49,poster1;49,poster3;49,poster4;49,poster5;49,poster6;46,jasper;22,Sample the west waterfall","CREi","0.11.141","TaskProgressEvent",84,"Finish fixing ARF",1
"1207","5c54dff8e4194c47a14f0517",4,"Development","e0e8ba1d-a1a8-492c-a490-549b4a24c221","JG3 UX3",182,"2019-02-01 12:10:06","WindowsPlayer",NA,11,"TaskEvent",0,"0.11.141",266.208648681641,300.744934082031,53.5132179260254,-0.999122858047485,-0.0418758392333984,0,"Find Toppo's Posters,Settling WAT247,Crash Diagnostics - Mountains","49,poster1;49,poster3;49,poster4;49,poster5;49,poster6;46,jasper;22,Sample the west waterfall","U2,U2_Collectibles,U2_Quests,U2_RightWaterfall","0.11.141","TaskActiveEvent",58,"Speak with Toppo",NA
"1208","5c54dff8e4194c47a14f051c",4,"Development","e0e8ba1d-a1a8-492c-a490-549b4a24c221","JG3 UX3",182,"2019-02-01 12:10:06","WindowsPlayer",NA,11,"TaskEvent",0,"0.11.141",266.208648681641,300.744934082031,53.5132179260254,-0.999122858047485,-0.0418758392333984,0,"Find Toppo's Posters,Settling WAT247,Crash Diagnostics - Mountains,The Largest Watershed","49,poster1;49,poster3;49,poster4;49,poster5;49,poster6;46,jasper","U2,U2_Collectibles,U2_Quests,U2_RightWaterfall","0.11.141","TaskCompleteEvent",28,"Argue which watershed is bigger",NA
"1209","5c54dff8e4194c47a14f051e",4,"Development","e0e8ba1d-a1a8-492c-a490-549b4a24c221","JG3 UX3",182,"2019-02-01 12:10:06","WindowsPlayer",NA,11,"TaskEvent",0,"0.11.141",266.208648681641,300.744934082031,53.5132179260254,-0.999122858047485,-0.0418758392333984,0,"Find Toppo's Posters,Crash Diagnostics - Mountains,The Largest Watershed","49,poster1;49,poster3;49,poster4;49,poster5;49,poster6;46,jasper;28,Talk to Holo-Toppo","U2,U2_Collectibles,U2_Quests,U2_RightWaterfall","0.11.141","TaskProgressEvent",28,"Argue which watershed is bigger",1
"1210","5c54e0a2e4194c47a14f07c5",4,"Development","e0e8ba1d-a1a8-492c-a490-549b4a24c221","JG3 UX3",182,"2019-02-01 12:13:12","WindowsPlayer",NA,11,"TaskEvent",0,"0.11.141",261.991271972656,296.248443603516,54.4418106079102,-0.522498548030853,-0.852640509605408,0,"Find Toppo's Posters,Crash Diagnostics - Mountains,The Largest Watershed","49,poster1;49,poster3;49,poster4;49,poster5;49,poster6;46,jasper;28,Talk to Holo-Toppo","U2,U2_Collectibles,U2_Quests,U2_RightWaterfall","0.11.141","TaskProgressEvent",28,"Talk to Holo-Toppo",1
"1211","5c54e0a2e4194c47a14f07c6",4,"Development","e0e8ba1d-a1a8-492c-a490-549b4a24c221","JG3 UX3",182,"2019-02-01 12:13:12","WindowsPlayer",NA,11,"TaskEvent",0,"0.11.141",261.991271972656,296.248443603516,54.4418106079102,-0.522498548030853,-0.852640509605408,0,"Find Toppo's Posters,Crash Diagnostics - Mountains,The Largest Watershed","49,poster1;49,poster3;49,poster4;49,poster5;49,poster6;46,jasper;28,Talk to Holo-Toppo","U2,U2_Collectibles,U2_Quests,U2_RightWaterfall","0.11.141","TaskActiveEvent",28,"Argue which watershed is bigger",NA
"1212","5c54e0a2e4194c47a14f07c9",4,"Development","e0e8ba1d-a1a8-492c-a490-549b4a24c221","JG3 UX3",182,"2019-02-01 12:13:12","WindowsPlayer",NA,11,"TaskEvent",0,"0.11.141",261.991271972656,296.248443603516,54.4418106079102,-0.522498548030853,-0.852640509605408,0,"Find Toppo's Posters,Crash Diagnostics - Mountains,The Largest Watershed","49,poster1;49,poster3;49,poster4;49,poster5;49,poster6;46,jasper;28,Talk to Holo-Toppo;28,Argue which watershed is bigger","U2,U2_Collectibles,U2_Quests,U2_RightWaterfall","0.11.141","TaskCompleteEvent",28,"Talk to Holo-Toppo",NA
"1213","5c54e0c5e4194c47a14f0843",4,"Development","e0e8ba1d-a1a8-492c-a490-549b4a24c221","JG3 UX3",182,"2019-02-01 12:13:48","WindowsPlayer",NA,11,"TaskEvent",0,"0.11.141",261.991271972656,296.248443603516,54.4418106079102,-0.715692639350891,-0.698415279388428,0,"Find Toppo's Posters,Crash Diagnostics - Mountains,The Largest Watershed","49,poster1;49,poster3;49,poster4;49,poster5;49,poster6;46,jasper;28,Argue which watershed is bigger","U2,U2_Collectibles,U2_Quests,U2_RightWaterfall","0.11.141","TaskProgressEvent",58,"Speak with Toppo",1
"1214","5c54e0c5e4194c47a14f0845",4,"Development","e0e8ba1d-a1a8-492c-a490-549b4a24c221","JG3 UX3",182,"2019-02-01 12:13:48","WindowsPlayer",NA,11,"TaskEvent",0,"0.11.141",261.991271972656,296.248443603516,54.4418106079102,-0.715692639350891,-0.698415279388428,0,"Find Toppo's Posters,Crash Diagnostics - Mountains,The Largest Watershed,Welcome home","49,poster1;49,poster3;49,poster4;49,poster5;49,poster6;46,jasper","U2,U2_Collectibles,U2_Quests,U2_RightWaterfall","0.11.141","TaskActiveEvent",58,"Jasper's Proposal",NA
"1215","5c54e0c5e4194c47a14f084a",4,"Development","e0e8ba1d-a1a8-492c-a490-549b4a24c221","JG3 UX3",182,"2019-02-01 12:13:48","WindowsPlayer",NA,11,"TaskEvent",0,"0.11.141",261.991271972656,296.248443603516,54.4418106079102,-0.715692639350891,-0.698415279388428,0,"Find Toppo's Posters,Crash Diagnostics - Mountains,Welcome home","49,poster1;49,poster3;49,poster4;49,poster5;49,poster6;46,jasper;58,Speak with Toppo","U2,U2_Collectibles,U2_Quests,U2_RightWaterfall","0.11.141","TaskCompleteEvent",58,"Speak with Toppo",NA
"1216","5c54e139e4194c47a14f0941",4,"Development","e0e8ba1d-a1a8-492c-a490-549b4a24c221","JG3 UX3",182,"2019-02-01 12:15:46","WindowsPlayer",NA,11,"TaskEvent",0,"0.11.141",91.9647369384766,104.310287475586,77.9805450439453,-0.986855685710907,0.161603629589081,0,"Find Toppo's Posters,Crash Diagnostics - Mountains,Welcome home","49,poster1;49,poster3;49,poster4;49,poster5;49,poster6;46,jasper;58,Speak with Toppo","Player_Base","0.11.141","TaskProgressEvent",58,"Jasper's Proposal",1
"1217","5c54e139e4194c47a14f0942",4,"Development","e0e8ba1d-a1a8-492c-a490-549b4a24c221","JG3 UX3",182,"2019-02-01 12:15:46","WindowsPlayer",NA,11,"TaskEvent",0,"0.11.141",91.9647369384766,104.310287475586,77.9805450439453,-0.986855685710907,0.161603629589081,0,"Find Toppo's Posters,Crash Diagnostics - Mountains,Welcome home","49,poster1;49,poster3;49,poster4;49,poster5;49,poster6;46,jasper;58,Speak with Toppo","Player_Base","0.11.141","TaskActiveEvent",58,"Head to bed",NA
"1218","5c54e139e4194c47a14f0943",4,"Development","e0e8ba1d-a1a8-492c-a490-549b4a24c221","JG3 UX3",182,"2019-02-01 12:15:46","WindowsPlayer",NA,11,"TaskEvent",0,"0.11.141",91.9647369384766,104.310287475586,77.9805450439453,-0.986855685710907,0.161603629589081,0,"Find Toppo's Posters,Crash Diagnostics - Mountains,Welcome home","49,poster1;49,poster3;49,poster4;49,poster5;49,poster6;46,jasper;58,Speak with Toppo;58,Jasper's Proposal","Player_Base","0.11.141","TaskCompleteEvent",58,"Jasper's Proposal",NA
"1219","5c54e194e4194c47a14f0a47",4,"Development","e0e8ba1d-a1a8-492c-a490-549b4a24c221","JG3 UX3",182,"2019-02-01 12:17:20","WindowsPlayer",NA,11,"TaskEvent",0,"0.11.141",134.651214599609,130.265869140625,77.9805145263672,0.999328374862671,0.036643922328949,0,"Find Toppo's Posters,Crash Diagnostics - Mountains,Welcome home","49,poster1;49,poster3;49,poster4;49,poster5;49,poster6;46,jasper;58,Head to bed","Player_Base","0.11.141","TaskProgressEvent",58,"Head to bed",1
"1220","5c54e194e4194c47a14f0a49",4,"Development","e0e8ba1d-a1a8-492c-a490-549b4a24c221","JG3 UX3",182,"2019-02-01 12:17:20","WindowsPlayer",NA,11,"TaskEvent",0,"0.11.141",134.651214599609,130.265869140625,77.9805145263672,0.999328374862671,0.036643922328949,0,"Find Toppo's Posters,Crash Diagnostics - Mountains","49,poster1;49,poster3;49,poster4;49,poster5;49,poster6;46,jasper","Player_Base","0.11.141","TaskActiveEvent",57,"Meet up with Sam",NA
"1221","5c54e194e4194c47a14f0a4b",4,"Development","e0e8ba1d-a1a8-492c-a490-549b4a24c221","JG3 UX3",182,"2019-02-01 12:17:20","WindowsPlayer",NA,11,"TaskEvent",0,"0.11.141",134.651214599609,130.265869140625,77.9805145263672,0.999328374862671,0.036643922328949,0,"Find Toppo's Posters,Crash Diagnostics - Mountains,Good Morning!","49,poster1;49,poster3;49,poster4;49,poster5;49,poster6;46,jasper","Player_Base","0.11.141","TaskCompleteEvent",58,"Head to bed",NA
"1222","5c54e19be4194c47a14f0a4e",4,"Development","e0e8ba1d-a1a8-492c-a490-549b4a24c221","JG3 UX3",182,"2019-02-01 12:17:08","WindowsPlayer",NA,11,"TaskEvent",0,"0.11.141",92.7840423583984,105.978233337402,77.9805068969727,-0.290702342987061,0.95681357383728,0,"Find Toppo's Posters,Crash Diagnostics - Mountains,Welcome home","49,poster1;49,poster3;49,poster4;49,poster5;49,poster6;46,jasper;58,Jasper's Proposal","Player_Base","0.11.141","TaskProgressEvent",25,"Install Pumps",2
"1223","5c54e19be4194c47a14f0a4f",4,"Development","e0e8ba1d-a1a8-492c-a490-549b4a24c221","JG3 UX3",182,"2019-02-01 12:17:08","WindowsPlayer",NA,11,"TaskEvent",0,"0.11.141",92.7840423583984,105.978233337402,77.9805068969727,-0.290702342987061,0.95681357383728,0,"Find Toppo's Posters,Crash Diagnostics - Mountains,Welcome home","49,poster1;49,poster3;49,poster4;49,poster5;49,poster6;46,jasper;58,Jasper's Proposal","Player_Base","0.11.141","TaskProgressEvent",3,"Restore Power to B2",1
"1224","5c54e19be4194c47a14f0a50",4,"Development","e0e8ba1d-a1a8-492c-a490-549b4a24c221","JG3 UX3",182,"2019-02-01 12:17:08","WindowsPlayer",NA,11,"TaskEvent",0,"0.11.141",92.7840423583984,105.978233337402,77.9805068969727,-0.290702342987061,0.95681357383728,0,"Find Toppo's Posters,Crash Diagnostics - Mountains,Welcome home","49,poster1;49,poster3;49,poster4;49,poster5;49,poster6;46,jasper;58,Jasper's Proposal;58,Head to bed","Player_Base","0.11.141","TaskActiveEvent",3,"Restore Power to B1",NA
"1225","5c61c891e4194c47a1560173",4,"Development","e0e8ba1d-a1a8-492c-a490-549b4a24c221","JG3 UX3",182,"2019-02-11 07:10:04","WindowsPlayer",NA,11,"TaskEvent",0,"0.11.141",6.34999990463257,616.760009765625,55.9760322570801,-0.977415859699249,0.21132493019104,0,"Good Morning!,Find Toppo's Posters,Crash Diagnostics - Mountains,Sam’s supplies","49,poster1;49,poster3;49,poster4;49,poster5;49,poster6;46,jasper","U3,U3_Collectibles,U3_Quests,U3_RiverSpline","0.11.141","TaskCompleteEvent",3,"Restore Power to B2",NA
"1226","5c61c891e4194c47a1560178",4,"Development","e0e8ba1d-a1a8-492c-a490-549b4a24c221","JG3 UX3",182,"2019-02-11 07:10:04","WindowsPlayer",NA,11,"TaskEvent",0,"0.11.141",6.34999990463257,616.760009765625,55.9760322570801,-0.977415859699249,0.21132493019104,0,"Good Morning!,Find Toppo's Posters,Crash Diagnostics - Mountains","57,Meet up with Sam;49,poster1;49,poster3;49,poster4;49,poster5;49,poster6;46,jasper","U3,U3_Collectibles,U3_Quests,U3_RiverSpline","0.11.141","TaskProgressEvent",51,"pod",1
"1227","5c61c891e4194c47a156017a",4,"Development","e0e8ba1d-a1a8-492c-a490-549b4a24c221","JG3 UX3",182,"2019-02-11 07:10:04","WindowsPlayer",NA,11,"TaskEvent",0,"0.11.141",6.34999990463257,616.760009765625,55.9760322570801,-0.977415859699249,0.21132493019104,0,"Find Toppo's Posters,Crash Diagnostics - Mountains,Sam’s supplies","49,poster1;49,poster3;49,poster4;49,poster5;49,poster6;46,jasper;27,Talk with Sam","U3,U3_Collectibles,U3_Quests,U3_RiverSpline","0.11.141","TaskActiveEvent",51,"scrap",NA
"1228","5c61c891e4194c47a156017b",4,"Development","e0e8ba1d-a1a8-492c-a490-549b4a24c221","JG3 UX3",182,"2019-02-11 07:10:04","WindowsPlayer",NA,11,"TaskEvent",0,"0.11.141",6.34999990463257,616.760009765625,55.9760322570801,-0.977415859699249,0.21132493019104,0,"Find Toppo's Posters,Crash Diagnostics - Mountains,Sam’s supplies,History of WAT247","49,poster1;49,poster3;49,poster4;49,poster5;49,poster6;46,jasper;27,Talk with Sam","U3,U3_Collectibles,U3_Quests,U3_RiverSpline","0.11.141","TaskCompleteEvent",51,"pod",NA
"1229","5c61c891e4194c47a156017c",4,"Development","e0e8ba1d-a1a8-492c-a490-549b4a24c221","JG3 UX3",182,"2019-02-11 07:10:04","WindowsPlayer",NA,11,"TaskEvent",0,"0.11.141",6.34999990463257,616.760009765625,55.9760322570801,-0.977415859699249,0.21132493019104,0,"Find Toppo's Posters,Crash Diagnostics - Mountains,Sam’s supplies,History of WAT247","49,poster1;49,poster3;49,poster4;49,poster5;49,poster6;46,jasper;27,Talk with Sam;50,watershed","U3,U3_Collectibles,U3_Quests,U3_RiverSpline","0.11.141","TaskActiveEvent",51,"communications",NA
"1230","5c61c891e4194c47a156017d",4,"Development","e0e8ba1d-a1a8-492c-a490-549b4a24c221","JG3 UX3",182,"2019-02-11 07:10:04","WindowsPlayer",NA,11,"TaskEvent",0,"0.11.141",6.34999990463257,616.760009765625,55.9760322570801,-0.977415859699249,0.21132493019104,0,"Find Toppo's Posters,Crash Diagnostics - Mountains,Sam’s supplies,History of WAT247","49,poster1;49,poster3;49,poster4;49,poster5;49,poster6;46,jasper;27,Talk with Sam;50,watershed;50,dissolved materials;50,infiltration","U3,U3_Collectibles,U3_Quests,U3_RiverSpline","0.11.141","TaskCompleteEvent",51,"hoverboard",NA
"1231","5c61c891e4194c47a1560180",4,"Development","e0e8ba1d-a1a8-492c-a490-549b4a24c221","JG3 UX3",182,"2019-02-11 07:10:04","WindowsPlayer",NA,11,"TaskEvent",0,"0.11.141",6.34999990463257,616.760009765625,55.9760322570801,-0.977415859699249,0.21132493019104,0,"Find Toppo's Posters,Crash Diagnostics - Mountains,Sam’s supplies,History of WAT247","49,poster1;49,poster3;49,poster4;49,poster5;49,poster6;46,jasper;27,Talk with Sam;50,watershed;50,dissolved materials","U3,U3_Collectibles,U3_Quests,U3_RiverSpline","0.11.141","TaskProgressEvent",51,"hoverboard",1
"1232","5c61c8c8e4194c47a156020f",4,"Development","e0e8ba1d-a1a8-492c-a490-549b4a24c221","JG3 UX3",182,"2019-02-11 07:10:57","WindowsPlayer",NA,11,"TaskEvent",0,"0.11.141",0.888813257217407,617.853332519531,55.9760322570801,-0.924546122550964,-0.381070733070374,0,"Find Toppo's Posters,Crash Diagnostics - Mountains,Sam’s supplies,History of WAT247","49,poster1;49,poster3;49,poster4;49,poster5;49,poster6;46,jasper;27,Talk with Sam;50,watershed;50,dissolved materials;50,infiltration;50,energy","U3,U3_Collectibles,U3_Quests,U3_RiverSpline","0.11.141","TaskActiveEvent",44,"your pod",NA
"1233","5c61c8c8e4194c47a1560210",4,"Development","e0e8ba1d-a1a8-492c-a490-549b4a24c221","JG3 UX3",182,"2019-02-11 07:10:57","WindowsPlayer",NA,11,"TaskEvent",0,"0.11.141",0.888813257217407,617.853332519531,55.9760322570801,-0.924546122550964,-0.381070733070374,0,"Find Toppo's Posters,Crash Diagnostics - Mountains,Sam’s supplies,History of WAT247","49,poster1;49,poster3;49,poster4;49,poster5;49,poster6;46,jasper;27,Talk with Sam;50,watershed;50,dissolved materials;50,infiltration;50,energy","U3,U3_Collectibles,U3_Quests,U3_RiverSpline","0.11.141","TaskActiveEvent",5,"Drill to the Water Table",NA
"1234","5c61c8c9e4194c47a156021b",4,"Development","e0e8ba1d-a1a8-492c-a490-549b4a24c221","JG3 UX3",182,"2019-02-11 07:10:57","WindowsPlayer",NA,11,"TaskEvent",0,"0.11.141",0.888813257217407,617.853332519531,55.9760322570801,-0.924546122550964,-0.381070733070374,0,"Find Toppo's Posters,Crash Diagnostics - Mountains,Sam’s supplies,History of WAT247","49,poster1;49,poster3;49,poster4;49,poster5;49,poster6;46,jasper;27,Talk with Sam;50,watershed;50,dissolved materials;50,infiltration;50,energy;27,Find the supplies","U3,U3_Collectibles,U3_Quests,U3_RiverSpline","0.11.141","TaskProgressEvent",5,"Retry the Controls",1
"1235","5c61c936e4194c47a156043d",4,"Development","e0e8ba1d-a1a8-492c-a490-549b4a24c221","JG3 UX3",182,"2019-02-11 07:12:03","WindowsPlayer",NA,11,"TaskEvent",0,"0.11.141",-178.204284667969,139.439193725586,94.7602233886719,-0.374605715274811,-0.927184224128723,0,"Find Toppo's Posters,Crash Diagnostics - Mountains,Sam’s supplies,History of WAT247","49,poster1;49,poster3;49,poster4;49,poster5;49,poster6;46,jasper;50,watershed;50,dissolved materials;50,infiltration;50,energy;27,Find the supplies;27,Deliver crates","U3,U3_Collectibles,U3_Quests,U3_RiverSpline","0.11.141","TaskCompleteEvent",22,"Sample the west waterfall",NA
"1236","5c61c937e4194c47a1560441",4,"Development","e0e8ba1d-a1a8-492c-a490-549b4a24c221","JG3 UX3",182,"2019-02-11 07:12:03","WindowsPlayer",NA,11,"TaskEvent",0,"0.11.141",-178.204284667969,139.439193725586,94.7602233886719,-0.374605715274811,-0.927184224128723,0,"Find Toppo's Posters,Crash Diagnostics - Mountains,Sam’s supplies,History of WAT247","49,poster1;49,poster3;49,poster4;49,poster5;49,poster6;46,jasper;50,watershed;50,dissolved materials;50,infiltration;50,energy;27,Find the supplies","U3,U3_Collectibles,U3_Quests,U3_RiverSpline","0.11.141","TaskCompleteEvent",5,"Retry the Controls",NA
"1237","5c61c937e4194c47a1560442",4,"Development","e0e8ba1d-a1a8-492c-a490-549b4a24c221","JG3 UX3",182,"2019-02-11 07:12:03","WindowsPlayer",NA,11,"TaskEvent",0,"0.11.141",-178.204284667969,139.439193725586,94.7602233886719,-0.374605715274811,-0.927184224128723,0,"Find Toppo's Posters,Crash Diagnostics - Mountains,Sam’s supplies,History of WAT247","49,poster1;49,poster3;49,poster4;49,poster5;49,poster6;46,jasper;50,watershed;50,dissolved materials;50,infiltration;50,energy;27,Find the supplies","U3,U3_Collectibles,U3_Quests,U3_RiverSpline","0.11.141","TaskActiveEvent",28,"Talk to Holo-Toppo",NA
"1238","5c61c94ae4194c47a156048a",4,"Development","e0e8ba1d-a1a8-492c-a490-549b4a24c221","JG3 UX3",182,"2019-02-11 07:13:10","WindowsPlayer",NA,11,"TaskEvent",0,"0.11.141",-298.052124023438,34.9916572570801,61.7505187988281,-0.869494259357452,-0.493942856788635,0,"Find Toppo's Posters,Crash Diagnostics - Mountains,Sam’s supplies,History of WAT247","49,poster1;49,poster3;49,poster4;49,poster5;49,poster6;46,jasper;50,watershed;50,dissolved materials;50,infiltration;50,energy;27,Deliver crates","U3,U3_Collectibles,U3_Quests,U3_RiverSpline","0.11.141","TaskProgressEvent",22,"Sample the west waterfall",1
"1239","5c61ca1de4194c47a15608d9",4,"Development","e0e8ba1d-a1a8-492c-a490-549b4a24c221","JG3 UX3",182,"2019-02-11 07:16:34","WindowsPlayer",NA,11,"TaskEvent",0,"0.11.141",8.51992034912109,-250.094955444336,60.1951751708984,0.929133355617523,-0.369745016098022,0,"Find Toppo's Posters,Crash Diagnostics - Mountains,Sam’s supplies,History of WAT247","49,poster1;49,poster3;49,poster4;49,poster5;49,poster6;46,jasper;50,watershed;50,dissolved materials;50,infiltration;50,energy;27,Deliver crates","U3,U3_Collectibles,U3_Quests,U3_RiverSpline","0.11.141","TaskProgressEvent",79,"jumpDebris",1
"1240","5c61ca36e4194c47a156095a",4,"Development","e0e8ba1d-a1a8-492c-a490-549b4a24c221","JG3 UX3",182,"2019-02-11 07:17:08","WindowsPlayer",NA,11,"TaskEvent",0,"0.11.141",44.5649871826172,88.985107421875,61.4419898986816,0.72896683216095,0.68454909324646,0,"Find Toppo's Posters,Crash Diagnostics - Mountains,History of WAT247,Sam’s base is polluted!","49,poster1;49,poster3;49,poster4;49,poster5;49,poster6;46,jasper;50,watershed;50,dissolved materials;50,infiltration;50,energy;24,Return to Sam","U3,U3_Collectibles,U3_Quests,U3_RiverSpline","0.11.141","TaskCompleteEvent",79,"jumpDebris",NA
"1241","5c61ca36e4194c47a156095f",4,"Development","e0e8ba1d-a1a8-492c-a490-549b4a24c221","JG3 UX3",182,"2019-02-11 07:17:08","WindowsPlayer",NA,11,"TaskEvent",0,"0.11.141",44.5649871826172,88.985107421875,61.4419898986816,0.72896683216095,0.68454909324646,0,"Find Toppo's Posters,Crash Diagnostics - Mountains,Sam’s supplies,History of WAT247","49,poster1;49,poster3;49,poster4;49,poster5;49,poster6;46,jasper;50,watershed;50,dissolved materials;50,infiltration;50,energy;27,Deliver crates","U3,U3_Collectibles,U3_Quests,U3_RiverSpline","0.11.141","TaskActiveEvent",79,"escapePods",NA
"1242","5c61ca36e4194c47a1560961",4,"Development","e0e8ba1d-a1a8-492c-a490-549b4a24c221","JG3 UX3",182,"2019-02-11 07:17:08","WindowsPlayer",NA,11,"TaskEvent",0,"0.11.141",44.5649871826172,88.985107421875,61.4419898986816,0.72896683216095,0.68454909324646,0,"Find Toppo's Posters,Crash Diagnostics - Mountains,Sam’s supplies,History of WAT247,Sam’s base is polluted!","49,poster1;49,poster3;49,poster4;49,poster5;49,poster6;46,jasper;50,watershed;50,dissolved materials;50,infiltration;50,energy","U3,U3_Collectibles,U3_Quests,U3_RiverSpline","0.11.141","TaskProgressEvent",81,"Scan the Living Quarters Ceiling",1
"1243","5c61cab8e4194c47a1560bbe",4,"Development","e0e8ba1d-a1a8-492c-a490-549b4a24c221","JG3 UX3",182,"2019-02-11 07:19:19","WindowsPlayer",NA,11,"TaskEvent",0,"0.11.141",0.139013051986694,618.662963867188,55.9760322570801,-0.736095011234283,-0.676878333091736,0,"Find Toppo's Posters,Crash Diagnostics - Mountains,History of WAT247,Sam’s base is polluted!","49,poster1;49,poster3;49,poster4;49,poster5;49,poster6;46,jasper;50,watershed;50,dissolved materials;50,infiltration;50,energy;24,Return to Sam","U3,U3_Collectibles,U3_Quests,U3_RiverSpline","0.11.141","TaskCompleteEvent",81,"Scan the Living Quarters Ceiling",NA
"1244","5c61cab8e4194c47a1560bc2",4,"Development","e0e8ba1d-a1a8-492c-a490-549b4a24c221","JG3 UX3",182,"2019-02-11 07:19:19","WindowsPlayer",NA,11,"TaskEvent",0,"0.11.141",0.139013051986694,618.662963867188,55.9760322570801,-0.736095011234283,-0.676878333091736,0,"Find Toppo's Posters,Crash Diagnostics - Mountains,History of WAT247,Sam’s base is polluted!","49,poster1;49,poster3;49,poster4;49,poster5;49,poster6;46,jasper;50,watershed;50,dissolved materials;50,infiltration;50,energy;24,Return to Sam","U3,U3_Collectibles,U3_Quests,U3_RiverSpline","0.11.141","TaskActiveEvent",81,"Scan the Living Quarters Floor",NA
"1245","5c61cab8e4194c47a1560bc3",4,"Development","e0e8ba1d-a1a8-492c-a490-549b4a24c221","JG3 UX3",182,"2019-02-11 07:19:19","WindowsPlayer",NA,11,"TaskEvent",0,"0.11.141",0.139013051986694,618.662963867188,55.9760322570801,-0.736095011234283,-0.676878333091736,0,"Find Toppo's Posters,Crash Diagnostics - Mountains,History of WAT247,Sam’s base is polluted!","49,poster1;49,poster3;49,poster4;49,poster5;49,poster6;46,jasper;50,watershed;50,dissolved materials;50,infiltration;50,energy;24,Return to Sam;24,Test the base's water","U3,U3_Collectibles,U3_Quests,U3_RiverSpline","0.11.141","TaskActiveEvent",3,"Restore Power to B2",NA
"1246","5c61cae5e4194c47a1560c70",4,"Development","e0e8ba1d-a1a8-492c-a490-549b4a24c221","JG3 UX3",182,"2019-02-11 07:20:03","WindowsPlayer",NA,11,"TaskEvent",0,"0.11.141",96.1489868164062,589.508117675781,55.5679740905762,0.767167210578918,-0.641447424888611,0,"Find Toppo's Posters,Crash Diagnostics - Mountains,History of WAT247,Sam’s base is polluted!","49,poster1;49,poster3;49,poster4;49,poster5;49,poster6;46,jasper;50,watershed;50,dissolved materials;50,infiltration;50,energy;24,Test the base's water","U3,U3_Collectibles,U3_Quests,U3_RiverSpline","0.11.141","TaskCompleteEvent",3,"Restore Power to B3",NA
"1247","5c61cae5e4194c47a1560c78",4,"Development","e0e8ba1d-a1a8-492c-a490-549b4a24c221","JG3 UX3",182,"2019-02-11 07:20:03","WindowsPlayer",NA,11,"TaskEvent",0,"0.11.141",96.1489868164062,589.508117675781,55.5679740905762,0.767167210578918,-0.641447424888611,0,"Find Toppo's Posters,Crash Diagnostics - Mountains,History of WAT247,Sam’s base is polluted!","49,poster1;49,poster3;49,poster4;49,poster5;49,poster6;46,jasper;50,watershed;50,dissolved materials;50,infiltration;50,energy;24,Test the base's water","U3,U3_Collectibles,U3_Quests,U3_RiverSpline","0.11.141","TaskCompleteEvent",2,"Enter the Building",NA
"1248","5c61cae5e4194c47a1560c79",4,"Development","e0e8ba1d-a1a8-492c-a490-549b4a24c221","JG3 UX3",182,"2019-02-11 07:20:03","WindowsPlayer",NA,11,"TaskEvent",0,"0.11.141",96.1489868164062,589.508117675781,55.5679740905762,0.767167210578918,-0.641447424888611,0,"Find Toppo's Posters,Crash Diagnostics - Mountains,History of WAT247,Sam’s base is polluted!","49,poster1;49,poster3;49,poster4;49,poster5;49,poster6;46,jasper;50,watershed;50,dissolved materials;50,infiltration;50,energy;24,Test the base's water;24,Trace the pollutant","U3,U3_Collectibles,U3_Quests,U3_RiverSpline","0.11.141","TaskProgressEvent",2,"Enter the Building",1
"1249","5c61ccdfe4194c47a15614c0",4,"Development","e0e8ba1d-a1a8-492c-a490-549b4a24c221","JG3 UX3",182,"2019-02-11 07:28:24","WindowsPlayer",NA,11,"TaskEvent",0,"0.11.141",-0.622883081436157,615.165405273438,55.9760322570801,0.340384602546692,-0.94028639793396,0,"Find Toppo's Posters,Crash Diagnostics - Mountains,History of WAT247,Sam’s base is polluted!","49,poster1;49,poster3;49,poster4;49,poster5;49,poster6;46,jasper;50,watershed;50,dissolved materials;50,infiltration;50,energy;24,Trace the pollutant","U3,U3_Collectibles,U3_Quests,U3_RiverSpline","0.11.141","TaskProgressEvent",3,"Restore Power to B3",1
"1250","5c61ccdfe4194c47a15614c1",4,"Development","e0e8ba1d-a1a8-492c-a490-549b4a24c221","JG3 UX3",182,"2019-02-11 07:28:24","WindowsPlayer",NA,11,"TaskEvent",0,"0.11.141",-0.622883081436157,615.165405273438,55.9760322570801,0.340384602546692,-0.94028639793396,0,"Find Toppo's Posters,Crash Diagnostics - Mountains,History of WAT247,Sam’s base is polluted!","49,poster1;49,poster3;49,poster4;49,poster5;49,poster6;46,jasper;50,watershed;50,dissolved materials;50,infiltration;50,energy;24,Trace the pollutant","U3,U3_Collectibles,U3_Quests,U3_RiverSpline","0.11.141","TaskActiveEvent",2,"Try the Controls",NA
"1251","5c61cdede4194c47a156192b",4,"Development","e0e8ba1d-a1a8-492c-a490-549b4a24c221","JG3 UX3",182,"2019-02-11 07:32:55","WindowsPlayer",NA,11,"TaskEvent",0,"0.11.141",646.5908203125,-278.967926025391,54.9799995422363,0.413100063800812,0.910685658454895,0,"Find Toppo's Posters,Crash Diagnostics - Mountains,History of WAT247,Sam’s base is polluted!","49,poster1;49,poster4;49,poster5;49,poster6;46,jasper;50,watershed;50,dissolved materials;50,infiltration;50,energy;24,Open the Claimer System","U3,U3_Collectibles,U3_Quests,U3_RiverSpline","0.11.141","TaskProgressEvent",14,"fountain1",1
"1252","5c61cdede4194c47a1561930",4,"Development","e0e8ba1d-a1a8-492c-a490-549b4a24c221","JG3 UX3",182,"2019-02-11 07:32:55","WindowsPlayer",NA,11,"TaskEvent",0,"0.11.141",646.5908203125,-278.967926025391,54.9799995422363,0.413100063800812,0.910685658454895,0,"Find Toppo's Posters,Crash Diagnostics - Mountains,History of WAT247,Sam’s base is polluted!,The Pollutant","49,poster1;49,poster4;49,poster5;49,poster6;46,jasper;50,watershed;50,dissolved materials;50,infiltration;50,energy","U3,U3_Collectibles,U3_Quests,U3_RiverSpline","0.11.141","TaskActiveEvent",14,"fountain2",NA
"1253","5c61cdede4194c47a1561939",4,"Development","e0e8ba1d-a1a8-492c-a490-549b4a24c221","JG3 UX3",182,"2019-02-11 07:32:55","WindowsPlayer",NA,11,"TaskEvent",0,"0.11.141",646.5908203125,-278.967926025391,54.9799995422363,0.413100063800812,0.910685658454895,0,"Find Toppo's Posters,Crash Diagnostics - Mountains,History of WAT247,The Pollutant","49,poster1;49,poster4;49,poster5;49,poster6;46,jasper;50,watershed;50,dissolved materials;50,infiltration;50,energy;0,Convince Bill the pollutant is nearby","U3,U3_Collectibles,U3_Quests,U3_RiverSpline","0.11.141","TaskCompleteEvent",14,"fountain1",NA
"1254","5c61ce01e4194c47a156199e",4,"Development","e0e8ba1d-a1a8-492c-a490-549b4a24c221","JG3 UX3",182,"2019-02-11 07:31:57","WindowsPlayer",NA,11,"TaskEvent",0,"0.11.141",627.936767578125,-297.039947509766,54.9800033569336,0.55629163980484,0.830987155437469,0,"Find Toppo's Posters,Crash Diagnostics - Mountains,History of WAT247,Sam’s base is polluted!","49,poster1;49,poster4;49,poster5;49,poster6;46,jasper;50,watershed;50,dissolved materials;50,infiltration;50,energy;24,Trace the pollutant;24,Open the Claimer System","U3,U3_Collectibles,U3_Quests,U3_RiverSpline","0.11.141","TaskActiveEvent",74,"wakeup",NA
"1255","5c61ce01e4194c47a15619a2",4,"Development","e0e8ba1d-a1a8-492c-a490-549b4a24c221","JG3 UX3",182,"2019-02-11 07:31:57","WindowsPlayer",NA,11,"TaskEvent",0,"0.11.141",627.936767578125,-297.039947509766,54.9800033569336,0.55629163980484,0.830987155437469,0,"Find Toppo's Posters,Crash Diagnostics - Mountains,History of WAT247,Sam’s base is polluted!","49,poster1;49,poster4;49,poster5;49,poster6;46,jasper;50,watershed;50,dissolved materials;50,infiltration;50,energy;24,Trace the pollutant","U3,U3_Collectibles,U3_Quests,U3_RiverSpline","0.11.141","TaskActiveEvent",81,"Scan the Living Quarters Floor",NA
"1256","5c61ce02e4194c47a15619a6",4,"Development","e0e8ba1d-a1a8-492c-a490-549b4a24c221","JG3 UX3",182,"2019-02-11 07:31:57","WindowsPlayer",NA,11,"TaskEvent",0,"0.11.141",627.936767578125,-297.039947509766,54.9800033569336,0.55629163980484,0.830987155437469,0,"Find Toppo's Posters,Crash Diagnostics - Mountains,History of WAT247,Sam’s base is polluted!","49,poster1;49,poster4;49,poster5;49,poster6;46,jasper;50,watershed;50,dissolved materials;50,infiltration;50,energy;24,Trace the pollutant","U3,U3_Collectibles,U3_Quests,U3_RiverSpline","0.11.141","TaskProgressEvent",81,"Scan the Living Quarters Ceiling",1
"1257","5c61ce65e4194c47a1561b28",4,"Development","e0e8ba1d-a1a8-492c-a490-549b4a24c221","JG3 UX3",182,"2019-02-11 07:14:31","WindowsPlayer",NA,11,"TaskEvent",0,"0.11.141",93.9393081665039,-90.4408569335938,64.0331649780273,0.999262988567352,0.0383901596069336,0,"Find Toppo's Posters,Crash Diagnostics - Mountains,Sam’s supplies,History of WAT247","49,poster1;49,poster3;49,poster4;49,poster5;49,poster6;46,jasper;50,watershed;50,dissolved materials;50,infiltration;50,energy;27,Deliver crates","U3,U3_Collectibles,U3_Quests,U3_RiverSpline","0.11.141","TaskCompleteEvent",81,"Scan the Living Quarters Ceiling",NA
"1258","5c61ced4e4194c47a1561d4d",4,"Development","e0e8ba1d-a1a8-492c-a490-549b4a24c221","JG3 UX3",182,"2019-02-11 07:36:45","WindowsPlayer",NA,11,"TaskEvent",0,"0.11.141",618.779235839844,-228.212890625,64.1843109130859,-0.846195459365845,0.532872676849365,0,"Find Toppo's Posters,Crash Diagnostics - Mountains,History of WAT247,The Pollutant","49,poster1;49,poster4;49,poster5;49,poster6;46,jasper;50,watershed;50,dissolved materials;50,infiltration;50,energy;0,Convince Bill the pollutant is nearby","U3,U3_Collectibles,U3_Quests,U3_RiverSpline","0.11.141","TaskActiveEvent",50,"watershed",NA
"1259","5c61ced4e4194c47a1561d4e",4,"Development","e0e8ba1d-a1a8-492c-a490-549b4a24c221","JG3 UX3",182,"2019-02-11 07:36:45","WindowsPlayer",NA,11,"TaskEvent",0,"0.11.141",618.779235839844,-228.212890625,64.1843109130859,-0.846195459365845,0.532872676849365,0,"Find Toppo's Posters,Crash Diagnostics - Mountains,History of WAT247,The Pollutant","49,poster1;49,poster4;49,poster5;49,poster6;46,jasper;50,watershed;50,dissolved materials;50,infiltration;50,energy;0,Convince Bill the pollutant is nearby","U3,U3_Collectibles,U3_Quests,U3_RiverSpline","0.11.141","TaskActiveEvent",50,"dissolved materials",NA
"1260","5c61ced4e4194c47a1561d57",4,"Development","e0e8ba1d-a1a8-492c-a490-549b4a24c221","JG3 UX3",182,"2019-02-11 07:36:45","WindowsPlayer",NA,11,"TaskEvent",0,"0.11.141",618.779235839844,-228.212890625,64.1843109130859,-0.846195459365845,0.532872676849365,0,"Find Toppo's Posters,Crash Diagnostics - Mountains,History of WAT247,The Pollutant","49,poster1;49,poster4;49,poster5;49,poster6;46,jasper;50,watershed;50,dissolved materials;50,infiltration;50,energy;0,Convince Bill the pollutant is nearby;0,Identify pollutant","U3,U3_Collectibles,U3_Quests,U3_RiverSpline","0.11.141","TaskActiveEvent",50,"infiltration",NA
"1261","5c61cf0be4194c47a1561e2f",4,"Development","e0e8ba1d-a1a8-492c-a490-549b4a24c221","JG3 UX3",182,"2019-02-11 07:37:34","WindowsPlayer",NA,11,"TaskEvent",0,"0.11.141",618.779235839844,-228.212890625,64.1843109130859,-0.846195459365845,0.532872676849365,0,"Find Toppo's Posters,Crash Diagnostics - Mountains,History of WAT247,The Pollutant","49,poster1;49,poster4;49,poster5;49,poster6;46,jasper;50,watershed;50,dissolved materials;50,infiltration;50,energy;0,Identify pollutant","U3,U3_Collectibles,U3_Quests,U3_RiverSpline","0.11.141","TaskCompleteEvent",57,"Meet up with Sam",NA
"1262","5c61cf0be4194c47a1561e30",4,"Development","e0e8ba1d-a1a8-492c-a490-549b4a24c221","JG3 UX3",182,"2019-02-11 07:37:34","WindowsPlayer",NA,11,"TaskEvent",0,"0.11.141",618.779235839844,-228.212890625,64.1843109130859,-0.846195459365845,0.532872676849365,0,"Find Toppo's Posters,Crash Diagnostics - Mountains,History of WAT247,The Pollutant","49,poster1;49,poster4;49,poster5;49,poster6;46,jasper;50,watershed;50,dissolved materials;50,infiltration;50,energy;0,Identify pollutant;0,Talk with Sam","U3,U3_Collectibles,U3_Quests,U3_RiverSpline","0.11.141","TaskActiveEvent",27,"Talk with Sam",NA
"1263","5c61cf0be4194c47a1561e38",4,"Development","e0e8ba1d-a1a8-492c-a490-549b4a24c221","JG3 UX3",182,"2019-02-11 07:37:34","WindowsPlayer",NA,11,"TaskEvent",0,"0.11.141",618.779235839844,-228.212890625,64.1843109130859,-0.846195459365845,0.532872676849365,0,"Find Toppo's Posters,Crash Diagnostics - Mountains,History of WAT247,The Pollutant","49,poster1;49,poster4;49,poster5;49,poster6;46,jasper;50,watershed;50,dissolved materials;50,infiltration;50,energy;0,Identify pollutant","U3,U3_Collectibles,U3_Quests,U3_RiverSpline","0.11.141","TaskProgressEvent",57,"Meet up with Sam",1
"1264","5c61cf56e4194c47a1561f77",4,"Development","e0e8ba1d-a1a8-492c-a490-549b4a24c221","JG3 UX3",182,"2019-02-11 07:38:51","WindowsPlayer",NA,11,"TaskEvent",0,"0.11.141",5.54998779296875,626.559997558594,56.9300003051758,-0.772620797157288,-0.633005142211914,-0.0486011281609535,"Find Toppo's Posters,Crash Diagnostics - Mountains,History of WAT247,The Pollutant","49,poster1;49,poster4;49,poster5;49,poster6;46,jasper;50,watershed;50,dissolved materials;50,infiltration;50,energy;0,Talk with Sam","U3,U3_Collectibles,U3_Quests,U3_RiverSpline","0.11.141","TaskActiveEvent",50,"energy",NA
"1265","5c61cf56e4194c47a1561f79",4,"Development","e0e8ba1d-a1a8-492c-a490-549b4a24c221","JG3 UX3",182,"2019-02-11 07:38:51","WindowsPlayer",NA,11,"TaskEvent",0,"0.11.141",5.54998779296875,626.559997558594,56.9300003051758,-0.772620797157288,-0.633005142211914,-0.0486011281609535,"Find Toppo's Posters,Crash Diagnostics - Mountains,History of WAT247,The Pollutant,Alien Gardens","49,poster1;49,poster4;49,poster5;49,poster6;46,jasper;50,watershed;50,dissolved materials;50,infiltration;50,energy","U3,U3_Collectibles,U3_Quests,U3_RiverSpline","0.11.141","TaskActiveEvent",27,"Find the supplies",NA
"1266","5c61cf56e4194c47a1561f7d",4,"Development","e0e8ba1d-a1a8-492c-a490-549b4a24c221","JG3 UX3",182,"2019-02-11 07:38:51","WindowsPlayer",NA,11,"TaskEvent",0,"0.11.141",5.54998779296875,626.559997558594,56.9300003051758,-0.772620797157288,-0.633005142211914,-0.0486011281609535,"Find Toppo's Posters,Crash Diagnostics - Mountains,History of WAT247,Alien Gardens","49,poster1;49,poster4;49,poster5;49,poster6;46,jasper;50,watershed;50,dissolved materials;50,infiltration;50,energy;86,Talk to Sam","U3,U3_Collectibles,U3_Quests,U3_RiverSpline","0.11.141","TaskCompleteEvent",27,"Talk with Sam",NA
"1267","5c61cf5be4194c47a1561f8c",4,"Development","e0e8ba1d-a1a8-492c-a490-549b4a24c221","JG3 UX3",182,"2019-02-11 07:39:05","WindowsPlayer",NA,11,"TaskEvent",0,"0.11.141",-0.157341286540031,616.075378417969,55.9760322570801,-0.358372807502747,0.933578550815582,0,"Find Toppo's Posters,Crash Diagnostics - Mountains,History of WAT247,Alien Gardens","49,poster1;49,poster4;49,poster5;49,poster6;46,jasper;50,watershed;50,dissolved materials;50,infiltration;50,energy;86,Talk to Sam","U3,U3_Collectibles,U3_Quests,U3_RiverSpline","0.11.141","TaskProgressEvent",27,"Talk with Sam",1
"1268","5c61cf5be4194c47a1561f8d",4,"Development","e0e8ba1d-a1a8-492c-a490-549b4a24c221","JG3 UX3",182,"2019-02-11 07:39:05","WindowsPlayer",NA,11,"TaskEvent",0,"0.11.141",-0.157341286540031,616.075378417969,55.9760322570801,-0.358372807502747,0.933578550815582,0,"Find Toppo's Posters,Crash Diagnostics - Mountains,History of WAT247,Alien Gardens","49,poster1;49,poster4;49,poster5;49,poster6;46,jasper;50,watershed;50,dissolved materials;50,infiltration;50,energy;86,Talk to Sam","U3,U3_Collectibles,U3_Quests,U3_RiverSpline","0.11.141","TaskCompleteEvent",3,"Restore Power to B3",NA
"1269","5c61cf5be4194c47a1561f98",4,"Development","e0e8ba1d-a1a8-492c-a490-549b4a24c221","JG3 UX3",182,"2019-02-11 07:39:05","WindowsPlayer",NA,11,"TaskEvent",0,"0.11.141",-0.157341286540031,616.075378417969,55.9760322570801,-0.358372807502747,0.933578550815582,0,"Find Toppo's Posters,Crash Diagnostics - Mountains,History of WAT247,Alien Gardens","49,poster1;49,poster4;49,poster5;49,poster6;46,jasper;50,watershed;50,dissolved materials;50,infiltration;50,energy;86,Talk to Sam;86,Examine a Garden","U3,U3_Collectibles,U3_Quests,U3_RiverSpline","0.11.141","TaskActiveEvent",3,"Restore Power to B2",NA
"1270","5c61cfbae4194c47a1562103",4,"Development","e0e8ba1d-a1a8-492c-a490-549b4a24c221","JG3 UX3",182,"2019-02-11 07:40:34","WindowsPlayer",NA,11,"TaskEvent",0,"0.11.141",-243.351760864258,1.52509319782257,62.6663627624512,-0.7144695520401,-0.699666619300842,0,"Find Toppo's Posters,Crash Diagnostics - Mountains,History of WAT247,Alien Gardens","49,poster1;49,poster4;49,poster5;49,poster6;46,jasper;50,watershed;50,dissolved materials;50,infiltration;50,energy;86,Examine a Garden;86,Check out the Supertree","U3,U3_Collectibles,U3_Quests,U3_RiverSpline","0.11.141","TaskProgressEvent",3,"Restore Power to B3",1
"1271","5c61cfbae4194c47a156210a",4,"Development","e0e8ba1d-a1a8-492c-a490-549b4a24c221","JG3 UX3",182,"2019-02-11 07:40:34","WindowsPlayer",NA,11,"TaskEvent",0,"0.11.141",-243.351760864258,1.52509319782257,62.6663627624512,-0.7144695520401,-0.699666619300842,0,"Find Toppo's Posters,Crash Diagnostics - Mountains,History of WAT247,Alien Gardens","49,poster1;49,poster4;49,poster5;49,poster6;46,jasper;50,watershed;50,dissolved materials;50,infiltration;50,energy;86,Examine a Garden","U3,U3_Collectibles,U3_Quests,U3_RiverSpline","0.11.141","TaskProgressEvent",2,"Enter the Building",1
"1272","5c61cfbae4194c47a156210b",4,"Development","e0e8ba1d-a1a8-492c-a490-549b4a24c221","JG3 UX3",182,"2019-02-11 07:40:34","WindowsPlayer",NA,11,"TaskEvent",0,"0.11.141",-243.351760864258,1.52509319782257,62.6663627624512,-0.7144695520401,-0.699666619300842,0,"Find Toppo's Posters,Crash Diagnostics - Mountains,History of WAT247,Alien Gardens","49,poster1;49,poster4;49,poster5;49,poster6;46,jasper;50,watershed;50,dissolved materials;50,infiltration;50,energy;86,Examine a Garden","U3,U3_Collectibles,U3_Quests,U3_RiverSpline","0.11.141","TaskActiveEvent",2,"Try the Controls",NA
"1273","5c61d005e4194c47a156223f",4,"Development","e0e8ba1d-a1a8-492c-a490-549b4a24c221","JG3 UX3",182,"2019-02-11 07:41:55","WindowsPlayer",NA,11,"TaskEvent",0,"0.11.141",-625.727600097656,-348.633026123047,72.6944046020508,-0.218138843774796,-0.97591757774353,0,"Find Toppo's Posters,Crash Diagnostics - Mountains,History of WAT247,The Ruins","49,poster1;49,poster4;49,poster5;49,poster6;46,jasper;50,watershed;50,dissolved materials;50,infiltration;50,energy;87,Gain Acces to the Ruins","U3,U3_Collectibles,U3_Quests,U3_RiverSpline","0.11.141","TaskCompleteEvent",2,"Enter the Building",NA
"1274","5c61d005e4194c47a1562244",4,"Development","e0e8ba1d-a1a8-492c-a490-549b4a24c221","JG3 UX3",182,"2019-02-11 07:41:55","WindowsPlayer",NA,11,"TaskEvent",0,"0.11.141",-625.727600097656,-348.633026123047,72.6944046020508,-0.218138843774796,-0.97591757774353,0,"Find Toppo's Posters,Crash Diagnostics - Mountains,History of WAT247,Alien Gardens,The Ruins","49,poster1;49,poster4;49,poster5;49,poster6;46,jasper;50,watershed;50,dissolved materials;50,infiltration;50,energy","U3,U3_Collectibles,U3_Quests,U3_RiverSpline","0.11.141","TaskActiveEvent",14,"fountain2",NA
"1275","5c61d005e4194c47a1562246",4,"Development","e0e8ba1d-a1a8-492c-a490-549b4a24c221","JG3 UX3",182,"2019-02-11 07:41:55","WindowsPlayer",NA,11,"TaskEvent",0,"0.11.141",-625.727600097656,-348.633026123047,72.6944046020508,-0.218138843774796,-0.97591757774353,0,"Find Toppo's Posters,Crash Diagnostics - Mountains,History of WAT247,Alien Gardens","49,poster1;49,poster4;49,poster5;49,poster6;46,jasper;50,watershed;50,dissolved materials;50,infiltration;50,energy;86,Check out the Supertree","U3,U3_Collectibles,U3_Quests,U3_RiverSpline","0.11.141","TaskProgressEvent",14,"fountain1",1
"1276","5c61d032e4194c47a15622f5",4,"Development","e0e8ba1d-a1a8-492c-a490-549b4a24c221","JG3 UX3",182,"2019-02-11 07:42:40","WindowsPlayer",NA,11,"TaskEvent",0,"0.11.141",-560.136779785156,-458.182983398438,73.9175796508789,-0.223245084285736,-0.974762439727783,0,"Find Toppo's Posters,Crash Diagnostics - Mountains,History of WAT247,The Ruins","49,poster1;49,poster4;49,poster5;49,poster6;46,jasper;50,watershed;50,dissolved materials;50,infiltration;50,energy;87,Gain Acces to the Ruins","U3,U3_Collectibles,U3_Quests,U3_RiverSpline","0.11.141","TaskCompleteEvent",14,"fountain1",NA
"1277","5c61d032e4194c47a15622f6",4,"Development","e0e8ba1d-a1a8-492c-a490-549b4a24c221","JG3 UX3",182,"2019-02-11 07:42:40","WindowsPlayer",NA,11,"TaskEvent",0,"0.11.141",-560.136779785156,-458.182983398438,73.9175796508789,-0.223245084285736,-0.974762439727783,0,"Find Toppo's Posters,Crash Diagnostics - Mountains,History of WAT247,The Ruins","49,poster1;49,poster4;49,poster5;49,poster6;46,jasper;50,watershed;50,dissolved materials;50,infiltration;50,energy;87,Gain Acces to the Ruins","U3,U3_Collectibles,U3_Quests,U3_RiverSpline","0.11.141","TaskProgressEvent",27,"Find the supplies",1
"1278","5c61d032e4194c47a15622f8",4,"Development","e0e8ba1d-a1a8-492c-a490-549b4a24c221","JG3 UX3",182,"2019-02-11 07:42:40","WindowsPlayer",NA,11,"TaskEvent",0,"0.11.141",-560.136779785156,-458.182983398438,73.9175796508789,-0.223245084285736,-0.974762439727783,0,"Find Toppo's Posters,Crash Diagnostics - Mountains,History of WAT247,The Ruins","49,poster1;49,poster4;49,poster5;49,poster6;46,jasper;50,watershed;50,dissolved materials;50,infiltration;50,energy;87,Gain Acces to the Ruins;87,Pickup the Key","U3,U3_Collectibles,U3_Quests,U3_RiverSpline","0.11.141","TaskActiveEvent",27,"Deliver crates",NA
"1279","5c61d037e4194c47a156230b",4,"Development","e0e8ba1d-a1a8-492c-a490-549b4a24c221","JG3 UX3",182,"2019-02-11 07:42:43","WindowsPlayer",NA,11,"TaskEvent",0,"0.11.141",-563.84716796875,-460.376831054688,73.6559906005859,-0.526951551437378,-0.849895238876343,0,"Find Toppo's Posters,Crash Diagnostics - Mountains,History of WAT247,The Ruins","49,poster1;49,poster4;49,poster5;49,poster6;46,jasper;50,watershed;50,dissolved materials;50,infiltration;50,energy;87,Pickup the Key","U3,U3_Collectibles,U3_Quests,U3_RiverSpline","0.11.141","TaskCompleteEvent",27,"Find the supplies",NA
"1280","5c61d037e4194c47a156230f",4,"Development","e0e8ba1d-a1a8-492c-a490-549b4a24c221","JG3 UX3",182,"2019-02-11 07:42:43","WindowsPlayer",NA,11,"TaskEvent",0,"0.11.141",-563.84716796875,-460.376831054688,73.6559906005859,-0.526951551437378,-0.849895238876343,0,"Find Toppo's Posters,Crash Diagnostics - Mountains,History of WAT247,The Ruins","49,poster1;49,poster4;49,poster5;49,poster6;46,jasper;50,watershed;50,dissolved materials;50,infiltration;50,energy;87,Pickup the Key","U3,U3_Collectibles,U3_Quests,U3_RiverSpline","0.11.141","TaskActiveEvent",74,"wakeup",NA
"1281","5c61d051e4194c47a156236c",4,"Development","e0e8ba1d-a1a8-492c-a490-549b4a24c221","JG3 UX3",182,"2019-02-11 07:43:06","WindowsPlayer",NA,11,"TaskEvent",0,"0.11.141",-557.807189941406,-459.22998046875,74.4332504272461,0.064537487924099,-0.997915625572205,0,"Find Toppo's Posters,Crash Diagnostics - Mountains,History of WAT247,The Ruins","49,poster1;49,poster4;49,poster5;49,poster6;46,jasper;50,watershed;50,infiltration;50,energy;87,Pickup the Key","U3,U3_Collectibles,U3_Quests,U3_RiverSpline","0.11.141","TaskProgressEvent",27,"Deliver crates",1
"1282","5c61d051e4194c47a156236d",4,"Development","e0e8ba1d-a1a8-492c-a490-549b4a24c221","JG3 UX3",182,"2019-02-11 07:43:06","WindowsPlayer",NA,11,"TaskEvent",0,"0.11.141",-557.807189941406,-459.22998046875,74.4332504272461,0.064537487924099,-0.997915625572205,0,"Find Toppo's Posters,Crash Diagnostics - Mountains,History of WAT247,The Ruins","49,poster1;49,poster4;49,poster5;49,poster6;46,jasper;50,watershed;50,infiltration;50,energy;87,Pickup the Key","U3,U3_Collectibles,U3_Quests,U3_RiverSpline","0.11.141","TaskProgressEvent",27,"Deliver crates",2
"1283","5c61d051e4194c47a1562378",4,"Development","e0e8ba1d-a1a8-492c-a490-549b4a24c221","JG3 UX3",182,"2019-02-11 07:43:06","WindowsPlayer",NA,11,"TaskEvent",0,"0.11.141",-557.807189941406,-459.22998046875,74.4332504272461,0.064537487924099,-0.997915625572205,0,"Find Toppo's Posters,Crash Diagnostics - Mountains,History of WAT247,The Ruins","49,poster1;49,poster4;49,poster5;49,poster6;46,jasper;50,watershed;50,infiltration;50,energy;87,Pickup the Key;87,Unlock the door","U3,U3_Collectibles,U3_Quests,U3_RiverSpline","0.11.141","TaskProgressEvent",27,"Deliver crates",3
"1284","5c61d10ce4194c47a1562408",4,"Development","e0e8ba1d-a1a8-492c-a490-549b4a24c221","JG3 UX3",182,"2019-02-11 07:44:20","WindowsPlayer",NA,11,"TaskEvent",0,"0.11.141",-557.589660644531,-460.857025146484,74.6907348632812,-0.170204326510429,-0.985409021377563,0,"Find Toppo's Posters,Crash Diagnostics - Mountains,History of WAT247,The Ruins","49,poster1;49,poster4;49,poster5;49,poster6;46,jasper;50,watershed;50,infiltration;50,energy;87,Unlock the door","U3,U3_Collectibles,U3_Quests,U3_RiverSpline","0.11.141","TaskCompleteEvent",27,"Deliver crates",NA
"1285","5c61d10ce4194c47a1562409",4,"Development","e0e8ba1d-a1a8-492c-a490-549b4a24c221","JG3 UX3",182,"2019-02-11 07:44:20","WindowsPlayer",NA,11,"TaskEvent",0,"0.11.141",-557.589660644531,-460.857025146484,74.6907348632812,-0.170204326510429,-0.985409021377563,0,"Find Toppo's Posters,Crash Diagnostics - Mountains,History of WAT247,The Ruins","49,poster1;49,poster4;49,poster5;49,poster6;46,jasper;50,watershed;50,infiltration;50,energy;87,Unlock the door;87,Enter the ruins","U3,U3_Collectibles,U3_Quests,U3_RiverSpline","0.11.141","TaskProgressEvent",27,"Deliver crates",4
"1286","5c61d10ce4194c47a1562410",4,"Development","e0e8ba1d-a1a8-492c-a490-549b4a24c221","JG3 UX3",182,"2019-02-11 07:44:20","WindowsPlayer",NA,11,"TaskEvent",0,"0.11.141",-557.589660644531,-460.857025146484,74.6907348632812,-0.170204326510429,-0.985409021377563,0,"Find Toppo's Posters,Crash Diagnostics - Mountains,History of WAT247,The Ruins","49,poster1;49,poster4;49,poster5;49,poster6;46,jasper;50,watershed;50,infiltration;50,energy;87,Unlock the door","U3,U3_Collectibles,U3_Quests,U3_RiverSpline","0.11.141","TaskActiveEvent",24,"Return to Sam",NA
"1287","5c61d148e4194c47a1562511",4,"Development","e0e8ba1d-a1a8-492c-a490-549b4a24c221","JG3 UX3",182,"2019-02-11 07:44:25","WindowsPlayer",NA,11,"TaskEvent",0,"0.11.141",-560.877502441406,-461.34130859375,74.3426361083984,-0.327213317155838,-0.944950342178345,0,"Find Toppo's Posters,Crash Diagnostics - Mountains,History of WAT247,The Ruins","49,poster1;49,poster4;49,poster5;49,poster6;46,jasper;50,watershed;50,infiltration;50,energy;87,Enter the ruins","U3,U3_Collectibles,U3_Quests,U3_RiverSpline","0.11.141","TaskActiveEvent",24,"Test the base's water",NA
"1288","5c61d148e4194c47a1562512",4,"Development","e0e8ba1d-a1a8-492c-a490-549b4a24c221","JG3 UX3",182,"2019-02-11 07:44:25","WindowsPlayer",NA,11,"TaskEvent",0,"0.11.141",-560.877502441406,-461.34130859375,74.3426361083984,-0.327213317155838,-0.944950342178345,0,"Find Toppo's Posters,Crash Diagnostics - Mountains,History of WAT247,The Ruins,Collect all the Pumps in the Alien Facility","49,poster1;49,poster4;49,poster5;49,poster6;46,jasper;50,watershed;50,infiltration;50,energy","U3,U3_Collectibles,U3_Quests,U3_RiverSpline,U3_Dungeon_Side_Quest","0.11.141","TaskCompleteEvent",24,"Return to Sam",NA
"1289","5c61d148e4194c47a1562513",4,"Development","e0e8ba1d-a1a8-492c-a490-549b4a24c221","JG3 UX3",182,"2019-02-11 07:44:25","WindowsPlayer",NA,11,"TaskEvent",0,"0.11.141",-560.877502441406,-461.34130859375,74.3426361083984,-0.327213317155838,-0.944950342178345,0,"Find Toppo's Posters,Crash Diagnostics - Mountains,History of WAT247,Collect all the Pumps in the Alien Facility","49,poster1;49,poster4;49,poster5;49,poster6;46,jasper;50,watershed;50,infiltration;50,energy;75,Pump1","U3,U3_Collectibles,U3_Quests,U3_RiverSpline,U3_Dungeon_Side_Quest","0.11.141","TaskProgressEvent",24,"Return to Sam",1
"1290","5c61d166e4194c47a1562583",4,"Development","e0e8ba1d-a1a8-492c-a490-549b4a24c221","JG3 UX3",182,"2019-02-11 07:47:31","WindowsPlayer",NA,11,"TaskEvent",0,"0.11.141",-167.839569091797,-105.785537719727,52.7085647583008,0.977045834064484,0.213029444217682,0,"Find Toppo's Posters,Crash Diagnostics - Mountains,History of WAT247,Collect all the Pumps in the Alien Facility","49,poster1;49,poster4;49,poster5;49,poster6;46,jasper;50,watershed;50,infiltration;50,energy;75,Pump1","U3_Dungeon_Side_Quest","0.11.141","TaskProgressEvent",24,"Test the base's water",1
"1291","5c61d166e4194c47a1562584",4,"Development","e0e8ba1d-a1a8-492c-a490-549b4a24c221","JG3 UX3",182,"2019-02-11 07:47:31","WindowsPlayer",NA,11,"TaskEvent",0,"0.11.141",-167.839569091797,-105.785537719727,52.7085647583008,0.977045834064484,0.213029444217682,0,"Find Toppo's Posters,Crash Diagnostics - Mountains,History of WAT247,Collect all the Pumps in the Alien Facility","49,poster1;49,poster4;49,poster5;49,poster6;46,jasper;50,watershed;50,infiltration;50,energy;75,Pump1","U3_Dungeon_Side_Quest","0.11.141","TaskActiveEvent",24,"Trace the pollutant",NA
"1292","5c61d166e4194c47a1562585",4,"Development","e0e8ba1d-a1a8-492c-a490-549b4a24c221","JG3 UX3",182,"2019-02-11 07:47:31","WindowsPlayer",NA,11,"TaskEvent",0,"0.11.141",-167.839569091797,-105.785537719727,52.7085647583008,0.977045834064484,0.213029444217682,0,"Find Toppo's Posters,Crash Diagnostics - Mountains,History of WAT247,Collect all the Pumps in the Alien Facility","49,poster1;49,poster4;49,poster5;49,poster6;46,jasper;50,watershed;50,infiltration;50,energy;75,Pump1;75,Pump2","U3_Dungeon_Side_Quest","0.11.141","TaskCompleteEvent",24,"Test the base's water",NA
"1293","5c61d1ace4194c47a156269b",4,"Development","e0e8ba1d-a1a8-492c-a490-549b4a24c221","JG3 UX3",182,"2019-02-11 07:48:55","WindowsPlayer",NA,11,"TaskEvent",0,"0.11.141",-158.958541870117,-89.1275787353516,52.2660217285156,0.190807804465294,-0.981627702713013,0,"Find Toppo's Posters,Crash Diagnostics - Mountains,History of WAT247,Collect all the Pumps in the Alien Facility","49,poster1;49,poster4;49,poster5;49,poster6;46,jasper;50,watershed;50,infiltration;50,energy;75,Pump2","U3_Dungeon_Side_Quest","0.11.141","TaskProgressEvent",24,"Trace the pollutant",1
"1294","5c61d1ace4194c47a156269e",4,"Development","e0e8ba1d-a1a8-492c-a490-549b4a24c221","JG3 UX3",182,"2019-02-11 07:48:55","WindowsPlayer",NA,11,"TaskEvent",0,"0.11.141",-158.958541870117,-89.1275787353516,52.2660217285156,0.190807804465294,-0.981627702713013,0,"Find Toppo's Posters,Crash Diagnostics - Mountains,History of WAT247,Collect all the Pumps in the Alien Facility","49,poster1;49,poster4;49,poster5;49,poster6;46,jasper;50,watershed;50,infiltration;50,energy;75,Pump2","U3_Dungeon_Side_Quest","0.11.141","TaskActiveEvent",24,"Open the Claimer System",NA
"1295","5c61d1ace4194c47a15626a1",4,"Development","e0e8ba1d-a1a8-492c-a490-549b4a24c221","JG3 UX3",182,"2019-02-11 07:48:55","WindowsPlayer",NA,11,"TaskEvent",0,"0.11.141",-158.958541870117,-89.1275787353516,52.2660217285156,0.190807804465294,-0.981627702713013,0,"Find Toppo's Posters,Crash Diagnostics - Mountains,History of WAT247,Collect all the Pumps in the Alien Facility","49,poster1;49,poster4;49,poster5;49,poster6;46,jasper;50,watershed;50,infiltration;50,energy;75,Pump2;75,Pump3","U3_Dungeon_Side_Quest","0.11.141","TaskCompleteEvent",24,"Trace the pollutant",NA
"1296","5c61d20be4194c47a156281c",4,"Development","e0e8ba1d-a1a8-492c-a490-549b4a24c221","JG3 UX3",182,"2019-02-11 07:50:25","WindowsPlayer",NA,11,"TaskEvent",0,"0.11.141",-142.971099853516,-105.682876586914,53.162467956543,-0.996779024600983,0.0801984667778015,0,"Find Toppo's Posters,Crash Diagnostics - Mountains,History of WAT247,Collect all the Pumps in the Alien Facility","49,poster1;49,poster4;49,poster5;49,poster6;46,jasper;50,watershed;50,infiltration;50,energy;75,Pump3;75,Pump4","U3_Dungeon_Side_Quest","0.11.141","TaskActiveEvent",0,"Convince Bill the pollutant is nearby",NA
"1297","5c61d20be4194c47a1562826",4,"Development","e0e8ba1d-a1a8-492c-a490-549b4a24c221","JG3 UX3",182,"2019-02-11 07:50:25","WindowsPlayer",NA,11,"TaskEvent",0,"0.11.141",-142.971099853516,-105.682876586914,53.162467956543,-0.996779024600983,0.0801984667778015,0,"Find Toppo's Posters,Crash Diagnostics - Mountains,History of WAT247,Collect all the Pumps in the Alien Facility","49,poster1;49,poster4;49,poster5;49,poster6;46,jasper;50,watershed;50,infiltration;50,energy;75,Pump3","U3_Dungeon_Side_Quest","0.11.141","TaskCompleteEvent",24,"Open the Claimer System",NA
"1298","5c61d20be4194c47a1562827",4,"Development","e0e8ba1d-a1a8-492c-a490-549b4a24c221","JG3 UX3",182,"2019-02-11 07:50:25","WindowsPlayer",NA,11,"TaskEvent",0,"0.11.141",-142.971099853516,-105.682876586914,53.162467956543,-0.996779024600983,0.0801984667778015,0,"Find Toppo's Posters,Crash Diagnostics - Mountains,History of WAT247,Collect all the Pumps in the Alien Facility","49,poster1;49,poster4;49,poster5;49,poster6;46,jasper;50,watershed;50,infiltration;50,energy;75,Pump3","U3_Dungeon_Side_Quest","0.11.141","TaskProgressEvent",24,"Open the Claimer System",1
"1299","5c61d2fde4194c47a1562bec",4,"Development","e0e8ba1d-a1a8-492c-a490-549b4a24c221","JG3 UX3",182,"2019-02-11 07:52:37","WindowsPlayer",NA,11,"TaskEvent",0,"0.11.141",-158.67414855957,-114.021118164062,52.2564811706543,0.233445629477501,0.972369849681854,0,"Find Toppo's Posters,Crash Diagnostics - Mountains,History of WAT247,Collect all the Pumps in the Alien Facility","49,poster1;49,poster4;49,poster5;49,poster6;46,jasper;50,watershed;50,infiltration;50,energy;75,Pump4;75,BackToGardens","U3_Dungeon_Side_Quest","0.11.141","TaskProgressEvent",0,"Convince Bill the pollutant is nearby",1
"1300","5c61d2fde4194c47a1562bf1",4,"Development","e0e8ba1d-a1a8-492c-a490-549b4a24c221","JG3 UX3",182,"2019-02-11 07:52:37","WindowsPlayer",NA,11,"TaskEvent",0,"0.11.141",-158.67414855957,-114.021118164062,52.2564811706543,0.233445629477501,0.972369849681854,0,"Find Toppo's Posters,Crash Diagnostics - Mountains,History of WAT247,Collect all the Pumps in the Alien Facility","49,poster1;49,poster4;49,poster5;49,poster6;46,jasper;50,watershed;50,infiltration;50,energy;75,Pump4","U3_Dungeon_Side_Quest","0.11.141","TaskActiveEvent",0,"Identify pollutant",NA
"1301","5c61d2fde4194c47a1562bf2",4,"Development","e0e8ba1d-a1a8-492c-a490-549b4a24c221","JG3 UX3",182,"2019-02-11 07:52:37","WindowsPlayer",NA,11,"TaskEvent",0,"0.11.141",-158.67414855957,-114.021118164062,52.2564811706543,0.233445629477501,0.972369849681854,0,"Find Toppo's Posters,Crash Diagnostics - Mountains,History of WAT247,Collect all the Pumps in the Alien Facility","49,poster1;49,poster4;49,poster5;49,poster6;46,jasper;50,watershed;50,infiltration;50,energy;75,Pump4","U3_Dungeon_Side_Quest","0.11.141","TaskCompleteEvent",0,"Convince Bill the pollutant is nearby",NA
"1302","5c61d341e4194c47a1562cfd",4,"Development","e0e8ba1d-a1a8-492c-a490-549b4a24c221","JG3 UX3",182,"2019-02-11 07:55:32","WindowsPlayer",NA,11,"TaskEvent",0,"0.11.141",-562.559020996094,220.497817993164,54.9799995422363,-0.826098680496216,0.563525676727295,0,"Find Toppo's Posters,Crash Diagnostics - Mountains,History of WAT247,Strange Gardening","49,poster1;49,poster4;49,poster5;49,poster6;46,jasper;50,watershed;50,infiltration;50,energy;25,Install Pumps","U3,U3_Collectibles,U3_Quests,U3_RiverSpline","0.11.141","TaskProgressEvent",0,"Identify pollutant",1
"1303","5c61d357e4194c47a1562d56",4,"Development","e0e8ba1d-a1a8-492c-a490-549b4a24c221","JG3 UX3",182,"2019-02-11 07:56:03","WindowsPlayer",NA,11,"TaskEvent",0,"0.11.141",-429.303680419922,367.792022705078,54.9799995422363,0.731353342533112,0.6819988489151,0,"Find Toppo's Posters,Crash Diagnostics - Mountains,History of WAT247,Strange Gardening","49,poster1;49,poster4;49,poster5;49,poster6;46,jasper;50,watershed;50,infiltration;50,energy;25,Install Pumps","U3,U3_Collectibles,U3_Quests,U3_RiverSpline","0.11.141","TaskActiveEvent",0,"Talk with Sam",NA
"1304","5c61d357e4194c47a1562d57",4,"Development","e0e8ba1d-a1a8-492c-a490-549b4a24c221","JG3 UX3",182,"2019-02-11 07:56:03","WindowsPlayer",NA,11,"TaskEvent",0,"0.11.141",-429.303680419922,367.792022705078,54.9799995422363,0.731353342533112,0.6819988489151,0,"Find Toppo's Posters,Crash Diagnostics - Mountains,History of WAT247,Strange Gardening,Back at your base","49,poster1;49,poster4;49,poster5;49,poster6;46,jasper;50,watershed;50,infiltration;50,energy","U3,U3_Collectibles,U3_Quests,U3_RiverSpline","0.11.141","TaskCompleteEvent",0,"Identify pollutant",NA
"1305","5c61d357e4194c47a1562d60",4,"Development","e0e8ba1d-a1a8-492c-a490-549b4a24c221","JG3 UX3",182,"2019-02-11 07:56:03","WindowsPlayer",NA,11,"TaskEvent",0,"0.11.141",-429.303680419922,367.792022705078,54.9799995422363,0.731353342533112,0.6819988489151,0,"Find Toppo's Posters,Crash Diagnostics - Mountains,History of WAT247,Back at your base","49,poster1;49,poster4;49,poster5;49,poster6;46,jasper;50,watershed;50,infiltration;50,energy;56,Head to bed","U3,U3_Collectibles,U3_Quests,U3_RiverSpline","0.11.141","TaskCompleteEvent",0,"Talk with Sam",NA
"1306","5c61d407e4194c47a1562fb3",4,"Development","e0e8ba1d-a1a8-492c-a490-549b4a24c221","JG3 UX3",182,"2019-02-11 07:59:00","WindowsPlayer",NA,11,"TaskEvent",0,"0.11.141",-585.541687011719,752.921203613281,63.0741691589355,-0.157451450824738,-0.987521290779114,-0.00335760181769729,"Find Toppo's Posters,Crash Diagnostics - Mountains,History of WAT247,Second Day at Base,Alien Village","49,poster1;49,poster4;49,poster5;49,poster6;46,jasper;50,watershed;50,infiltration;50,energy","U4,U4_Collectibles,U4_Quests,U4_MilitaryBase","0.11.141","TaskActiveEvent",86,"Talk to Sam",NA
"1307","5c61d407e4194c47a1562fba",4,"Development","e0e8ba1d-a1a8-492c-a490-549b4a24c221","JG3 UX3",182,"2019-02-11 07:59:00","WindowsPlayer",NA,11,"TaskEvent",0,"0.11.141",-585.541687011719,752.921203613281,63.0741691589355,-0.157451450824738,-0.987521290779114,-0.00335760181769729,"Find Toppo's Posters,Crash Diagnostics - Mountains,History of WAT247,Second Day at Base","49,poster1;49,poster4;49,poster5;49,poster6;46,jasper;50,watershed;50,infiltration;50,energy;59,Talk To Anderson","U4,U4_Collectibles,U4_Quests,U4_MilitaryBase","0.11.141","TaskProgressEvent",0,"Talk with Sam",1
"1308","5c61d407e4194c47a1562fbb",4,"Development","e0e8ba1d-a1a8-492c-a490-549b4a24c221","JG3 UX3",182,"2019-02-11 07:59:00","WindowsPlayer",NA,11,"TaskEvent",0,"0.11.141",-585.541687011719,752.921203613281,63.0741691589355,-0.157451450824738,-0.987521290779114,-0.00335760181769729,"Find Toppo's Posters,Crash Diagnostics - Mountains,History of WAT247,Alien Village","49,poster1;49,poster4;49,poster5;49,poster6;46,jasper;50,watershed;50,infiltration;50,energy;2,Find the Ruins","U4,U4_Collectibles,U4_Quests,U4_MilitaryBase","0.11.141","TaskCompleteEvent",86,"Talk to Sam",NA
"1309","5c61d42ae4194c47a156303a",4,"Development","e0e8ba1d-a1a8-492c-a490-549b4a24c221","JG3 UX3",182,"2019-02-11 07:53:25","WindowsPlayer",NA,11,"TaskEvent",0,"0.11.141",-484.13818359375,-312.637786865234,54.9799995422363,0.312334179878235,0.94997227191925,0,"Find Toppo's Posters,Crash Diagnostics - Mountains,History of WAT247,Strange Gardening","49,poster1;49,poster4;49,poster5;49,poster6;46,jasper;50,watershed;50,infiltration;50,energy;25,Install Pumps","U3,U3_Collectibles,U3_Quests,U3_RiverSpline","0.11.141","TaskProgressEvent",86,"Talk to Sam",1
"1310","5c61d4a7e4194c47a156322f",4,"Development","e0e8ba1d-a1a8-492c-a490-549b4a24c221","JG3 UX3",182,"2019-02-11 08:01:36","WindowsPlayer",NA,11,"TaskEvent",0,"0.11.141",163.584732055664,-601.408752441406,42.4690551757812,-0.179810360074043,-0.983694195747375,-0.00383439194411039,"Find Toppo's Posters,Crash Diagnostics - Mountains,History of WAT247,Alien Village","49,poster1;49,poster5;49,poster6;46,jasper;50,watershed;50,infiltration;50,energy;2,Find the Ruins","U4,U4_Collectibles,U4_Quests,U4_AlienRuins","0.11.141","TaskActiveEvent",86,"Examine a Garden",NA
"1311","5c61d4a7e4194c47a156323c",4,"Development","e0e8ba1d-a1a8-492c-a490-549b4a24c221","JG3 UX3",182,"2019-02-11 08:01:36","WindowsPlayer",NA,11,"TaskEvent",0,"0.11.141",163.584732055664,-601.408752441406,42.4690551757812,-0.179810360074043,-0.983694195747375,-0.00383439194411039,"Find Toppo's Posters,Crash Diagnostics - Mountains,History of WAT247,Alien Village","49,poster1;49,poster5;49,poster6;46,jasper;50,watershed;50,infiltration;50,energy;2,Find the Ruins","U4,U4_Collectibles,U4_Quests,U4_AlienRuins","0.11.141","TaskActiveEvent",86,"Check out the Supertree",NA
"1312","5c61d4a8e4194c47a156323d",4,"Development","e0e8ba1d-a1a8-492c-a490-549b4a24c221","JG3 UX3",182,"2019-02-11 08:01:36","WindowsPlayer",NA,11,"TaskEvent",0,"0.11.141",163.584732055664,-601.408752441406,42.4690551757812,-0.179810360074043,-0.983694195747375,-0.00383439194411039,"Find Toppo's Posters,Crash Diagnostics - Mountains,History of WAT247,Alien Village","49,poster1;49,poster5;49,poster6;46,jasper;50,watershed;50,infiltration;50,energy;2,Find the Ruins;2,Unlock the Door","U4,U4_Collectibles,U4_Quests,U4_AlienRuins","0.11.141","TaskCompleteEvent",86,"Examine a Garden",NA
"1313","5c61d4c0e4194c47a156329a",4,"Development","e0e8ba1d-a1a8-492c-a490-549b4a24c221","JG3 UX3",182,"2019-02-11 08:02:06","WindowsPlayer",NA,11,"TaskEvent",0,"0.11.141",172.460220336914,-686.575378417969,40.9909858703613,-0.229337051510811,-0.973335087299347,-0.0048905317671597,"Find Toppo's Posters,Crash Diagnostics - Mountains,History of WAT247,Alien Village","49,poster1;49,poster5;49,poster6;46,jasper;50,watershed;50,infiltration;50,energy;2,Unlock the Door;2,Enter the Building","U4,U4_Collectibles,U4_Quests,U4_AlienRuins","0.11.141","TaskProgressEvent",86,"Examine a Garden",1
"1314","5c61d4c0e4194c47a156329c",4,"Development","e0e8ba1d-a1a8-492c-a490-549b4a24c221","JG3 UX3",182,"2019-02-11 08:02:06","WindowsPlayer",NA,11,"TaskEvent",0,"0.11.141",172.460220336914,-686.575378417969,40.9909858703613,-0.229337051510811,-0.973335087299347,-0.0048905317671597,"Find Toppo's Posters,Crash Diagnostics - Mountains,History of WAT247,Alien Village","49,poster1;49,poster5;49,poster6;46,jasper;50,watershed;50,infiltration;50,energy;2,Unlock the Door","U4,U4_Collectibles,U4_Quests,U4_AlienRuins","0.11.141","TaskCompleteEvent",86,"Check out the Supertree",NA
"1315","5c61d4c1e4194c47a15632a3",4,"Development","e0e8ba1d-a1a8-492c-a490-549b4a24c221","JG3 UX3",182,"2019-02-11 08:02:06","WindowsPlayer",NA,11,"TaskEvent",0,"0.11.141",172.460220336914,-686.575378417969,40.9909858703613,-0.229337051510811,-0.973335087299347,-0.0048905317671597,"Find Toppo's Posters,Crash Diagnostics - Mountains,History of WAT247,Alien Village","49,poster1;49,poster5;49,poster6;46,jasper;50,watershed;50,infiltration;50,energy;2,Unlock the Door","U4,U4_Collectibles,U4_Quests,U4_AlienRuins","0.11.141","TaskActiveEvent",87,"Gain Acces to the Ruins",NA
"1316","5c61d4ebe4194c47a1563338",4,"Development","e0e8ba1d-a1a8-492c-a490-549b4a24c221","JG3 UX3",182,"2019-02-11 08:02:44","WindowsPlayer",NA,11,"TaskEvent",0,"0.11.141",179.066619873047,-723.735412597656,-73.0699310302734,-0.802459895610809,-0.596705913543701,0,"Find Toppo's Posters,Crash Diagnostics - Mountains,History of WAT247,Alien Village","49,poster1;49,poster5;49,poster6;46,jasper;50,watershed;50,energy;2,Try the Controls","U4_DrillRoomV2,U4_DrillRoomV2_Quests","0.11.141","TaskProgressEvent",86,"Check out the Supertree",1
"1317","5c61d4ebe4194c47a1563339",4,"Development","e0e8ba1d-a1a8-492c-a490-549b4a24c221","JG3 UX3",182,"2019-02-11 08:02:44","WindowsPlayer",NA,11,"TaskEvent",0,"0.11.141",179.066619873047,-723.735412597656,-73.0699310302734,-0.802459895610809,-0.596705913543701,0,"Find Toppo's Posters,Crash Diagnostics - Mountains,History of WAT247,Alien Village,The Ruins","49,poster1;49,poster5;49,poster6;46,jasper;50,watershed;50,energy","U4_DrillRoomV2,U4_DrillRoomV2_Quests","0.11.141","TaskProgressEvent",87,"Pickup the Key",1
"1318","5c61d4ebe4194c47a1563345",4,"Development","e0e8ba1d-a1a8-492c-a490-549b4a24c221","JG3 UX3",182,"2019-02-11 08:02:44","WindowsPlayer",NA,11,"TaskEvent",0,"0.11.141",179.066619873047,-723.735412597656,-73.0699310302734,-0.802459895610809,-0.596705913543701,0,"Find Toppo's Posters,Crash Diagnostics - Mountains,History of WAT247,The Ruins","49,poster1;49,poster5;49,poster6;46,jasper;50,watershed;50,energy;3,Restore Power to B5","U4_DrillRoomV2,U4_DrillRoomV2_Quests","0.11.141","TaskCompleteEvent",87,"Pickup the Key",NA
"1319","5c61d5d1e4194c47a15636a1",4,"Development","e0e8ba1d-a1a8-492c-a490-549b4a24c221","JG3 UX3",182,"2019-02-11 08:06:19","WindowsPlayer",NA,11,"TaskEvent",0,"0.11.141",136.175186157227,26.701114654541,9.2296257019043,0.0941061079502106,0.995562195777893,0,"Find Toppo's Posters,Crash Diagnostics - Mountains,History of WAT247,The Ruins","49,poster1;49,poster5;49,poster6;46,jasper;50,watershed;50,energy;3,Restore Power to B4","U4_Dungeon,U4_Dungeon_Quests","0.11.141","TaskActiveEvent",87,"Unlock the door",NA
"1320","5c61d5d1e4194c47a15636a2",4,"Development","e0e8ba1d-a1a8-492c-a490-549b4a24c221","JG3 UX3",182,"2019-02-11 08:06:19","WindowsPlayer",NA,11,"TaskEvent",0,"0.11.141",136.175186157227,26.701114654541,9.2296257019043,0.0941061079502106,0.995562195777893,0,"Find Toppo's Posters,Crash Diagnostics - Mountains,History of WAT247,The Ruins","49,poster1;49,poster5;49,poster6;46,jasper;50,watershed;50,energy;3,Restore Power to B4","U4_Dungeon,U4_Dungeon_Quests","0.11.141","TaskProgressEvent",87,"Gain Acces to the Ruins",1
"1321","5c61d5d1e4194c47a15636a5",4,"Development","e0e8ba1d-a1a8-492c-a490-549b4a24c221","JG3 UX3",182,"2019-02-11 08:06:19","WindowsPlayer",NA,11,"TaskEvent",0,"0.11.141",136.175186157227,26.701114654541,9.2296257019043,0.0941061079502106,0.995562195777893,0,"Find Toppo's Posters,Crash Diagnostics - Mountains,History of WAT247,The Ruins","49,poster1;49,poster5;49,poster6;46,jasper;50,watershed;50,energy;3,Restore Power to B4;3,Restore Power to B3","U4_Dungeon,U4_Dungeon_Quests","0.11.141","TaskActiveEvent",87,"Pickup the Key",NA
"1322","5c61d60ee4194c47a1563799",4,"Development","e0e8ba1d-a1a8-492c-a490-549b4a24c221","JG3 UX3",182,"2019-02-11 08:04:57","WindowsPlayer",NA,11,"TaskEvent",0,"0.11.141",53.6927375793457,-5.0414924621582,3.98000001907349,0.999610066413879,0.0279227495193481,0,"Find Toppo's Posters,Crash Diagnostics - Mountains,History of WAT247,The Ruins","49,poster1;49,poster5;49,poster6;46,jasper;50,watershed;50,energy;3,Restore Power to B5","U4_Dungeon,U4_Dungeon_Quests","0.11.141","TaskCompleteEvent",87,"Gain Acces to the Ruins",NA
"1323","5c61d60ee4194c47a156379d",4,"Development","e0e8ba1d-a1a8-492c-a490-549b4a24c221","JG3 UX3",182,"2019-02-11 08:04:57","WindowsPlayer",NA,11,"TaskEvent",0,"0.11.141",53.6927375793457,-5.0414924621582,3.98000001907349,0.999610066413879,0.0279227495193481,0,"Find Toppo's Posters,Crash Diagnostics - Mountains,History of WAT247,The Ruins","49,poster1;49,poster5;49,poster6;46,jasper;50,watershed;50,energy;3,Restore Power to B5","U4_Dungeon,U4_Dungeon_Quests","0.11.141","TaskProgressEvent",50,"dissolved materials",1
"1324","5c61d60ee4194c47a156379e",4,"Development","e0e8ba1d-a1a8-492c-a490-549b4a24c221","JG3 UX3",182,"2019-02-11 08:04:57","WindowsPlayer",NA,11,"TaskEvent",0,"0.11.141",53.6927375793457,-5.0414924621582,3.98000001907349,0.999610066413879,0.0279227495193481,0,"Find Toppo's Posters,Crash Diagnostics - Mountains,History of WAT247,The Ruins","49,poster1;49,poster5;49,poster6;46,jasper;50,watershed;50,energy;3,Restore Power to B5;3,Restore Power to B4","U4_Dungeon,U4_Dungeon_Quests","0.11.141","TaskCompleteEvent",50,"dissolved materials",NA
"1325","5c61d863e4194c47a15640f0",4,"Development","e0e8ba1d-a1a8-492c-a490-549b4a24c221","JG3 UX3",182,"2019-02-11 08:17:33","WindowsPlayer",NA,11,"TaskEvent",0,"0.11.141",-81.6920547485352,165.867202758789,30.2296581268311,-0.59482342004776,0.803856372833252,0,"Find Toppo's Posters,Crash Diagnostics - Mountains,History of WAT247,The Fountain","49,poster1;49,poster5;49,poster6;46,jasper;50,watershed;50,energy;5,Retry the Controls","U4_Dungeon,U4_Dungeon_Quests","0.11.141","TaskCompleteEvent",87,"Enter the ruins",NA
"1326","5c61d863e4194c47a15640f3",4,"Development","e0e8ba1d-a1a8-492c-a490-549b4a24c221","JG3 UX3",182,"2019-02-11 08:17:33","WindowsPlayer",NA,11,"TaskEvent",0,"0.11.141",-81.6920547485352,165.867202758789,30.2296581268311,-0.59482342004776,0.803856372833252,0,"Find Toppo's Posters,Crash Diagnostics - Mountains,History of WAT247,The Ruins,The Fountain","49,poster1;49,poster5;49,poster6;46,jasper;50,watershed;50,energy","U4_Dungeon,U4_Dungeon_Quests","0.11.141","TaskActiveEvent",75,"Pump1",NA
"1327","5c61d863e4194c47a15640fa",4,"Development","e0e8ba1d-a1a8-492c-a490-549b4a24c221","JG3 UX3",182,"2019-02-11 08:17:33","WindowsPlayer",NA,11,"TaskEvent",0,"0.11.141",-81.6920547485352,165.867202758789,30.2296581268311,-0.59482342004776,0.803856372833252,0,"Find Toppo's Posters,Crash Diagnostics - Mountains,History of WAT247,The Ruins","49,poster1;49,poster5;49,poster6;46,jasper;50,watershed;50,energy;3,Restore Power to B1","U4_Dungeon,U4_Dungeon_Quests","0.11.141","TaskProgressEvent",87,"Enter the ruins",1
"1328","5c61d88be4194c47a1564189",4,"Development","e0e8ba1d-a1a8-492c-a490-549b4a24c221","JG3 UX3",182,"2019-02-11 08:18:07","WindowsPlayer",NA,11,"TaskEvent",0,"0.11.141",177.732208251953,-724.246948242188,-72.8817672729492,-0.824774622917175,-0.565461993217468,0,"Find Toppo's Posters,Crash Diagnostics - Mountains,History of WAT247,The Fountain","49,poster1;49,poster5;49,poster6;46,jasper;50,watershed;50,energy;5,Drill to the Water Table","U4_DrillRoomV2,U4_DrillRoomV2_Quests","0.11.141","TaskCompleteEvent",87,"Enter the ruins",NA
"1329","5c61d88be4194c47a156418a",4,"Development","e0e8ba1d-a1a8-492c-a490-549b4a24c221","JG3 UX3",182,"2019-02-11 08:18:07","WindowsPlayer",NA,11,"TaskEvent",0,"0.11.141",177.732208251953,-724.246948242188,-72.8817672729492,-0.824774622917175,-0.565461993217468,0,"Find Toppo's Posters,Crash Diagnostics - Mountains,History of WAT247,The Fountain","49,poster1;49,poster5;49,poster6;46,jasper;50,watershed;50,energy;5,Drill to the Water Table","U4_DrillRoomV2,U4_DrillRoomV2_Quests","0.11.141","TaskProgressEvent",87,"Unlock the door",1
"1330","5c61d88be4194c47a156418b",4,"Development","e0e8ba1d-a1a8-492c-a490-549b4a24c221","JG3 UX3",182,"2019-02-11 08:18:07","WindowsPlayer",NA,11,"TaskEvent",0,"0.11.141",177.732208251953,-724.246948242188,-72.8817672729492,-0.824774622917175,-0.565461993217468,0,"Find Toppo's Posters,Crash Diagnostics - Mountains,History of WAT247,The Fountain","49,poster1;49,poster5;49,poster6;46,jasper;50,watershed;50,energy;5,Drill to the Water Table;5,Direct the irrigation","U4_DrillRoomV2,U4_DrillRoomV2_Quests","0.11.141","TaskActiveEvent",87,"Enter the ruins",NA
"1331","5c61d945e4194c47a15645f4",4,"Development","e0e8ba1d-a1a8-492c-a490-549b4a24c221","JG3 UX3",182,"2019-02-11 08:21:13","WindowsPlayer",NA,11,"TaskEvent",0,"0.11.141",-575.459716796875,-15.9476594924927,27.3157043457031,-0.462724775075912,-0.886502146720886,0,"Find Toppo's Posters,Crash Diagnostics - Mountains,History of WAT247,Flooding in the Bunker","49,poster1;49,poster5;49,poster6;46,jasper;50,watershed;50,energy;6,Head Inside the Bunker","U4,U4_Collectibles,U4_Quests,U4_MilitaryBase,U4_Bunker","0.11.141","TaskCompleteEvent",87,"Unlock the door",NA
"1332","5c61d946e4194c47a15645f8",4,"Development","e0e8ba1d-a1a8-492c-a490-549b4a24c221","JG3 UX3",182,"2019-02-11 08:21:13","WindowsPlayer",NA,11,"TaskEvent",0,"0.11.141",-575.459716796875,-15.9476594924927,27.3157043457031,-0.462724775075912,-0.886502146720886,0,"Find Toppo's Posters,Crash Diagnostics - Mountains,History of WAT247,Flooding in the Bunker","49,poster1;49,poster5;49,poster6;46,jasper;50,watershed;50,energy;6,Head Inside the Bunker","U4,U4_Collectibles,U4_Quests,U4_MilitaryBase,U4_Bunker","0.11.141","TaskActiveEvent",75,"Pump1",NA
"1333","5c61d946e4194c47a15645f9",4,"Development","e0e8ba1d-a1a8-492c-a490-549b4a24c221","JG3 UX3",182,"2019-02-11 08:21:13","WindowsPlayer",NA,11,"TaskEvent",0,"0.11.141",-575.459716796875,-15.9476594924927,27.3157043457031,-0.462724775075912,-0.886502146720886,0,"Find Toppo's Posters,Crash Diagnostics - Mountains,History of WAT247,Flooding in the Bunker","49,poster1;49,poster5;49,poster6;46,jasper;50,watershed;50,energy;6,Head Inside the Bunker;6,Investigate the Flood","U4,U4_Collectibles,U4_Quests,U4_MilitaryBase,U4_Bunker","0.11.141","TaskProgressEvent",87,"Enter the ruins",1
"1334","5c61d996e4194c47a15647c2",4,"Development","e0e8ba1d-a1a8-492c-a490-549b4a24c221","JG3 UX3",182,"2019-02-11 08:22:45","WindowsPlayer",NA,11,"TaskEvent",0,"0.11.141",44.3595809936523,13.6542558670044,-7.41999959945679,0.92454594373703,0.381070733070374,0,"Find Toppo's Posters,Crash Diagnostics - Mountains,History of WAT247,Checking the Armory","49,poster1;49,poster5;49,poster6;46,jasper;50,watershed;50,energy;80,Scan the Amory Floor","U4_Bunker,U4_Bunker_Quests","0.11.141","TaskProgressEvent",75,"Pump1",1
"1335","5c61d996e4194c47a15647c3",4,"Development","e0e8ba1d-a1a8-492c-a490-549b4a24c221","JG3 UX3",182,"2019-02-11 08:22:45","WindowsPlayer",NA,11,"TaskEvent",0,"0.11.141",44.3595809936523,13.6542558670044,-7.41999959945679,0.92454594373703,0.381070733070374,0,"Find Toppo's Posters,Crash Diagnostics - Mountains,History of WAT247,Checking the Armory","49,poster1;49,poster5;49,poster6;46,jasper;50,watershed;50,energy;80,Scan the Amory Floor;80,Scan the Armory Depth","U4_Bunker,U4_Bunker_Quests","0.11.141","TaskActiveEvent",75,"Pump2",NA
"1336","5c61d996e4194c47a15647c8",4,"Development","e0e8ba1d-a1a8-492c-a490-549b4a24c221","JG3 UX3",182,"2019-02-11 08:22:45","WindowsPlayer",NA,11,"TaskEvent",0,"0.11.141",44.3595809936523,13.6542558670044,-7.41999959945679,0.92454594373703,0.381070733070374,0,"Find Toppo's Posters,Crash Diagnostics - Mountains,History of WAT247,Checking the Armory","49,poster1;49,poster5;49,poster6;46,jasper;50,watershed;50,energy;80,Scan the Amory Floor","U4_Bunker,U4_Bunker_Quests","0.11.141","TaskCompleteEvent",75,"Pump1",NA
"1337","5c61d9aae4194c47a156480e",4,"Development","e0e8ba1d-a1a8-492c-a490-549b4a24c221","JG3 UX3",182,"2019-02-11 08:23:02","WindowsPlayer",NA,11,"TaskEvent",0,"0.11.141",26.2735614776611,15.625804901123,-4.69204235076904,-0.993572056293488,0.113202214241028,0,"Find Toppo's Posters,Crash Diagnostics - Mountains,History of WAT247,Checking the Armory","49,poster1;49,poster5;49,poster6;46,jasper;50,watershed;50,energy;80,Scan the Armory Depth","U4_Bunker,U4_Bunker_Quests","0.11.141","TaskActiveEvent",75,"Pump3",NA
"1338","5c61d9aae4194c47a1564810",4,"Development","e0e8ba1d-a1a8-492c-a490-549b4a24c221","JG3 UX3",182,"2019-02-11 08:23:02","WindowsPlayer",NA,11,"TaskEvent",0,"0.11.141",26.2735614776611,15.625804901123,-4.69204235076904,-0.993572056293488,0.113202214241028,0,"Find Toppo's Posters,Crash Diagnostics - Mountains,History of WAT247,Checking the Living Quarters","49,poster1;49,poster5;49,poster6;46,jasper;50,watershed;50,energy;81,Scan the Living Quarters Ceiling","U4_Bunker,U4_Bunker_Quests","0.11.141","TaskCompleteEvent",75,"Pump2",NA
"1339","5c61d9aae4194c47a1564816",4,"Development","e0e8ba1d-a1a8-492c-a490-549b4a24c221","JG3 UX3",182,"2019-02-11 08:23:02","WindowsPlayer",NA,11,"TaskEvent",0,"0.11.141",26.2735614776611,15.625804901123,-4.69204235076904,-0.993572056293488,0.113202214241028,0,"Find Toppo's Posters,Crash Diagnostics - Mountains,History of WAT247,Checking the Armory,Checking the Living Quarters","49,poster1;49,poster5;49,poster6;46,jasper;50,watershed;50,energy","U4_Bunker,U4_Bunker_Quests","0.11.141","TaskProgressEvent",75,"Pump2",1
"1340","5c61d9d2e4194c47a15648ae",4,"Development","e0e8ba1d-a1a8-492c-a490-549b4a24c221","JG3 UX3",182,"2019-02-11 08:23:39","WindowsPlayer",NA,11,"TaskEvent",0,"0.11.141",-21.4844341278076,19.6736431121826,-13.0199995040894,-0.769399166107178,-0.638768434524536,0,"Find Toppo's Posters,Crash Diagnostics - Mountains,History of WAT247,Checking the Living Quarters","49,poster1;49,poster5;49,poster6;46,jasper;50,watershed;50,energy;81,Scan the Living Quarters Floor;81,Scan the Living Quarters Depth","U4_Bunker,U4_Bunker_Quests","0.11.141","TaskProgressEvent",75,"Pump3",1
"1341","5c61d9d2e4194c47a15648b2",4,"Development","e0e8ba1d-a1a8-492c-a490-549b4a24c221","JG3 UX3",182,"2019-02-11 08:23:39","WindowsPlayer",NA,11,"TaskEvent",0,"0.11.141",-21.4844341278076,19.6736431121826,-13.0199995040894,-0.769399166107178,-0.638768434524536,0,"Find Toppo's Posters,Crash Diagnostics - Mountains,History of WAT247,Checking the Living Quarters","49,poster1;49,poster5;49,poster6;46,jasper;50,watershed;50,energy;81,Scan the Living Quarters Floor","U4_Bunker,U4_Bunker_Quests","0.11.141","TaskActiveEvent",75,"Pump4",NA
"1342","5c61d9d2e4194c47a15648b9",4,"Development","e0e8ba1d-a1a8-492c-a490-549b4a24c221","JG3 UX3",182,"2019-02-11 08:23:39","WindowsPlayer",NA,11,"TaskEvent",0,"0.11.141",-21.4844341278076,19.6736431121826,-13.0199995040894,-0.769399166107178,-0.638768434524536,0,"Find Toppo's Posters,Crash Diagnostics - Mountains,History of WAT247,Checking the Living Quarters","49,poster1;49,poster5;49,poster6;46,jasper;50,watershed;50,energy;81,Scan the Living Quarters Floor","U4_Bunker,U4_Bunker_Quests","0.11.141","TaskCompleteEvent",75,"Pump3",NA
"1343","5c61d9f5e4194c47a1564939",4,"Development","e0e8ba1d-a1a8-492c-a490-549b4a24c221","JG3 UX3",182,"2019-02-11 08:23:49","WindowsPlayer",NA,11,"TaskEvent",0,"0.11.141",-9.25922012329102,23.5826396942139,-13.0200004577637,0.992546021938324,0.121870398521423,0,"Find Toppo's Posters,Crash Diagnostics - Mountains,History of WAT247,Checking the Living Quarters","49,poster1;49,poster5;49,poster6;46,jasper;50,watershed;50,energy;81,Scan the Living Quarters Depth","U4_Bunker,U4_Bunker_Quests","0.11.141","TaskCompleteEvent",75,"BackToGardens",NA
"1344","5c61d9f5e4194c47a156493a",4,"Development","e0e8ba1d-a1a8-492c-a490-549b4a24c221","JG3 UX3",182,"2019-02-11 08:23:49","WindowsPlayer",NA,11,"TaskEvent",0,"0.11.141",-9.25922012329102,23.5826396942139,-13.0200004577637,0.992546021938324,0.121870398521423,0,"Find Toppo's Posters,Crash Diagnostics - Mountains,History of WAT247,Checking the Living Quarters,Checking the Mess Hall","49,poster1;49,poster5;49,poster6;46,jasper;50,watershed;50,energy","U4_Bunker,U4_Bunker_Quests","0.11.141","TaskActiveEvent",25,"Install Pumps",NA
"1345","5c61d9f5e4194c47a156493c",4,"Development","e0e8ba1d-a1a8-492c-a490-549b4a24c221","JG3 UX3",182,"2019-02-11 08:23:49","WindowsPlayer",NA,11,"TaskEvent",0,"0.11.141",-9.25922012329102,23.5826396942139,-13.0200004577637,0.992546021938324,0.121870398521423,0,"Find Toppo's Posters,Crash Diagnostics - Mountains,History of WAT247,Checking the Mess Hall","49,poster1;49,poster5;49,poster6;46,jasper;50,watershed;50,energy;82,Scan the Mess Hall Ceiling","U4_Bunker,U4_Bunker_Quests","0.11.141","TaskProgressEvent",75,"BackToGardens",1
"1346","5c61da04e4194c47a1564972",4,"Development","e0e8ba1d-a1a8-492c-a490-549b4a24c221","JG3 UX3",182,"2019-02-11 08:24:24","WindowsPlayer",NA,11,"TaskEvent",0,"0.11.141",46.6450843811035,32.125659942627,-18.6199989318848,-0.798635005950928,-0.601815462112427,0,"Find Toppo's Posters,Crash Diagnostics - Mountains,History of WAT247,Checking the Mess Hall","49,poster1;49,poster5;49,poster6;46,jasper;50,watershed;50,energy;82,Scan the Mess Hall Floor","U4_Bunker,U4_Bunker_Quests","0.11.141","TaskProgressEvent",25,"Install Pumps",1
"1347","5c61da04e4194c47a1564973",4,"Development","e0e8ba1d-a1a8-492c-a490-549b4a24c221","JG3 UX3",182,"2019-02-11 08:24:24","WindowsPlayer",NA,11,"TaskEvent",0,"0.11.141",46.6450843811035,32.125659942627,-18.6199989318848,-0.798635005950928,-0.601815462112427,0,"Find Toppo's Posters,Crash Diagnostics - Mountains,History of WAT247,Checking the Mess Hall","49,poster1;49,poster5;49,poster6;46,jasper;50,watershed;50,energy;82,Scan the Mess Hall Floor","U4_Bunker,U4_Bunker_Quests","0.11.141","TaskProgressEvent",75,"Pump4",1
"1348","5c61da04e4194c47a1564977",4,"Development","e0e8ba1d-a1a8-492c-a490-549b4a24c221","JG3 UX3",182,"2019-02-11 08:24:24","WindowsPlayer",NA,11,"TaskEvent",0,"0.11.141",46.6450843811035,32.125659942627,-18.6199989318848,-0.798635005950928,-0.601815462112427,0,"Find Toppo's Posters,Crash Diagnostics - Mountains,History of WAT247,Checking the Mess Hall","49,poster1;49,poster5;49,poster6;46,jasper;50,watershed;50,energy;82,Scan the Mess Hall Floor;82,Scan the Mess Hall Depth","U4_Bunker,U4_Bunker_Quests","0.11.141","TaskCompleteEvent",75,"Pump4",NA
"1349","5c61da09e4194c47a156498c",4,"Development","e0e8ba1d-a1a8-492c-a490-549b4a24c221","JG3 UX3",182,"2019-02-11 08:24:35","WindowsPlayer",NA,11,"TaskEvent",0,"0.11.141",37.8013381958008,37.4853897094727,-18.6200008392334,-0.938493311405182,0.345297515392303,0,"Find Toppo's Posters,Crash Diagnostics - Mountains,History of WAT247,Checking the Mess Hall","49,poster1;49,poster5;49,poster6;46,jasper;50,watershed;50,energy;82,Scan the Mess Hall Depth","U4_Bunker,U4_Bunker_Quests","0.11.141","TaskActiveEvent",75,"BackToGardens",NA
"1350","5c61da09e4194c47a156498d",4,"Development","e0e8ba1d-a1a8-492c-a490-549b4a24c221","JG3 UX3",182,"2019-02-11 08:24:35","WindowsPlayer",NA,11,"TaskEvent",0,"0.11.141",37.8013381958008,37.4853897094727,-18.6200008392334,-0.938493311405182,0.345297515392303,0,"Find Toppo's Posters,Crash Diagnostics - Mountains,History of WAT247,Checking the Mess Hall,Checking the Warehouse","49,poster1;49,poster5;49,poster6;46,jasper;50,watershed;50,energy","U4_Bunker,U4_Bunker_Quests","0.11.141","TaskProgressEvent",25,"Install Pumps",2
"1351","5c61da09e4194c47a1564993",4,"Development","e0e8ba1d-a1a8-492c-a490-549b4a24c221","JG3 UX3",182,"2019-02-11 08:24:35","WindowsPlayer",NA,11,"TaskEvent",0,"0.11.141",37.8013381958008,37.4853897094727,-18.6200008392334,-0.938493311405182,0.345297515392303,0,"Find Toppo's Posters,Crash Diagnostics - Mountains,History of WAT247,Checking the Warehouse","49,poster1;49,poster5;49,poster6;46,jasper;50,watershed;50,energy;83,Scan the Warehouse Ceiling","U4_Bunker,U4_Bunker_Quests","0.11.141","TaskProgressEvent",25,"Install Pumps",3
"1352","5c61da31e4194c47a1564a30",4,"Development","e0e8ba1d-a1a8-492c-a490-549b4a24c221","JG3 UX3",182,"2019-02-11 08:25:16","WindowsPlayer",NA,11,"TaskEvent",0,"0.11.141",12.3123569488525,41.9996109008789,-19.076379776001,-0.997052788734436,0.0767181515693665,0,"Find Toppo's Posters,Crash Diagnostics - Mountains,History of WAT247,Checking the Warehouse","49,poster1;49,poster5;49,poster6;46,jasper;50,watershed;50,energy;83,Scan the Warehouse Ceiling;83,Scan the Warehouse Floor","U4_Bunker,U4_Bunker_Quests","0.11.141","TaskActiveEvent",56,"Head to bed",NA
"1353","5c61da31e4194c47a1564a36",4,"Development","e0e8ba1d-a1a8-492c-a490-549b4a24c221","JG3 UX3",182,"2019-02-11 08:25:16","WindowsPlayer",NA,11,"TaskEvent",0,"0.11.141",12.3123569488525,41.9996109008789,-19.076379776001,-0.997052788734436,0.0767181515693665,0,"Find Toppo's Posters,Crash Diagnostics - Mountains,History of WAT247,Checking the Warehouse","49,poster1;49,poster5;49,poster6;46,jasper;50,watershed;50,energy;83,Scan the Warehouse Ceiling","U4_Bunker,U4_Bunker_Quests","0.11.141","TaskProgressEvent",25,"Install Pumps",4
"1354","5c61da31e4194c47a1564a37",4,"Development","e0e8ba1d-a1a8-492c-a490-549b4a24c221","JG3 UX3",182,"2019-02-11 08:25:16","WindowsPlayer",NA,11,"TaskEvent",0,"0.11.141",12.3123569488525,41.9996109008789,-19.076379776001,-0.997052788734436,0.0767181515693665,0,"Find Toppo's Posters,Crash Diagnostics - Mountains,History of WAT247,Checking the Warehouse","49,poster1;49,poster5;49,poster6;46,jasper;50,watershed;50,energy;83,Scan the Warehouse Ceiling","U4_Bunker,U4_Bunker_Quests","0.11.141","TaskCompleteEvent",25,"Install Pumps",NA
"1355","5c61dac2e4194c47a1564c7a",4,"Development","e0e8ba1d-a1a8-492c-a490-549b4a24c221","JG3 UX3",182,"2019-02-11 08:27:43","WindowsPlayer",NA,11,"TaskEvent",0,"0.11.141",-9.25935173034668,45.8186836242676,-24.0799999237061,0.0801985859870911,0.996778905391693,0,"Find Toppo's Posters,Crash Diagnostics - Mountains,History of WAT247,Argue about the Flooded Bunker","49,poster1;49,poster5;49,poster6;46,jasper;50,watershed;50,energy;12,Who Flooded the Armory?","U4_Bunker,U4_Bunker_Quests","0.11.141","TaskProgressEvent",56,"Head to bed",1
"1356","5c61dac2e4194c47a1564c7b",4,"Development","e0e8ba1d-a1a8-492c-a490-549b4a24c221","JG3 UX3",182,"2019-02-11 08:27:43","WindowsPlayer",NA,11,"TaskEvent",0,"0.11.141",-9.25935173034668,45.8186836242676,-24.0799999237061,0.0801985859870911,0.996778905391693,0,"Find Toppo's Posters,Crash Diagnostics - Mountains,History of WAT247,Argue about the Flooded Bunker","49,poster1;49,poster5;49,poster6;46,jasper;50,watershed;50,energy;12,Who Flooded the Armory?","U4_Bunker,U4_Bunker_Quests","0.11.141","TaskCompleteEvent",56,"Head to bed",NA
"1357","5c61dac2e4194c47a1564c7e",4,"Development","e0e8ba1d-a1a8-492c-a490-549b4a24c221","JG3 UX3",182,"2019-02-11 08:27:43","WindowsPlayer",NA,11,"TaskEvent",0,"0.11.141",-9.25935173034668,45.8186836242676,-24.0799999237061,0.0801985859870911,0.996778905391693,0,"Find Toppo's Posters,Crash Diagnostics - Mountains,History of WAT247,Argue about the Flooded Bunker","49,poster1;49,poster5;49,poster6;46,jasper;50,watershed;50,energy;12,Who Flooded the Armory?;12,Who Flooded the Warehouse?","U4_Bunker,U4_Bunker_Quests","0.11.141","TaskActiveEvent",59,"Get Ready",NA
"1358","5c61daeae4194c47a1564d1d",4,"Development","e0e8ba1d-a1a8-492c-a490-549b4a24c221","JG3 UX3",182,"2019-02-11 08:22:32","WindowsPlayer",NA,11,"TaskEvent",0,"0.11.141",34.5907516479492,14.0718011856079,-7.41999959945679,-0.999657332897186,-0.0261766910552979,0,"Find Toppo's Posters,Crash Diagnostics - Mountains,History of WAT247,Checking the Armory","49,poster1;49,poster5;49,poster6;46,jasper;50,watershed;50,energy;80,Scan the Armory Ceiling;80,Scan the Amory Floor","U4_Bunker,U4_Bunker_Quests","0.11.141","TaskActiveEvent",59,"Head to the Desert",NA
"1359","5c61daebe4194c47a1564d21",4,"Development","e0e8ba1d-a1a8-492c-a490-549b4a24c221","JG3 UX3",182,"2019-02-11 08:22:32","WindowsPlayer",NA,11,"TaskEvent",0,"0.11.141",34.5907516479492,14.0718011856079,-7.41999959945679,-0.999657332897186,-0.0261766910552979,0,"Find Toppo's Posters,Crash Diagnostics - Mountains,History of WAT247,Checking the Armory","49,poster1;49,poster5;49,poster6;46,jasper;50,watershed;50,energy;80,Scan the Armory Ceiling","U4_Bunker,U4_Bunker_Quests","0.11.141","TaskProgressEvent",59,"Get Ready",1
"1360","5c61daebe4194c47a1564d22",4,"Development","e0e8ba1d-a1a8-492c-a490-549b4a24c221","JG3 UX3",182,"2019-02-11 08:22:32","WindowsPlayer",NA,11,"TaskEvent",0,"0.11.141",34.5907516479492,14.0718011856079,-7.41999959945679,-0.999657332897186,-0.0261766910552979,0,"Find Toppo's Posters,Crash Diagnostics - Mountains,History of WAT247,Checking the Armory","49,poster1;49,poster5;49,poster6;46,jasper;50,watershed;50,energy;80,Scan the Armory Ceiling","U4_Bunker,U4_Bunker_Quests","0.11.141","TaskCompleteEvent",59,"Get Ready",NA
"1361","5c61db5de4194c47a1564eef",4,"Development","e0e8ba1d-a1a8-492c-a490-549b4a24c221","JG3 UX3",182,"2019-02-11 08:30:21","WindowsPlayer",NA,11,"TaskEvent",0,"0.11.141",-10.2459850311279,42.4577484130859,-24.0799999237061,-0.678159415721893,-0.734914898872375,0,"Find Toppo's Posters,Crash Diagnostics - Mountains,History of WAT247,Argue about the Flooded Bunker,Fix the Leak","49,poster1;49,poster5;49,poster6;46,jasper;50,watershed;50,energy","U4_Bunker,U4_Bunker_Quests","0.11.141","TaskActiveEvent",59,"Talk To Anderson",NA
"1362","5c61db5de4194c47a1564ef0",4,"Development","e0e8ba1d-a1a8-492c-a490-549b4a24c221","JG3 UX3",182,"2019-02-11 08:30:21","WindowsPlayer",NA,11,"TaskEvent",0,"0.11.141",-10.2459850311279,42.4577484130859,-24.0799999237061,-0.678159415721893,-0.734914898872375,0,"Find Toppo's Posters,Crash Diagnostics - Mountains,History of WAT247,Fix the Leak","49,poster1;49,poster5;49,poster6;46,jasper;50,watershed;50,energy;13,deactivate","U4_Bunker,U4_Bunker_Quests","0.11.141","TaskProgressEvent",59,"Head to the Desert",1
"1363","5c61db5ee4194c47a1564ef5",4,"Development","e0e8ba1d-a1a8-492c-a490-549b4a24c221","JG3 UX3",182,"2019-02-11 08:30:21","WindowsPlayer",NA,11,"TaskEvent",0,"0.11.141",-10.2459850311279,42.4577484130859,-24.0799999237061,-0.678159415721893,-0.734914898872375,0,"Find Toppo's Posters,Crash Diagnostics - Mountains,History of WAT247,Argue about the Flooded Bunker","49,poster1;49,poster5;49,poster6;46,jasper;50,watershed;50,energy;12,Who Flooded the Warehouse?","U4_Bunker,U4_Bunker_Quests","0.11.141","TaskCompleteEvent",59,"Head to the Desert",NA
"1364","5c61db93e4194c47a1564fa1",4,"Development","e0e8ba1d-a1a8-492c-a490-549b4a24c221","JG3 UX3",182,"2019-02-11 08:31:11","WindowsPlayer",NA,11,"TaskEvent",0,"0.11.141",-557.727355957031,-25.3102436065674,27.4689884185791,0.551936864852905,-0.83388614654541,0,"Find Toppo's Posters,Crash Diagnostics - Mountains,History of WAT247,Fix the Leak","49,poster1;49,poster5;49,poster6;46,jasper;50,watershed;50,energy;13,deactivate","U4,U4_Collectibles,U4_Quests,U4_MilitaryBase","0.11.141","TaskActiveEvent",2,"Find the Ruins",NA
"1365","5c61db93e4194c47a1564fa2",4,"Development","e0e8ba1d-a1a8-492c-a490-549b4a24c221","JG3 UX3",182,"2019-02-11 08:31:11","WindowsPlayer",NA,11,"TaskEvent",0,"0.11.141",-557.727355957031,-25.3102436065674,27.4689884185791,0.551936864852905,-0.83388614654541,0,"Find Toppo's Posters,Crash Diagnostics - Mountains,History of WAT247,Fix the Leak","49,poster1;49,poster5;49,poster6;46,jasper;50,watershed;50,energy;13,deactivate","U4,U4_Collectibles,U4_Quests,U4_MilitaryBase","0.11.141","TaskCompleteEvent",59,"Talk To Anderson",NA
"1366","5c61db94e4194c47a1564fa9",4,"Development","e0e8ba1d-a1a8-492c-a490-549b4a24c221","JG3 UX3",182,"2019-02-11 08:31:11","WindowsPlayer",NA,11,"TaskEvent",0,"0.11.141",-557.727355957031,-25.3102436065674,27.4689884185791,0.551936864852905,-0.83388614654541,0,"Find Toppo's Posters,Crash Diagnostics - Mountains,History of WAT247,Fix the Leak","49,poster1;49,poster5;49,poster6;46,jasper;50,watershed;50,energy;13,deactivate;13,report","U4,U4_Collectibles,U4_Quests,U4_MilitaryBase","0.11.141","TaskProgressEvent",59,"Talk To Anderson",1
"1367","5c61dbc5e4194c47a1565062",4,"Development","e0e8ba1d-a1a8-492c-a490-549b4a24c221","JG3 UX3",182,"2019-02-11 08:31:58","WindowsPlayer",NA,11,"TaskEvent",0,"0.11.141",-583.654907226562,750.383850097656,62.9143333435059,-0.992546200752258,-0.12186861038208,0,"Find Toppo's Posters,Crash Diagnostics - Mountains,History of WAT247,Fix the Leak,Riley’s request","49,poster1;49,poster5;49,poster6;46,jasper;50,watershed;50,energy","U4,U4_Collectibles,U4_Quests,U4_MilitaryBase","0.11.141","TaskCompleteEvent",49,"poster4",NA
"1368","5c61dbc5e4194c47a1565063",4,"Development","e0e8ba1d-a1a8-492c-a490-549b4a24c221","JG3 UX3",182,"2019-02-11 08:31:58","WindowsPlayer",NA,11,"TaskEvent",0,"0.11.141",-583.654907226562,750.383850097656,62.9143333435059,-0.992546200752258,-0.12186861038208,0,"Find Toppo's Posters,Crash Diagnostics - Mountains,History of WAT247,Fix the Leak","49,poster1;49,poster5;49,poster6;46,jasper;50,watershed;50,energy;13,report","U4,U4_Collectibles,U4_Quests,U4_MilitaryBase","0.11.141","TaskProgressEvent",49,"poster4",1
"1369","5c61dbc5e4194c47a1565064",4,"Development","e0e8ba1d-a1a8-492c-a490-549b4a24c221","JG3 UX3",182,"2019-02-11 08:31:58","WindowsPlayer",NA,11,"TaskEvent",0,"0.11.141",-583.654907226562,750.383850097656,62.9143333435059,-0.992546200752258,-0.12186861038208,0,"Find Toppo's Posters,Crash Diagnostics - Mountains,History of WAT247,Riley’s request","49,poster1;49,poster5;49,poster6;46,jasper;50,watershed;50,energy;14,fountain1","U4,U4_Collectibles,U4_Quests,U4_MilitaryBase","0.11.141","TaskActiveEvent",42,"Locate the Beacon",NA
"1370","5c61dbfde4194c47a1565142",4,"Development","e0e8ba1d-a1a8-492c-a490-549b4a24c221","JG3 UX3",182,"2019-02-11 08:32:56","WindowsPlayer",NA,11,"TaskEvent",0,"0.11.141",-61.2820358276367,606.329956054688,32.9981536865234,0.646790564060211,-0.762668013572693,0,"Find Toppo's Posters,Crash Diagnostics - Mountains,History of WAT247,Riley’s request","49,poster1;49,poster5;49,poster6;46,jasper;50,watershed;50,energy;14,fountain2","U4,U4_Collectibles,U4_Quests","0.11.141","TaskCompleteEvent",2,"Find the Ruins",NA
"1371","5c61dbfde4194c47a1565148",4,"Development","e0e8ba1d-a1a8-492c-a490-549b4a24c221","JG3 UX3",182,"2019-02-11 08:32:56","WindowsPlayer",NA,11,"TaskEvent",0,"0.11.141",-61.2820358276367,606.329956054688,32.9981536865234,0.646790564060211,-0.762668013572693,0,"Find Toppo's Posters,Crash Diagnostics - Mountains,History of WAT247,Riley’s request","49,poster1;49,poster5;49,poster6;46,jasper;50,watershed;50,energy;14,fountain2","U4,U4_Collectibles,U4_Quests","0.11.141","TaskProgressEvent",2,"Find the Ruins",1
"1372","5c61dbfde4194c47a1565150",4,"Development","e0e8ba1d-a1a8-492c-a490-549b4a24c221","JG3 UX3",182,"2019-02-11 08:32:56","WindowsPlayer",NA,11,"TaskEvent",0,"0.11.141",-61.2820358276367,606.329956054688,32.9981536865234,0.646790564060211,-0.762668013572693,0,"Find Toppo's Posters,Crash Diagnostics - Mountains,History of WAT247,Riley’s request","49,poster1;49,poster5;49,poster6;46,jasper;50,watershed;50,energy;14,fountain2;14,fountain3","U4,U4_Collectibles,U4_Quests","0.11.141","TaskActiveEvent",2,"Unlock the Door",NA
"1373","5c61dc16e4194c47a15651aa",4,"Development","e0e8ba1d-a1a8-492c-a490-549b4a24c221","JG3 UX3",182,"2019-02-11 08:33:24","WindowsPlayer",NA,11,"TaskEvent",0,"0.11.141",-204.887054443359,422.99462890625,23.8872241973877,0.707107782363892,-0.707105755805969,0,"Find Toppo's Posters,Crash Diagnostics - Mountains,History of WAT247,Riley’s request","49,poster1;49,poster5;49,poster6;46,jasper;50,watershed;50,energy;14,fountain3","U4,U4_Collectibles,U4_Quests","0.11.141","TaskProgressEvent",2,"Unlock the Door",1
"1374","5c61dc16e4194c47a15651ae",4,"Development","e0e8ba1d-a1a8-492c-a490-549b4a24c221","JG3 UX3",182,"2019-02-11 08:33:24","WindowsPlayer",NA,11,"TaskEvent",0,"0.11.141",-204.887054443359,422.99462890625,23.8872241973877,0.707107782363892,-0.707105755805969,0,"Find Toppo's Posters,Crash Diagnostics - Mountains,History of WAT247,Riley’s request","49,poster1;49,poster5;49,poster6;46,jasper;50,watershed;50,energy;14,fountain3","U4,U4_Collectibles,U4_Quests","0.11.141","TaskActiveEvent",2,"Enter the Building",NA
"1375","5c61dc16e4194c47a15651b4",4,"Development","e0e8ba1d-a1a8-492c-a490-549b4a24c221","JG3 UX3",182,"2019-02-11 08:33:24","WindowsPlayer",NA,11,"TaskEvent",0,"0.11.141",-204.887054443359,422.99462890625,23.8872241973877,0.707107782363892,-0.707105755805969,0,"Find Toppo's Posters,Crash Diagnostics - Mountains,History of WAT247,Riley’s request","49,poster1;49,poster5;49,poster6;46,jasper;50,watershed;50,energy;14,fountain3;14,Head back to Anderson","U4,U4_Collectibles,U4_Quests","0.11.141","TaskCompleteEvent",2,"Unlock the Door",NA
"1376","5c61dca2e4194c47a15653e5",4,"Development","e0e8ba1d-a1a8-492c-a490-549b4a24c221","JG3 UX3",182,"2019-02-11 08:35:45","WindowsPlayer",NA,11,"TaskEvent",0,"0.11.141",-584.85107421875,753.271728515625,63.1271820068359,-0.0157073624432087,-0.999876737594604,0,"Find Toppo's Posters,Crash Diagnostics - Mountains,History of WAT247,Riley’s request","49,poster1;49,poster5;49,poster6;46,jasper;50,watershed;50,energy;14,overflow fountain","U4,U4_Collectibles,U4_Quests,U4_MilitaryBase","0.11.141","TaskCompleteEvent",50,"infiltration",NA
"1377","5c61dca2e4194c47a15653e7",4,"Development","e0e8ba1d-a1a8-492c-a490-549b4a24c221","JG3 UX3",182,"2019-02-11 08:35:45","WindowsPlayer",NA,11,"TaskEvent",0,"0.11.141",-584.85107421875,753.271728515625,63.1271820068359,-0.0157073624432087,-0.999876737594604,0,"Find Toppo's Posters,Crash Diagnostics - Mountains,History of WAT247,Riley’s request,Third Night at Base","49,poster1;49,poster5;49,poster6;46,jasper;50,watershed;50,energy","U4,U4_Collectibles,U4_Quests,U4_MilitaryBase","0.11.141","TaskProgressEvent",50,"infiltration",1
"1378","5c61dca2e4194c47a15653f5",4,"Development","e0e8ba1d-a1a8-492c-a490-549b4a24c221","JG3 UX3",182,"2019-02-11 08:35:45","WindowsPlayer",NA,11,"TaskEvent",0,"0.11.141",-584.85107421875,753.271728515625,63.1271820068359,-0.0157073624432087,-0.999876737594604,0,"Find Toppo's Posters,Crash Diagnostics - Mountains,History of WAT247,Third Night at Base","49,poster1;49,poster5;49,poster6;46,jasper;50,watershed;50,energy;61,Head to Bed","U4,U4_Collectibles,U4_Quests,U4_MilitaryBase","0.11.141","TaskProgressEvent",2,"Enter the Building",1
"1379","5c61dccae4194c47a1565476",4,"Development","e0e8ba1d-a1a8-492c-a490-549b4a24c221","JG3 UX3",182,"2019-02-11 08:36:18","WindowsPlayer",NA,11,"TaskEvent",0,"0.11.141",6.20385503768921,-7.60911417007446,0.982291996479034,0.482230722904205,0.876044273376465,0,"Find Toppo's Posters,Crash Diagnostics - Mountains,History of WAT247,U5 - Waking up on WAT247","49,poster1;49,poster5;49,poster6;46,jasper;50,watershed;50,energy","PB_PlayerRoom","0.11.141","TaskActiveEvent",2,"Try the Controls",NA
"1380","5c61dccfe4194c47a1565c43",4,"Development","e0e8ba1d-a1a8-492c-a490-549b4a24c221","JG3 UX3",182,"2019-02-11 08:22:05","WindowsPlayer",NA,11,"TaskEvent",0,"0.11.141",26.3060245513916,14.034083366394,-4.67847061157227,0.979924857616425,-0.199367761611938,0,"Find Toppo's Posters,Crash Diagnostics - Mountains,History of WAT247,Flooding in the Bunker,Checking the Armory","49,poster1;49,poster5;49,poster6;46,jasper;50,watershed;50,energy","U4_Bunker,U4_Bunker_Quests","0.11.141","TaskCompleteEvent",2,"Enter the Building",NA
"1381","5c61dccfe4194c47a1565c86",4,"Development","e0e8ba1d-a1a8-492c-a490-549b4a24c221","JG3 UX3",182,"2019-02-11 08:02:27","WindowsPlayer",NA,11,"TaskEvent",0,"0.11.141",160.849090576172,-681.997436523438,40.9909782409668,-0.450168460607529,-0.892892062664032,-0.0095997229218483,"Find Toppo's Posters,Crash Diagnostics - Mountains,History of WAT247,Alien Village","49,poster1;49,poster5;49,poster6;46,jasper;50,watershed;50,infiltration;50,energy;2,Enter the Building","U4,U4_Collectibles,U4_Quests,U4_AlienRuins","0.11.141","TaskCompleteEvent",2,"Try the Controls",NA
"1382","5c61dccfe4194c47a1565cac",4,"Development","e0e8ba1d-a1a8-492c-a490-549b4a24c221","JG3 UX3",182,"2019-02-11 08:22:05","WindowsPlayer",NA,11,"TaskEvent",0,"0.11.141",26.3060245513916,14.034083366394,-4.67847061157227,0.979924857616425,-0.199367761611938,0,"Find Toppo's Posters,Crash Diagnostics - Mountains,History of WAT247,Checking the Armory","49,poster1;49,poster5;49,poster6;46,jasper;50,watershed;50,energy;80,Scan the Armory Ceiling","U4_Bunker,U4_Bunker_Quests","0.11.141","TaskProgressEvent",2,"Try the Controls",1
"1383","5c61dccfe4194c47a1565ceb",4,"Development","e0e8ba1d-a1a8-492c-a490-549b4a24c221","JG3 UX3",182,"2019-02-11 08:02:27","WindowsPlayer",NA,11,"TaskEvent",0,"0.11.141",160.849090576172,-681.997436523438,40.9909782409668,-0.450168460607529,-0.892892062664032,-0.0095997229218483,"Find Toppo's Posters,Crash Diagnostics - Mountains,History of WAT247,Alien Village","49,poster1;49,poster5;49,poster6;46,jasper;50,watershed;50,infiltration;50,energy;2,Enter the Building","U4,U4_Collectibles,U4_Quests,U4_AlienRuins","0.11.141","TaskActiveEvent",3,"Restore Power to B5",NA
"1384","5c61dccfe4194c47a1565d1d",4,"Development","e0e8ba1d-a1a8-492c-a490-549b4a24c221","JG3 UX3",182,"2019-02-11 08:22:05","WindowsPlayer",NA,11,"TaskEvent",0,"0.11.141",26.3060245513916,14.034083366394,-4.67847061157227,0.979924857616425,-0.199367761611938,0,"Find Toppo's Posters,Crash Diagnostics - Mountains,History of WAT247,Flooding in the Bunker","49,poster1;49,poster5;49,poster6;46,jasper;50,watershed;50,energy;6,Investigate the Flood","U4_Bunker,U4_Bunker_Quests","0.11.141","TaskProgressEvent",3,"Restore Power to B5",1
"1385","5c61dcd0e4194c47a1565ef5",4,"Development","e0e8ba1d-a1a8-492c-a490-549b4a24c221","JG3 UX3",182,"2019-02-11 08:32:25","WindowsPlayer",NA,11,"TaskEvent",0,"0.11.141",-251.255004882812,714.740234375,41.8864822387695,-0.0261757876724005,-0.99965763092041,0,"Find Toppo's Posters,Crash Diagnostics - Mountains,History of WAT247,Riley’s request","49,poster1;49,poster5;49,poster6;46,jasper;50,watershed;50,energy;14,fountain1","U4,U4_Collectibles,U4_Quests","0.11.141","TaskActiveEvent",3,"Restore Power to B4",NA
"1386","5c61dcd0e4194c47a1565ef6",4,"Development","e0e8ba1d-a1a8-492c-a490-549b4a24c221","JG3 UX3",182,"2019-02-11 08:32:25","WindowsPlayer",NA,11,"TaskEvent",0,"0.11.141",-251.255004882812,714.740234375,41.8864822387695,-0.0261757876724005,-0.99965763092041,0,"Find Toppo's Posters,Crash Diagnostics - Mountains,History of WAT247,Riley’s request","49,poster1;49,poster5;49,poster6;46,jasper;50,watershed;50,energy;14,fountain1;14,fountain2","U4,U4_Collectibles,U4_Quests","0.11.141","TaskCompleteEvent",3,"Restore Power to B5",NA
"1387","5c61dcd1e4194c47a1565fce",4,"Development","e0e8ba1d-a1a8-492c-a490-549b4a24c221","JG3 UX3",182,"2019-02-11 07:57:17","WindowsPlayer",NA,11,"TaskEvent",0,"0.11.141",5.19079208374023,-6.50011968612671,0.981924295425415,0.867167949676514,0.498015820980072,0,"Find Toppo's Posters,Crash Diagnostics - Mountains,History of WAT247,Second Day at Base","49,poster1;49,poster4;49,poster5;49,poster6;46,jasper;50,watershed;50,infiltration;50,energy","PB_PlayerRoom","0.11.141","TaskCompleteEvent",3,"Restore Power to B4",NA
"1388","5c61dcd2e4194c47a1566189",4,"Development","e0e8ba1d-a1a8-492c-a490-549b4a24c221","JG3 UX3",182,"2019-02-11 07:52:49","WindowsPlayer",NA,11,"TaskEvent",0,"0.11.141",-201.772689819336,-122.181159973145,56.4889984130859,-0.976296067237854,-0.216440081596375,0,"Find Toppo's Posters,Crash Diagnostics - Mountains,History of WAT247,Collect all the Pumps in the Alien Facility,Strange Gardening","49,poster1;49,poster4;49,poster5;49,poster6;46,jasper;50,watershed;50,infiltration;50,energy","U3_Dungeon_Side_Quest","0.11.141","TaskProgressEvent",3,"Restore Power to B4",1
"1389","5c61dcd2e4194c47a15661b5",4,"Development","e0e8ba1d-a1a8-492c-a490-549b4a24c221","JG3 UX3",182,"2019-02-11 08:17:48","WindowsPlayer",NA,11,"TaskEvent",0,"0.11.141",177.732208251953,-724.246948242188,-72.8817672729492,-0.824774622917175,-0.565461993217468,0,"Find Toppo's Posters,Crash Diagnostics - Mountains,History of WAT247,The Fountain","49,poster1;49,poster5;49,poster6;46,jasper;50,watershed;50,energy;5,Retry the Controls;5,Drill to the Water Table","U4_DrillRoomV2,U4_DrillRoomV2_Quests","0.11.141","TaskActiveEvent",3,"Restore Power to B3",NA
"1390","5c61dcd2e4194c47a15661d5",4,"Development","e0e8ba1d-a1a8-492c-a490-549b4a24c221","JG3 UX3",182,"2019-02-11 08:23:33","WindowsPlayer",NA,11,"TaskEvent",0,"0.11.141",-15.9893035888672,26.2124099731445,-13.0200004577637,-0.166769847273827,0.985995829105377,0,"Find Toppo's Posters,Crash Diagnostics - Mountains,History of WAT247,Checking the Living Quarters","49,poster1;49,poster5;49,poster6;46,jasper;50,watershed;50,energy;81,Scan the Living Quarters Ceiling","U4_Bunker,U4_Bunker_Quests","0.11.141","TaskCompleteEvent",3,"Restore Power to B3",NA
"1391","5c61dcd2e4194c47a15661ed",4,"Development","e0e8ba1d-a1a8-492c-a490-549b4a24c221","JG3 UX3",182,"2019-02-11 08:32:25","WindowsPlayer",NA,11,"TaskEvent",0,"0.11.141",-251.255004882812,714.740234375,41.8864822387695,-0.0261757876724005,-0.99965763092041,0,"Find Toppo's Posters,Crash Diagnostics - Mountains,History of WAT247,Riley’s request","49,poster1;49,poster5;49,poster6;46,jasper;50,watershed;50,energy;14,fountain1","U4,U4_Collectibles,U4_Quests","0.11.141","TaskProgressEvent",3,"Restore Power to B3",1
"1392","5c61dcd3e4194c47a156632b",4,"Development","e0e8ba1d-a1a8-492c-a490-549b4a24c221","JG3 UX3",182,"2019-02-11 08:17:48","WindowsPlayer",NA,11,"TaskEvent",0,"0.11.141",177.732208251953,-724.246948242188,-72.8817672729492,-0.824774622917175,-0.565461993217468,0,"Find Toppo's Posters,Crash Diagnostics - Mountains,History of WAT247,The Fountain","49,poster1;49,poster5;49,poster6;46,jasper;50,watershed;50,energy;5,Retry the Controls","U4_DrillRoomV2,U4_DrillRoomV2_Quests","0.11.141","TaskActiveEvent",3,"Restore Power to B2",NA
"1393","5c61dcd3e4194c47a15663ae",4,"Development","e0e8ba1d-a1a8-492c-a490-549b4a24c221","JG3 UX3",182,"2019-02-11 07:52:49","WindowsPlayer",NA,11,"TaskEvent",0,"0.11.141",-201.772689819336,-122.181159973145,56.4889984130859,-0.976296067237854,-0.216440081596375,0,"Find Toppo's Posters,Crash Diagnostics - Mountains,History of WAT247,Collect all the Pumps in the Alien Facility","49,poster1;49,poster4;49,poster5;49,poster6;46,jasper;50,watershed;50,infiltration;50,energy;75,BackToGardens","U3_Dungeon_Side_Quest","0.11.141","TaskProgressEvent",3,"Restore Power to B2",1
"1394","5c61dcd3e4194c47a15663b0",4,"Development","e0e8ba1d-a1a8-492c-a490-549b4a24c221","JG3 UX3",182,"2019-02-11 07:52:49","WindowsPlayer",NA,11,"TaskEvent",0,"0.11.141",-201.772689819336,-122.181159973145,56.4889984130859,-0.976296067237854,-0.216440081596375,0,"Find Toppo's Posters,Crash Diagnostics - Mountains,History of WAT247,Strange Gardening","49,poster1;49,poster4;49,poster5;49,poster6;46,jasper;50,watershed;50,infiltration;50,energy;25,Install Pumps","U3_Dungeon_Side_Quest","0.11.141","TaskActiveEvent",3,"Restore Power to B1",NA
"1395","5c61dcd3e4194c47a15663e3",4,"Development","e0e8ba1d-a1a8-492c-a490-549b4a24c221","JG3 UX3",182,"2019-02-11 08:17:48","WindowsPlayer",NA,11,"TaskEvent",0,"0.11.141",177.732208251953,-724.246948242188,-72.8817672729492,-0.824774622917175,-0.565461993217468,0,"Find Toppo's Posters,Crash Diagnostics - Mountains,History of WAT247,The Fountain","49,poster1;49,poster5;49,poster6;46,jasper;50,watershed;50,energy;5,Retry the Controls","U4_DrillRoomV2,U4_DrillRoomV2_Quests","0.11.141","TaskCompleteEvent",3,"Restore Power to B2",NA
"1396","5c61dcd3e4194c47a1566402",4,"Development","e0e8ba1d-a1a8-492c-a490-549b4a24c221","JG3 UX3",182,"2019-02-11 08:23:33","WindowsPlayer",NA,11,"TaskEvent",0,"0.11.141",-15.9893035888672,26.2124099731445,-13.0200004577637,-0.166769847273827,0.985995829105377,0,"Find Toppo's Posters,Crash Diagnostics - Mountains,History of WAT247,Checking the Living Quarters","49,poster1;49,poster5;49,poster6;46,jasper;50,watershed;50,energy;81,Scan the Living Quarters Ceiling","U4_Bunker,U4_Bunker_Quests","0.11.141","TaskCompleteEvent",3,"Restore Power to B1",NA
"1397","5c61dcd3e4194c47a1566403",4,"Development","e0e8ba1d-a1a8-492c-a490-549b4a24c221","JG3 UX3",182,"2019-02-11 08:23:33","WindowsPlayer",NA,11,"TaskEvent",0,"0.11.141",-15.9893035888672,26.2124099731445,-13.0200004577637,-0.166769847273827,0.985995829105377,0,"Find Toppo's Posters,Crash Diagnostics - Mountains,History of WAT247,Checking the Living Quarters","49,poster1;49,poster5;49,poster6;46,jasper;50,watershed;50,energy;81,Scan the Living Quarters Ceiling;81,Scan the Living Quarters Floor","U4_Bunker,U4_Bunker_Quests","0.11.141","TaskProgressEvent",3,"Restore Power to B1",1
"1398","5c61dcd3e4194c47a1566431",4,"Development","e0e8ba1d-a1a8-492c-a490-549b4a24c221","JG3 UX3",182,"2019-02-11 08:24:18","WindowsPlayer",NA,11,"TaskEvent",0,"0.11.141",50.0343284606934,33.7657928466797,-18.6200008392334,-0.120137758553028,0.992757260799408,0,"Find Toppo's Posters,Crash Diagnostics - Mountains,History of WAT247,Checking the Mess Hall","49,poster1;49,poster5;49,poster6;46,jasper;50,watershed;50,energy;82,Scan the Mess Hall Ceiling","U4_Bunker,U4_Bunker_Quests","0.11.141","TaskActiveEvent",5,"Retry the Controls",NA
"1399","5c61dcd3e4194c47a1566449",4,"Development","e0e8ba1d-a1a8-492c-a490-549b4a24c221","JG3 UX3",182,"2019-02-11 08:25:29","WindowsPlayer",NA,11,"TaskEvent",0,"0.11.141",-17.9340515136719,52.1393432617188,-24.0799999237061,0.881303131580353,0.472551465034485,0,"Find Toppo's Posters,Crash Diagnostics - Mountains,History of WAT247,Checking the Warehouse","49,poster1;49,poster5;49,poster6;46,jasper;50,watershed;50,energy;83,Scan the Warehouse Floor","U4_Bunker,U4_Bunker_Quests","0.11.141","TaskProgressEvent",5,"Retry the Controls",1
"1400","5c61dcd3e4194c47a156644a",4,"Development","e0e8ba1d-a1a8-492c-a490-549b4a24c221","JG3 UX3",182,"2019-02-11 08:25:29","WindowsPlayer",NA,11,"TaskEvent",0,"0.11.141",-17.9340515136719,52.1393432617188,-24.0799999237061,0.881303131580353,0.472551465034485,0,"Find Toppo's Posters,Crash Diagnostics - Mountains,History of WAT247,Checking the Warehouse","49,poster1;49,poster5;49,poster6;46,jasper;50,watershed;50,energy;83,Scan the Warehouse Floor","U4_Bunker,U4_Bunker_Quests","0.11.141","TaskCompleteEvent",5,"Retry the Controls",NA
"1401","5c61dcd3e4194c47a15664ab",4,"Development","e0e8ba1d-a1a8-492c-a490-549b4a24c221","JG3 UX3",182,"2019-02-11 08:25:42","WindowsPlayer",NA,11,"TaskEvent",0,"0.11.141",-9.42733192443848,45.8695068359375,-24.0799999237061,0.991894423961639,-0.12706446647644,0,"Find Toppo's Posters,Crash Diagnostics - Mountains,History of WAT247,Argue about the Flooded Bunker","49,poster1;49,poster5;49,poster6;46,jasper;50,watershed;50,energy;12,Who Flooded the Armory?","U4_Bunker,U4_Bunker_Quests","0.11.141","TaskActiveEvent",5,"Drill to the Water Table",NA
"1402","5c61dcd3e4194c47a156650e",4,"Development","e0e8ba1d-a1a8-492c-a490-549b4a24c221","JG3 UX3",182,"2019-02-11 08:02:32","WindowsPlayer",NA,11,"TaskEvent",0,"0.11.141",164.527557373047,-690.736083984375,41.2735710144043,-0.242900490760803,-0.970037341117859,-0.00517977587878704,"Find Toppo's Posters,Crash Diagnostics - Mountains,History of WAT247,Alien Village","49,poster1;49,poster5;49,poster6;46,jasper;50,watershed;50,energy;2,Enter the Building","U4,U4_Collectibles,U4_Quests,U4_AlienRuins,U4_DrillRoomV2","0.11.141","TaskActiveEvent",5,"Direct the irrigation",NA
"1403","5c61dcd3e4194c47a1566512",4,"Development","e0e8ba1d-a1a8-492c-a490-549b4a24c221","JG3 UX3",182,"2019-02-11 08:02:32","WindowsPlayer",NA,11,"TaskEvent",0,"0.11.141",164.527557373047,-690.736083984375,41.2735710144043,-0.242900490760803,-0.970037341117859,-0.00517977587878704,"Find Toppo's Posters,Crash Diagnostics - Mountains,History of WAT247,Alien Village","49,poster1;49,poster5;49,poster6;46,jasper;50,watershed;50,energy;2,Enter the Building;2,Try the Controls","U4,U4_Collectibles,U4_Quests,U4_AlienRuins,U4_DrillRoomV2","0.11.141","TaskCompleteEvent",5,"Drill to the Water Table",NA
"1404","5c61dcd4e4194c47a1566546",4,"Development","e0e8ba1d-a1a8-492c-a490-549b4a24c221","JG3 UX3",182,"2019-02-11 08:24:18","WindowsPlayer",NA,11,"TaskEvent",0,"0.11.141",50.0343284606934,33.7657928466797,-18.6200008392334,-0.120137758553028,0.992757260799408,0,"Find Toppo's Posters,Crash Diagnostics - Mountains,History of WAT247,Checking the Mess Hall","49,poster1;49,poster5;49,poster6;46,jasper;50,watershed;50,energy;82,Scan the Mess Hall Ceiling","U4_Bunker,U4_Bunker_Quests","0.11.141","TaskProgressEvent",5,"Drill to the Water Table",1
"1405","5c61dcd4e4194c47a15665bc",4,"Development","e0e8ba1d-a1a8-492c-a490-549b4a24c221","JG3 UX3",182,"2019-02-11 08:25:42","WindowsPlayer",NA,11,"TaskEvent",0,"0.11.141",-9.42733192443848,45.8695068359375,-24.0799999237061,0.991894423961639,-0.12706446647644,0,"Find Toppo's Posters,Crash Diagnostics - Mountains,History of WAT247,Checking the Warehouse","49,poster1;49,poster5;49,poster6;46,jasper;50,watershed;50,energy;83,Scan the Warehouse Depth","U4_Bunker,U4_Bunker_Quests","0.11.141","TaskCompleteEvent",5,"Direct the irrigation",NA
"1406","5c61dcd4e4194c47a1566605",4,"Development","e0e8ba1d-a1a8-492c-a490-549b4a24c221","JG3 UX3",182,"2019-02-11 08:02:32","WindowsPlayer",NA,11,"TaskEvent",0,"0.11.141",164.527557373047,-690.736083984375,41.2735710144043,-0.242900490760803,-0.970037341117859,-0.00517977587878704,"Find Toppo's Posters,Crash Diagnostics - Mountains,History of WAT247,Alien Village","49,poster1;49,poster5;49,poster6;46,jasper;50,watershed;50,energy;2,Enter the Building","U4,U4_Collectibles,U4_Quests,U4_AlienRuins,U4_DrillRoomV2","0.11.141","TaskProgressEvent",5,"Direct the irrigation",1
"1407","5c61dcd4e4194c47a156664c",4,"Development","e0e8ba1d-a1a8-492c-a490-549b4a24c221","JG3 UX3",182,"2019-02-11 08:24:18","WindowsPlayer",NA,11,"TaskEvent",0,"0.11.141",50.0343284606934,33.7657928466797,-18.6200008392334,-0.120137758553028,0.992757260799408,0,"Find Toppo's Posters,Crash Diagnostics - Mountains,History of WAT247,Checking the Mess Hall","49,poster1;49,poster5;49,poster6;46,jasper;50,watershed;50,energy;82,Scan the Mess Hall Ceiling;82,Scan the Mess Hall Floor","U4_Bunker,U4_Bunker_Quests","0.11.141","TaskActiveEvent",6,"Head Inside the Bunker",NA
"1408","5c61dcd4e4194c47a1566657",4,"Development","e0e8ba1d-a1a8-492c-a490-549b4a24c221","JG3 UX3",182,"2019-02-11 08:25:29","WindowsPlayer",NA,11,"TaskEvent",0,"0.11.141",-17.9340515136719,52.1393432617188,-24.0799999237061,0.881303131580353,0.472551465034485,0,"Find Toppo's Posters,Crash Diagnostics - Mountains,History of WAT247,Checking the Warehouse","49,poster1;49,poster5;49,poster6;46,jasper;50,watershed;50,energy;83,Scan the Warehouse Floor;83,Scan the Warehouse Depth","U4_Bunker,U4_Bunker_Quests","0.11.141","TaskProgressEvent",6,"Head Inside the Bunker",1
"1409","5c61dcd4e4194c47a15666ce",4,"Development","e0e8ba1d-a1a8-492c-a490-549b4a24c221","JG3 UX3",182,"2019-02-11 08:25:42","WindowsPlayer",NA,11,"TaskEvent",0,"0.11.141",-9.42733192443848,45.8695068359375,-24.0799999237061,0.991894423961639,-0.12706446647644,0,"Find Toppo's Posters,Crash Diagnostics - Mountains,History of WAT247,Checking the Warehouse,Argue about the Flooded Bunker","49,poster1;49,poster5;49,poster6;46,jasper;50,watershed;50,energy","U4_Bunker,U4_Bunker_Quests","0.11.141","TaskCompleteEvent",6,"Head Inside the Bunker",NA
"1410","5c61dcd4e4194c47a156676b",4,"Development","e0e8ba1d-a1a8-492c-a490-549b4a24c221","JG3 UX3",182,"2019-02-11 08:34:33","WindowsPlayer",NA,11,"TaskEvent",0,"0.11.141",-585.910827636719,752.050842285156,63.0065879821777,-0.0174523666501045,-0.999847650527954,0,"Find Toppo's Posters,Crash Diagnostics - Mountains,History of WAT247,Riley’s request","49,poster1;49,poster5;49,poster6;46,jasper;50,watershed;50,energy;14,Head back to Anderson","U4,U4_Collectibles,U4_Quests,U4_MilitaryBase","0.11.141","TaskActiveEvent",6,"Investigate the Flood",NA
"1411","5c61dcd4e4194c47a156676c",4,"Development","e0e8ba1d-a1a8-492c-a490-549b4a24c221","JG3 UX3",182,"2019-02-11 08:34:33","WindowsPlayer",NA,11,"TaskEvent",0,"0.11.141",-585.910827636719,752.050842285156,63.0065879821777,-0.0174523666501045,-0.999847650527954,0,"Find Toppo's Posters,Crash Diagnostics - Mountains,History of WAT247,Riley’s request","49,poster1;49,poster5;49,poster6;46,jasper;50,watershed;50,energy;14,Head back to Anderson","U4,U4_Collectibles,U4_Quests,U4_MilitaryBase","0.11.141","TaskActiveEvent",80,"Scan the Armory Ceiling",NA
"1412","5c61dcd4e4194c47a156676d",4,"Development","e0e8ba1d-a1a8-492c-a490-549b4a24c221","JG3 UX3",182,"2019-02-11 08:34:33","WindowsPlayer",NA,11,"TaskEvent",0,"0.11.141",-585.910827636719,752.050842285156,63.0065879821777,-0.0174523666501045,-0.999847650527954,0,"Find Toppo's Posters,Crash Diagnostics - Mountains,History of WAT247,Riley’s request","49,poster1;49,poster5;49,poster6;46,jasper;50,watershed;50,energy;14,Head back to Anderson;14,overflow fountain","U4,U4_Collectibles,U4_Quests,U4_MilitaryBase","0.11.141","TaskProgressEvent",6,"Investigate the Flood",1
"1413","5c61dcd4e4194c47a15667c7",4,"Development","e0e8ba1d-a1a8-492c-a490-549b4a24c221","JG3 UX3",182,"2019-02-11 08:36:16","WindowsPlayer",NA,11,"TaskEvent",0,"0.11.141",6.20385503768921,-7.60911417007446,0.982291996479034,0.480700969696045,0.876884579658508,0,"Find Toppo's Posters,Crash Diagnostics - Mountains,History of WAT247,Third Night at Base","49,poster1;49,poster5;49,poster6;46,jasper;50,watershed;50,energy;61,Head to Bed","PB_PlayerRoom","0.11.141","TaskCompleteEvent",6,"Investigate the Flood",NA
"1414","5c61dcd5e4194c47a1566829",4,"Development","e0e8ba1d-a1a8-492c-a490-549b4a24c221","JG3 UX3",182,"2019-02-11 08:36:16","WindowsPlayer",NA,11,"TaskEvent",0,"0.11.141",6.20385503768921,-7.60911417007446,0.982291996479034,0.480700969696045,0.876884579658508,0,"Find Toppo's Posters,Crash Diagnostics - Mountains,History of WAT247","49,poster1;49,poster5;49,poster6;46,jasper;50,watershed;50,energy","PB_PlayerRoom","0.11.141","TaskActiveEvent",80,"Scan the Amory Floor",NA
"1415","5c65eb46e4194c47a1580d25",4,"Development","e0e8ba1d-a1a8-492c-a490-549b4a24c221","JG3 UX3",182,"2019-02-11 08:02:27","WindowsPlayer",NA,11,"TaskEvent",0,"0.11.141",160.849090576172,-681.997436523438,40.9909782409668,-0.450168460607529,-0.892892062664032,-0.0095997229218483,"Find Toppo's Posters,Crash Diagnostics - Mountains,History of WAT247,Alien Village","49,poster1;49,poster5;49,poster6;46,jasper;50,watershed;50,infiltration;50,energy;2,Enter the Building","U4,U4_Collectibles,U4_Quests,U4_AlienRuins","0.11.141","TaskCompleteEvent",80,"Scan the Armory Ceiling",NA
"1416","5c65eb46e4194c47a1580d26",4,"Development","e0e8ba1d-a1a8-492c-a490-549b4a24c221","JG3 UX3",182,"2019-02-11 08:02:27","WindowsPlayer",NA,11,"TaskEvent",0,"0.11.141",160.849090576172,-681.997436523438,40.9909782409668,-0.450168460607529,-0.892892062664032,-0.0095997229218483,"Find Toppo's Posters,Crash Diagnostics - Mountains,History of WAT247,Alien Village","49,poster1;49,poster5;49,poster6;46,jasper;50,watershed;50,infiltration;50,energy;2,Enter the Building","U4,U4_Collectibles,U4_Quests,U4_AlienRuins","0.11.141","TaskProgressEvent",80,"Scan the Armory Ceiling",1
"1417","5c65ec49e4194c47a1581112",4,"Development","e0e8ba1d-a1a8-492c-a490-549b4a24c221","JG3 UX3",182,"2019-02-11 07:57:17","WindowsPlayer",NA,11,"TaskEvent",0,"0.11.141",5.19079208374023,-6.50011968612671,0.981924295425415,0.867167949676514,0.498015820980072,0,"Find Toppo's Posters,Crash Diagnostics - Mountains,History of WAT247,Second Day at Base","49,poster1;49,poster4;49,poster5;49,poster6;46,jasper;50,watershed;50,infiltration;50,energy","PB_PlayerRoom","0.11.141","TaskProgressEvent",80,"Scan the Amory Floor",1
"1418","5c65ed75e4194c47a15815d5",4,"Development","e0e8ba1d-a1a8-492c-a490-549b4a24c221","JG3 UX3",182,"2019-02-11 08:22:05","WindowsPlayer",NA,11,"TaskEvent",0,"0.11.141",26.3060245513916,14.034083366394,-4.67847061157227,0.979924857616425,-0.199367761611938,0,"Find Toppo's Posters,Crash Diagnostics - Mountains,History of WAT247,Flooding in the Bunker","49,poster1;49,poster5;49,poster6;46,jasper;50,watershed;50,energy;6,Investigate the Flood","U4_Bunker,U4_Bunker_Quests","0.11.141","TaskActiveEvent",80,"Scan the Armory Depth",NA
"1419","5c65ed75e4194c47a15815d7",4,"Development","e0e8ba1d-a1a8-492c-a490-549b4a24c221","JG3 UX3",182,"2019-02-11 08:22:05","WindowsPlayer",NA,11,"TaskEvent",0,"0.11.141",26.3060245513916,14.034083366394,-4.67847061157227,0.979924857616425,-0.199367761611938,0,"Find Toppo's Posters,Crash Diagnostics - Mountains,History of WAT247,Flooding in the Bunker,Checking the Armory","49,poster1;49,poster5;49,poster6;46,jasper;50,watershed;50,energy","U4_Bunker,U4_Bunker_Quests","0.11.141","TaskCompleteEvent",80,"Scan the Amory Floor",NA
"1420","5c65ed75e4194c47a15815d9",4,"Development","e0e8ba1d-a1a8-492c-a490-549b4a24c221","JG3 UX3",182,"2019-02-11 08:22:05","WindowsPlayer",NA,11,"TaskEvent",0,"0.11.141",26.3060245513916,14.034083366394,-4.67847061157227,0.979924857616425,-0.199367761611938,0,"Find Toppo's Posters,Crash Diagnostics - Mountains,History of WAT247,Checking the Armory","49,poster1;49,poster5;49,poster6;46,jasper;50,watershed;50,energy;80,Scan the Armory Ceiling","U4_Bunker,U4_Bunker_Quests","0.11.141","TaskProgressEvent",80,"Scan the Armory Depth",1
"1421","5c65eda8e4194c47a15816ae",4,"Development","e0e8ba1d-a1a8-492c-a490-549b4a24c221","JG3 UX3",182,"2019-02-11 08:25:42","WindowsPlayer",NA,11,"TaskEvent",0,"0.11.141",-9.42733192443848,45.8695068359375,-24.0799999237061,0.991894423961639,-0.12706446647644,0,"Find Toppo's Posters,Crash Diagnostics - Mountains,History of WAT247,Checking the Warehouse","49,poster1;49,poster5;49,poster6;46,jasper;50,watershed;50,energy;83,Scan the Warehouse Depth","U4_Bunker,U4_Bunker_Quests","0.11.141","TaskCompleteEvent",80,"Scan the Armory Depth",NA
"1422","5c65eda8e4194c47a15816b2",4,"Development","e0e8ba1d-a1a8-492c-a490-549b4a24c221","JG3 UX3",182,"2019-02-11 08:25:42","WindowsPlayer",NA,11,"TaskEvent",0,"0.11.141",-9.42733192443848,45.8695068359375,-24.0799999237061,0.991894423961639,-0.12706446647644,0,"Find Toppo's Posters,Crash Diagnostics - Mountains,History of WAT247,Checking the Warehouse,Argue about the Flooded Bunker","49,poster1;49,poster5;49,poster6;46,jasper;50,watershed;50,energy","U4_Bunker,U4_Bunker_Quests","0.11.141","TaskActiveEvent",81,"Scan the Living Quarters Ceiling",NA
"1423","5c65eda8e4194c47a15816b3",4,"Development","e0e8ba1d-a1a8-492c-a490-549b4a24c221","JG3 UX3",182,"2019-02-11 08:25:42","WindowsPlayer",NA,11,"TaskEvent",0,"0.11.141",-9.42733192443848,45.8695068359375,-24.0799999237061,0.991894423961639,-0.12706446647644,0,"Find Toppo's Posters,Crash Diagnostics - Mountains,History of WAT247,Argue about the Flooded Bunker","49,poster1;49,poster5;49,poster6;46,jasper;50,watershed;50,energy;12,Who Flooded the Armory?","U4_Bunker,U4_Bunker_Quests","0.11.141","TaskCompleteEvent",81,"Scan the Living Quarters Ceiling",NA
"1424","5c65ef71e4194c47a1581dda",4,"Development","e0e8ba1d-a1a8-492c-a490-549b4a24c221","JG3 UX3",182,"2019-02-11 08:25:29","WindowsPlayer",NA,11,"TaskEvent",0,"0.11.141",-17.9340515136719,52.1393432617188,-24.0799999237061,0.881303131580353,0.472551465034485,0,"Find Toppo's Posters,Crash Diagnostics - Mountains,History of WAT247,Checking the Warehouse","49,poster1;49,poster5;49,poster6;46,jasper;50,watershed;50,energy;83,Scan the Warehouse Floor","U4_Bunker,U4_Bunker_Quests","0.11.141","TaskProgressEvent",81,"Scan the Living Quarters Ceiling",1
"1425","5c65ef71e4194c47a1581ddb",4,"Development","e0e8ba1d-a1a8-492c-a490-549b4a24c221","JG3 UX3",182,"2019-02-11 08:25:29","WindowsPlayer",NA,11,"TaskEvent",0,"0.11.141",-17.9340515136719,52.1393432617188,-24.0799999237061,0.881303131580353,0.472551465034485,0,"Find Toppo's Posters,Crash Diagnostics - Mountains,History of WAT247,Checking the Warehouse","49,poster1;49,poster5;49,poster6;46,jasper;50,watershed;50,energy;83,Scan the Warehouse Floor","U4_Bunker,U4_Bunker_Quests","0.11.141","TaskActiveEvent",81,"Scan the Living Quarters Floor",NA
"1426","5c65ef71e4194c47a1581ddc",4,"Development","e0e8ba1d-a1a8-492c-a490-549b4a24c221","JG3 UX3",182,"2019-02-11 08:25:29","WindowsPlayer",NA,11,"TaskEvent",0,"0.11.141",-17.9340515136719,52.1393432617188,-24.0799999237061,0.881303131580353,0.472551465034485,0,"Find Toppo's Posters,Crash Diagnostics - Mountains,History of WAT247,Checking the Warehouse","49,poster1;49,poster5;49,poster6;46,jasper;50,watershed;50,energy;83,Scan the Warehouse Floor;83,Scan the Warehouse Depth","U4_Bunker,U4_Bunker_Quests","0.11.141","TaskProgressEvent",81,"Scan the Living Quarters Floor",1
"1427","5c65ef99e4194c47a1581e7f",4,"Development","e0e8ba1d-a1a8-492c-a490-549b4a24c221","JG3 UX3",182,"2019-02-11 07:52:49","WindowsPlayer",NA,11,"TaskEvent",0,"0.11.141",-201.772689819336,-122.181159973145,56.4889984130859,-0.976296067237854,-0.216440081596375,0,"Find Toppo's Posters,Crash Diagnostics - Mountains,History of WAT247,Collect all the Pumps in the Alien Facility","49,poster1;49,poster4;49,poster5;49,poster6;46,jasper;50,watershed;50,infiltration;50,energy;75,BackToGardens","U3_Dungeon_Side_Quest","0.11.141","TaskActiveEvent",81,"Scan the Living Quarters Depth",NA
"1428","5c65ef99e4194c47a1581e80",4,"Development","e0e8ba1d-a1a8-492c-a490-549b4a24c221","JG3 UX3",182,"2019-02-11 07:52:49","WindowsPlayer",NA,11,"TaskEvent",0,"0.11.141",-201.772689819336,-122.181159973145,56.4889984130859,-0.976296067237854,-0.216440081596375,0,"Find Toppo's Posters,Crash Diagnostics - Mountains,History of WAT247,Collect all the Pumps in the Alien Facility,Strange Gardening","49,poster1;49,poster4;49,poster5;49,poster6;46,jasper;50,watershed;50,infiltration;50,energy","U3_Dungeon_Side_Quest","0.11.141","TaskCompleteEvent",81,"Scan the Living Quarters Floor",NA
"1429","5c65ef99e4194c47a1581e81",4,"Development","e0e8ba1d-a1a8-492c-a490-549b4a24c221","JG3 UX3",182,"2019-02-11 07:52:49","WindowsPlayer",NA,11,"TaskEvent",0,"0.11.141",-201.772689819336,-122.181159973145,56.4889984130859,-0.976296067237854,-0.216440081596375,0,"Find Toppo's Posters,Crash Diagnostics - Mountains,History of WAT247,Strange Gardening","49,poster1;49,poster4;49,poster5;49,poster6;46,jasper;50,watershed;50,infiltration;50,energy;25,Install Pumps","U3_Dungeon_Side_Quest","0.11.141","TaskCompleteEvent",81,"Scan the Living Quarters Depth",NA
"1430","5c65efa8e4194c47a1581eb8",4,"Development","e0e8ba1d-a1a8-492c-a490-549b4a24c221","JG3 UX3",182,"2019-02-11 08:24:18","WindowsPlayer",NA,11,"TaskEvent",0,"0.11.141",50.0343284606934,33.7657928466797,-18.6200008392334,-0.120137758553028,0.992757260799408,0,"Find Toppo's Posters,Crash Diagnostics - Mountains,History of WAT247,Checking the Mess Hall","49,poster1;49,poster5;49,poster6;46,jasper;50,watershed;50,energy;82,Scan the Mess Hall Ceiling","U4_Bunker,U4_Bunker_Quests","0.11.141","TaskActiveEvent",82,"Scan the Mess Hall Ceiling",NA
"1431","5c65efa8e4194c47a1581eb9",4,"Development","e0e8ba1d-a1a8-492c-a490-549b4a24c221","JG3 UX3",182,"2019-02-11 08:24:18","WindowsPlayer",NA,11,"TaskEvent",0,"0.11.141",50.0343284606934,33.7657928466797,-18.6200008392334,-0.120137758553028,0.992757260799408,0,"Find Toppo's Posters,Crash Diagnostics - Mountains,History of WAT247,Checking the Mess Hall","49,poster1;49,poster5;49,poster6;46,jasper;50,watershed;50,energy;82,Scan the Mess Hall Ceiling","U4_Bunker,U4_Bunker_Quests","0.11.141","TaskProgressEvent",81,"Scan the Living Quarters Depth",1
"1432","5c65efa8e4194c47a1581eba",4,"Development","e0e8ba1d-a1a8-492c-a490-549b4a24c221","JG3 UX3",182,"2019-02-11 08:24:18","WindowsPlayer",NA,11,"TaskEvent",0,"0.11.141",50.0343284606934,33.7657928466797,-18.6200008392334,-0.120137758553028,0.992757260799408,0,"Find Toppo's Posters,Crash Diagnostics - Mountains,History of WAT247,Checking the Mess Hall","49,poster1;49,poster5;49,poster6;46,jasper;50,watershed;50,energy;82,Scan the Mess Hall Ceiling;82,Scan the Mess Hall Floor","U4_Bunker,U4_Bunker_Quests","0.11.141","TaskProgressEvent",82,"Scan the Mess Hall Ceiling",1
"1433","5c65efc1e4194c47a1581f1a",4,"Development","e0e8ba1d-a1a8-492c-a490-549b4a24c221","JG3 UX3",182,"2019-02-11 07:59:05","WindowsPlayer",NA,11,"TaskEvent",0,"0.11.141",-592.760131835938,736.127563476562,62.2262840270996,-0.995104551315308,-0.0965216606855392,-0.0212203785777092,"Find Toppo's Posters,Crash Diagnostics - Mountains,History of WAT247,Alien Village","49,poster1;49,poster4;49,poster5;49,poster6;46,jasper;50,watershed;50,infiltration;50,energy;2,Find the Ruins","U4,U4_Collectibles,U4_Quests,U4_MilitaryBase","0.11.141","TaskActiveEvent",82,"Scan the Mess Hall Floor",NA
"1434","5c65efc1e4194c47a1581f1f",4,"Development","e0e8ba1d-a1a8-492c-a490-549b4a24c221","JG3 UX3",182,"2019-02-11 07:59:05","WindowsPlayer",NA,11,"TaskEvent",0,"0.11.141",-592.760131835938,736.127563476562,62.2262840270996,-0.995104551315308,-0.0965216606855392,-0.0212203785777092,"Find Toppo's Posters,Crash Diagnostics - Mountains,History of WAT247,Alien Village","49,poster1;49,poster4;49,poster5;49,poster6;46,jasper;50,watershed;50,infiltration;50,energy;2,Find the Ruins","U4,U4_Collectibles,U4_Quests,U4_MilitaryBase","0.11.141","TaskCompleteEvent",82,"Scan the Mess Hall Ceiling",NA
"1435","5c65f06be4194c47a15821ca",4,"Development","e0e8ba1d-a1a8-492c-a490-549b4a24c221","JG3 UX3",182,"2019-02-11 08:36:16","WindowsPlayer",NA,11,"TaskEvent",0,"0.11.141",6.20385503768921,-7.60911417007446,0.982291996479034,0.480700969696045,0.876884579658508,0,"Find Toppo's Posters,Crash Diagnostics - Mountains,History of WAT247,Third Night at Base","49,poster1;49,poster5;49,poster6;46,jasper;50,watershed;50,energy;61,Head to Bed","PB_PlayerRoom","0.11.141","TaskProgressEvent",82,"Scan the Mess Hall Floor",1
"1436","5c65f06be4194c47a15821cb",4,"Development","e0e8ba1d-a1a8-492c-a490-549b4a24c221","JG3 UX3",182,"2019-02-11 08:36:16","WindowsPlayer",NA,11,"TaskEvent",0,"0.11.141",6.20385503768921,-7.60911417007446,0.982291996479034,0.480700969696045,0.876884579658508,0,"Find Toppo's Posters,Crash Diagnostics - Mountains,History of WAT247","49,poster1;49,poster5;49,poster6;46,jasper;50,watershed;50,energy","PB_PlayerRoom","0.11.141","TaskCompleteEvent",82,"Scan the Mess Hall Floor",NA
"1437","5c65f0cfe4194c47a1582367",4,"Development","e0e8ba1d-a1a8-492c-a490-549b4a24c221","JG3 UX3",182,"2019-02-11 08:34:33","WindowsPlayer",NA,11,"TaskEvent",0,"0.11.141",-585.910827636719,752.050842285156,63.0065879821777,-0.0174523666501045,-0.999847650527954,0,"Find Toppo's Posters,Crash Diagnostics - Mountains,History of WAT247,Riley’s request","49,poster1;49,poster5;49,poster6;46,jasper;50,watershed;50,energy;14,Head back to Anderson","U4,U4_Collectibles,U4_Quests,U4_MilitaryBase","0.11.141","TaskActiveEvent",82,"Scan the Mess Hall Depth",NA
"1438","5c65f0cfe4194c47a158236c",4,"Development","e0e8ba1d-a1a8-492c-a490-549b4a24c221","JG3 UX3",182,"2019-02-11 08:34:33","WindowsPlayer",NA,11,"TaskEvent",0,"0.11.141",-585.910827636719,752.050842285156,63.0065879821777,-0.0174523666501045,-0.999847650527954,0,"Find Toppo's Posters,Crash Diagnostics - Mountains,History of WAT247,Riley’s request","49,poster1;49,poster5;49,poster6;46,jasper;50,watershed;50,energy;14,Head back to Anderson","U4,U4_Collectibles,U4_Quests,U4_MilitaryBase","0.11.141","TaskProgressEvent",82,"Scan the Mess Hall Depth",1
"1439","5c65f0cfe4194c47a158236d",4,"Development","e0e8ba1d-a1a8-492c-a490-549b4a24c221","JG3 UX3",182,"2019-02-11 08:34:33","WindowsPlayer",NA,11,"TaskEvent",0,"0.11.141",-585.910827636719,752.050842285156,63.0065879821777,-0.0174523666501045,-0.999847650527954,0,"Find Toppo's Posters,Crash Diagnostics - Mountains,History of WAT247,Riley’s request","49,poster1;49,poster5;49,poster6;46,jasper;50,watershed;50,energy;14,Head back to Anderson;14,overflow fountain","U4,U4_Collectibles,U4_Quests,U4_MilitaryBase","0.11.141","TaskCompleteEvent",82,"Scan the Mess Hall Depth",NA
"1440","5c65f160e4194c47a15825b2",4,"Development","e0e8ba1d-a1a8-492c-a490-549b4a24c221","JG3 UX3",182,"2019-02-11 07:57:56","WindowsPlayer",NA,11,"TaskEvent",0,"0.11.141",-53.1185531616211,-158.469497680664,58.9669380187988,-0.776396214962006,0.630245208740234,0,"Find Toppo's Posters,Crash Diagnostics - Mountains,History of WAT247,Second Day at Base","49,poster1;49,poster4;49,poster5;49,poster6;46,jasper;50,watershed;50,infiltration;50,energy;59,Get Ready","Player_Base","0.11.141","TaskActiveEvent",83,"Scan the Warehouse Ceiling",NA
"1441","5c65f161e4194c47a15825be",4,"Development","e0e8ba1d-a1a8-492c-a490-549b4a24c221","JG3 UX3",182,"2019-02-11 07:57:56","WindowsPlayer",NA,11,"TaskEvent",0,"0.11.141",-53.1185531616211,-158.469497680664,58.9669380187988,-0.776396214962006,0.630245208740234,0,"Find Toppo's Posters,Crash Diagnostics - Mountains,History of WAT247,Second Day at Base","49,poster1;49,poster4;49,poster5;49,poster6;46,jasper;50,watershed;50,infiltration;50,energy;59,Get Ready","Player_Base","0.11.141","TaskProgressEvent",83,"Scan the Warehouse Ceiling",1
"1442","5c65f161e4194c47a15825bf",4,"Development","e0e8ba1d-a1a8-492c-a490-549b4a24c221","JG3 UX3",182,"2019-02-11 07:57:56","WindowsPlayer",NA,11,"TaskEvent",0,"0.11.141",-53.1185531616211,-158.469497680664,58.9669380187988,-0.776396214962006,0.630245208740234,0,"Find Toppo's Posters,Crash Diagnostics - Mountains,History of WAT247,Second Day at Base","49,poster1;49,poster4;49,poster5;49,poster6;46,jasper;50,watershed;50,infiltration;50,energy;59,Get Ready;59,Head to the Desert","Player_Base","0.11.141","TaskCompleteEvent",83,"Scan the Warehouse Ceiling",NA
"1443","5c65f465e4194c47a1583190",4,"Development","e0e8ba1d-a1a8-492c-a490-549b4a24c221","JG3 UX3",182,"2019-02-11 07:54:57","WindowsPlayer",NA,11,"TaskEvent",0,"0.11.141",-242.806869506836,-28.3135681152344,54.9799995422363,-0.0244320891797543,0.999701499938965,0,"Find Toppo's Posters,Crash Diagnostics - Mountains,History of WAT247,Strange Gardening","49,poster1;49,poster4;49,poster5;49,poster6;46,jasper;50,watershed;50,infiltration;50,energy;25,Install Pumps","U3,U3_Collectibles,U3_Quests,U3_RiverSpline","0.11.141","TaskActiveEvent",83,"Scan the Warehouse Floor",NA
"1444","5c65f474e4194c47a15831d7",4,"Development","e0e8ba1d-a1a8-492c-a490-549b4a24c221","JG3 UX3",182,"2019-02-11 08:14:00","WindowsPlayer",NA,11,"TaskEvent",0,"0.11.141",3.57524466514587,133.014343261719,24.9799995422363,-0.135719165205956,0.990747332572937,0,"Find Toppo's Posters,Crash Diagnostics - Mountains,History of WAT247,The Ruins","49,poster1;49,poster5;49,poster6;46,jasper;50,watershed;50,energy;3,Restore Power to B2","U4_Dungeon,U4_Dungeon_Quests","0.11.141","TaskCompleteEvent",83,"Scan the Warehouse Floor",NA
"1445","5c65f474e4194c47a15831d8",4,"Development","e0e8ba1d-a1a8-492c-a490-549b4a24c221","JG3 UX3",182,"2019-02-11 08:14:00","WindowsPlayer",NA,11,"TaskEvent",0,"0.11.141",3.57524466514587,133.014343261719,24.9799995422363,-0.135719165205956,0.990747332572937,0,"Find Toppo's Posters,Crash Diagnostics - Mountains,History of WAT247,The Ruins","49,poster1;49,poster5;49,poster6;46,jasper;50,watershed;50,energy;3,Restore Power to B2","U4_Dungeon,U4_Dungeon_Quests","0.11.141","TaskProgressEvent",83,"Scan the Warehouse Floor",1
"1446","5c65f474e4194c47a15831d9",4,"Development","e0e8ba1d-a1a8-492c-a490-549b4a24c221","JG3 UX3",182,"2019-02-11 08:14:00","WindowsPlayer",NA,11,"TaskEvent",0,"0.11.141",3.57524466514587,133.014343261719,24.9799995422363,-0.135719165205956,0.990747332572937,0,"Find Toppo's Posters,Crash Diagnostics - Mountains,History of WAT247,The Ruins","49,poster1;49,poster5;49,poster6;46,jasper;50,watershed;50,energy;3,Restore Power to B2;3,Restore Power to B1","U4_Dungeon,U4_Dungeon_Quests","0.11.141","TaskActiveEvent",83,"Scan the Warehouse Depth",NA
"1447","5c65f53ee4194c47a15835d7",4,"Development","e0e8ba1d-a1a8-492c-a490-549b4a24c221","JG3 UX3",182,"2019-02-11 08:17:48","WindowsPlayer",NA,11,"TaskEvent",0,"0.11.141",177.732208251953,-724.246948242188,-72.8817672729492,-0.824774622917175,-0.565461993217468,0,"Find Toppo's Posters,Crash Diagnostics - Mountains,History of WAT247,The Fountain","49,poster1;49,poster5;49,poster6;46,jasper;50,watershed;50,energy;5,Retry the Controls","U4_DrillRoomV2,U4_DrillRoomV2_Quests","0.11.141","TaskCompleteEvent",83,"Scan the Warehouse Depth",NA
"1448","5c65f53ee4194c47a15835fc",4,"Development","e0e8ba1d-a1a8-492c-a490-549b4a24c221","JG3 UX3",182,"2019-02-11 08:17:48","WindowsPlayer",NA,11,"TaskEvent",0,"0.11.141",177.732208251953,-724.246948242188,-72.8817672729492,-0.824774622917175,-0.565461993217468,0,"Find Toppo's Posters,Crash Diagnostics - Mountains,History of WAT247,The Fountain","49,poster1;49,poster5;49,poster6;46,jasper;50,watershed;50,energy;5,Retry the Controls","U4_DrillRoomV2,U4_DrillRoomV2_Quests","0.11.141","TaskActiveEvent",12,"Who Flooded the Armory?",NA
"1449","5c65f53ee4194c47a158364b",4,"Development","e0e8ba1d-a1a8-492c-a490-549b4a24c221","JG3 UX3",182,"2019-02-11 08:17:48","WindowsPlayer",NA,11,"TaskEvent",0,"0.11.141",177.732208251953,-724.246948242188,-72.8817672729492,-0.824774622917175,-0.565461993217468,0,"Find Toppo's Posters,Crash Diagnostics - Mountains,History of WAT247,The Fountain","49,poster1;49,poster5;49,poster6;46,jasper;50,watershed;50,energy;5,Retry the Controls;5,Drill to the Water Table","U4_DrillRoomV2,U4_DrillRoomV2_Quests","0.11.141","TaskProgressEvent",83,"Scan the Warehouse Depth",1
"1450","5c65f53fe4194c47a158384c",4,"Development","e0e8ba1d-a1a8-492c-a490-549b4a24c221","JG3 UX3",182,"2019-02-11 08:23:33","WindowsPlayer",NA,11,"TaskEvent",0,"0.11.141",-15.9893035888672,26.2124099731445,-13.0200004577637,-0.166769847273827,0.985995829105377,0,"Find Toppo's Posters,Crash Diagnostics - Mountains,History of WAT247,Checking the Living Quarters","49,poster1;49,poster5;49,poster6;46,jasper;50,watershed;50,energy;81,Scan the Living Quarters Ceiling","U4_Bunker,U4_Bunker_Quests","0.11.141","TaskProgressEvent",12,"Who Flooded the Armory?",1
"1451","5c65f53fe4194c47a158384d",4,"Development","e0e8ba1d-a1a8-492c-a490-549b4a24c221","JG3 UX3",182,"2019-02-11 08:23:33","WindowsPlayer",NA,11,"TaskEvent",0,"0.11.141",-15.9893035888672,26.2124099731445,-13.0200004577637,-0.166769847273827,0.985995829105377,0,"Find Toppo's Posters,Crash Diagnostics - Mountains,History of WAT247,Checking the Living Quarters","49,poster1;49,poster5;49,poster6;46,jasper;50,watershed;50,energy;81,Scan the Living Quarters Ceiling;81,Scan the Living Quarters Floor","U4_Bunker,U4_Bunker_Quests","0.11.141","TaskActiveEvent",12,"Who Flooded the Warehouse?",NA
"1452","5c65f53fe4194c47a1583876",4,"Development","e0e8ba1d-a1a8-492c-a490-549b4a24c221","JG3 UX3",182,"2019-02-11 08:23:33","WindowsPlayer",NA,11,"TaskEvent",0,"0.11.141",-15.9893035888672,26.2124099731445,-13.0200004577637,-0.166769847273827,0.985995829105377,0,"Find Toppo's Posters,Crash Diagnostics - Mountains,History of WAT247,Checking the Living Quarters","49,poster1;49,poster5;49,poster6;46,jasper;50,watershed;50,energy;81,Scan the Living Quarters Ceiling","U4_Bunker,U4_Bunker_Quests","0.11.141","TaskCompleteEvent",12,"Who Flooded the Armory?",NA
"1453","5c65f540e4194c47a15839f2",4,"Development","e0e8ba1d-a1a8-492c-a490-549b4a24c221","JG3 UX3",182,"2019-02-11 08:07:20","WindowsPlayer",NA,11,"TaskEvent",0,"0.11.141",59.4193878173828,33.313304901123,14.4796257019043,-0.926529884338379,0.376221299171448,0,"Find Toppo's Posters,Crash Diagnostics - Mountains,History of WAT247,The Ruins","49,poster1;49,poster5;49,poster6;46,jasper;50,watershed;50,energy;3,Restore Power to B3","U4_Dungeon,U4_Dungeon_Quests","0.11.141","TaskCompleteEvent",12,"Who Flooded the Warehouse?",NA
"1454","5c65f540e4194c47a15839f3",4,"Development","e0e8ba1d-a1a8-492c-a490-549b4a24c221","JG3 UX3",182,"2019-02-11 08:07:20","WindowsPlayer",NA,11,"TaskEvent",0,"0.11.141",59.4193878173828,33.313304901123,14.4796257019043,-0.926529884338379,0.376221299171448,0,"Find Toppo's Posters,Crash Diagnostics - Mountains,History of WAT247,The Ruins","49,poster1;49,poster5;49,poster6;46,jasper;50,watershed;50,energy;3,Restore Power to B3;3,Restore Power to B2","U4_Dungeon,U4_Dungeon_Quests","0.11.141","TaskProgressEvent",12,"Who Flooded the Warehouse?",1
"1455","5c65f540e4194c47a15839fa",4,"Development","e0e8ba1d-a1a8-492c-a490-549b4a24c221","JG3 UX3",182,"2019-02-11 08:02:32","WindowsPlayer",NA,11,"TaskEvent",0,"0.11.141",164.527557373047,-690.736083984375,41.2735710144043,-0.242900490760803,-0.970037341117859,-0.00517977587878704,"Find Toppo's Posters,Crash Diagnostics - Mountains,History of WAT247,Alien Village","49,poster1;49,poster5;49,poster6;46,jasper;50,watershed;50,energy;2,Enter the Building;2,Try the Controls","U4,U4_Collectibles,U4_Quests,U4_AlienRuins,U4_DrillRoomV2","0.11.141","TaskActiveEvent",13,"deactivate",NA
"1456","5c65f540e4194c47a1583a62",4,"Development","e0e8ba1d-a1a8-492c-a490-549b4a24c221","JG3 UX3",182,"2019-02-11 08:02:32","WindowsPlayer",NA,11,"TaskEvent",0,"0.11.141",164.527557373047,-690.736083984375,41.2735710144043,-0.242900490760803,-0.970037341117859,-0.00517977587878704,"Find Toppo's Posters,Crash Diagnostics - Mountains,History of WAT247,Alien Village","49,poster1;49,poster5;49,poster6;46,jasper;50,watershed;50,energy;2,Enter the Building","U4,U4_Collectibles,U4_Quests,U4_AlienRuins,U4_DrillRoomV2","0.11.141","TaskProgressEvent",13,"deactivate",1
"1457","5c65f540e4194c47a1583aa4",4,"Development","e0e8ba1d-a1a8-492c-a490-549b4a24c221","JG3 UX3",182,"2019-02-11 08:07:20","WindowsPlayer",NA,11,"TaskEvent",0,"0.11.141",59.4193878173828,33.313304901123,14.4796257019043,-0.926529884338379,0.376221299171448,0,"Find Toppo's Posters,Crash Diagnostics - Mountains,History of WAT247,The Ruins","49,poster1;49,poster5;49,poster6;46,jasper;50,watershed;50,energy;3,Restore Power to B3","U4_Dungeon,U4_Dungeon_Quests","0.11.141","TaskActiveEvent",13,"report",NA
"1458","5c65f540e4194c47a1583aa6",4,"Development","e0e8ba1d-a1a8-492c-a490-549b4a24c221","JG3 UX3",182,"2019-02-11 08:02:32","WindowsPlayer",NA,11,"TaskEvent",0,"0.11.141",164.527557373047,-690.736083984375,41.2735710144043,-0.242900490760803,-0.970037341117859,-0.00517977587878704,"Find Toppo's Posters,Crash Diagnostics - Mountains,History of WAT247,Alien Village","49,poster1;49,poster5;49,poster6;46,jasper;50,watershed;50,energy;2,Enter the Building","U4,U4_Collectibles,U4_Quests,U4_AlienRuins,U4_DrillRoomV2","0.11.141","TaskCompleteEvent",13,"deactivate",NA
"1459","5c65f540e4194c47a1583b16",4,"Development","e0e8ba1d-a1a8-492c-a490-549b4a24c221","JG3 UX3",182,"2019-02-11 08:32:25","WindowsPlayer",NA,11,"TaskEvent",0,"0.11.141",-251.255004882812,714.740234375,41.8864822387695,-0.0261757876724005,-0.99965763092041,0,"Find Toppo's Posters,Crash Diagnostics - Mountains,History of WAT247,Riley’s request","49,poster1;49,poster5;49,poster6;46,jasper;50,watershed;50,energy;14,fountain1","U4,U4_Collectibles,U4_Quests","0.11.141","TaskCompleteEvent",13,"report",NA
"1460","5c65f540e4194c47a1583b40",4,"Development","e0e8ba1d-a1a8-492c-a490-549b4a24c221","JG3 UX3",182,"2019-02-11 08:32:25","WindowsPlayer",NA,11,"TaskEvent",0,"0.11.141",-251.255004882812,714.740234375,41.8864822387695,-0.0261757876724005,-0.99965763092041,0,"Find Toppo's Posters,Crash Diagnostics - Mountains,History of WAT247,Riley’s request","49,poster1;49,poster5;49,poster6;46,jasper;50,watershed;50,energy;14,fountain1","U4,U4_Collectibles,U4_Quests","0.11.141","TaskActiveEvent",14,"fountain1",NA
"1461","5c65f540e4194c47a1583b41",4,"Development","e0e8ba1d-a1a8-492c-a490-549b4a24c221","JG3 UX3",182,"2019-02-11 08:32:25","WindowsPlayer",NA,11,"TaskEvent",0,"0.11.141",-251.255004882812,714.740234375,41.8864822387695,-0.0261757876724005,-0.99965763092041,0,"Find Toppo's Posters,Crash Diagnostics - Mountains,History of WAT247,Riley’s request","49,poster1;49,poster5;49,poster6;46,jasper;50,watershed;50,energy;14,fountain1;14,fountain2","U4,U4_Collectibles,U4_Quests","0.11.141","TaskProgressEvent",13,"report",1
"1462","5c66cadee4194c47a1583fdf",4,"Development","e0e8ba1d-a1a8-492c-a490-549b4a24c221","JG3 UX3",182,"2019-02-11 08:23:33","WindowsPlayer",NA,11,"TaskEvent",0,"0.11.141",-15.9893035888672,26.2124099731445,-13.0200004577637,-0.166769847273827,0.985995829105377,0,"Find Toppo's Posters,Crash Diagnostics - Mountains,History of WAT247,Checking the Living Quarters","49,poster1;49,poster5;49,poster6;46,jasper;50,watershed;50,energy;81,Scan the Living Quarters Ceiling","U4_Bunker,U4_Bunker_Quests","0.11.141","TaskProgressEvent",14,"fountain1",1
"1463","5c66cadee4194c47a1583fe2",4,"Development","e0e8ba1d-a1a8-492c-a490-549b4a24c221","JG3 UX3",182,"2019-02-11 08:23:33","WindowsPlayer",NA,11,"TaskEvent",0,"0.11.141",-15.9893035888672,26.2124099731445,-13.0200004577637,-0.166769847273827,0.985995829105377,0,"Find Toppo's Posters,Crash Diagnostics - Mountains,History of WAT247,Checking the Living Quarters","49,poster1;49,poster5;49,poster6;46,jasper;50,watershed;50,energy;81,Scan the Living Quarters Ceiling","U4_Bunker,U4_Bunker_Quests","0.11.141","TaskCompleteEvent",14,"fountain1",NA
"1464","5c66cadee4194c47a1583fe4",4,"Development","e0e8ba1d-a1a8-492c-a490-549b4a24c221","JG3 UX3",182,"2019-02-11 08:23:33","WindowsPlayer",NA,11,"TaskEvent",0,"0.11.141",-15.9893035888672,26.2124099731445,-13.0200004577637,-0.166769847273827,0.985995829105377,0,"Find Toppo's Posters,Crash Diagnostics - Mountains,History of WAT247,Checking the Living Quarters","49,poster1;49,poster5;49,poster6;46,jasper;50,watershed;50,energy;81,Scan the Living Quarters Ceiling;81,Scan the Living Quarters Floor","U4_Bunker,U4_Bunker_Quests","0.11.141","TaskActiveEvent",14,"fountain2",NA
"1465","5c66cb58e4194c47a15841cb",4,"Development","e0e8ba1d-a1a8-492c-a490-549b4a24c221","JG3 UX3",182,"2019-02-11 08:07:20","WindowsPlayer",NA,11,"TaskEvent",0,"0.11.141",59.4193878173828,33.313304901123,14.4796257019043,-0.926529884338379,0.376221299171448,0,"Find Toppo's Posters,Crash Diagnostics - Mountains,History of WAT247,The Ruins","49,poster1;49,poster5;49,poster6;46,jasper;50,watershed;50,energy;3,Restore Power to B3;3,Restore Power to B2","U4_Dungeon,U4_Dungeon_Quests","0.11.141","TaskProgressEvent",14,"fountain2",1
"1466","5c66cb58e4194c47a15841cf",4,"Development","e0e8ba1d-a1a8-492c-a490-549b4a24c221","JG3 UX3",182,"2019-02-11 08:07:20","WindowsPlayer",NA,11,"TaskEvent",0,"0.11.141",59.4193878173828,33.313304901123,14.4796257019043,-0.926529884338379,0.376221299171448,0,"Find Toppo's Posters,Crash Diagnostics - Mountains,History of WAT247,The Ruins","49,poster1;49,poster5;49,poster6;46,jasper;50,watershed;50,energy;3,Restore Power to B3","U4_Dungeon,U4_Dungeon_Quests","0.11.141","TaskActiveEvent",14,"fountain3",NA
"1467","5c66cb58e4194c47a15841d4",4,"Development","e0e8ba1d-a1a8-492c-a490-549b4a24c221","JG3 UX3",182,"2019-02-11 08:07:20","WindowsPlayer",NA,11,"TaskEvent",0,"0.11.141",59.4193878173828,33.313304901123,14.4796257019043,-0.926529884338379,0.376221299171448,0,"Find Toppo's Posters,Crash Diagnostics - Mountains,History of WAT247,The Ruins","49,poster1;49,poster5;49,poster6;46,jasper;50,watershed;50,energy;3,Restore Power to B3","U4_Dungeon,U4_Dungeon_Quests","0.11.141","TaskCompleteEvent",14,"fountain2",NA
"1468","5c66cb5de4194c47a15841d6",4,"Development","e0e8ba1d-a1a8-492c-a490-549b4a24c221","JG3 UX3",182,"2019-02-11 08:02:32","WindowsPlayer",NA,11,"TaskEvent",0,"0.11.141",164.527557373047,-690.736083984375,41.2735710144043,-0.242900490760803,-0.970037341117859,-0.00517977587878704,"Find Toppo's Posters,Crash Diagnostics - Mountains,History of WAT247,Alien Village","49,poster1;49,poster5;49,poster6;46,jasper;50,watershed;50,energy;2,Enter the Building","U4,U4_Collectibles,U4_Quests,U4_AlienRuins,U4_DrillRoomV2","0.11.141","TaskProgressEvent",14,"fountain3",1
"1469","5c66cb5de4194c47a15841d7",4,"Development","e0e8ba1d-a1a8-492c-a490-549b4a24c221","JG3 UX3",182,"2019-02-11 08:02:32","WindowsPlayer",NA,11,"TaskEvent",0,"0.11.141",164.527557373047,-690.736083984375,41.2735710144043,-0.242900490760803,-0.970037341117859,-0.00517977587878704,"Find Toppo's Posters,Crash Diagnostics - Mountains,History of WAT247,Alien Village","49,poster1;49,poster5;49,poster6;46,jasper;50,watershed;50,energy;2,Enter the Building","U4,U4_Collectibles,U4_Quests,U4_AlienRuins,U4_DrillRoomV2","0.11.141","TaskActiveEvent",14,"Head back to Anderson",NA
"1470","5c66cb5de4194c47a15841d8",4,"Development","e0e8ba1d-a1a8-492c-a490-549b4a24c221","JG3 UX3",182,"2019-02-11 08:02:32","WindowsPlayer",NA,11,"TaskEvent",0,"0.11.141",164.527557373047,-690.736083984375,41.2735710144043,-0.242900490760803,-0.970037341117859,-0.00517977587878704,"Find Toppo's Posters,Crash Diagnostics - Mountains,History of WAT247,Alien Village","49,poster1;49,poster5;49,poster6;46,jasper;50,watershed;50,energy;2,Enter the Building;2,Try the Controls","U4,U4_Collectibles,U4_Quests,U4_AlienRuins,U4_DrillRoomV2","0.11.141","TaskCompleteEvent",14,"fountain3",NA
"1471","5c66cba3e4194c47a15842f9",4,"Development","e0e8ba1d-a1a8-492c-a490-549b4a24c221","JG3 UX3",182,"2019-02-11 08:32:25","WindowsPlayer",NA,11,"TaskEvent",0,"0.11.141",-251.255004882812,714.740234375,41.8864822387695,-0.0261757876724005,-0.99965763092041,0,"Find Toppo's Posters,Crash Diagnostics - Mountains,History of WAT247,Riley’s request","49,poster1;49,poster5;49,poster6;46,jasper;50,watershed;50,energy;14,fountain1","U4,U4_Collectibles,U4_Quests","0.11.141","TaskProgressEvent",14,"Head back to Anderson",1
"1472","5c66cba4e4194c47a15842ff",4,"Development","e0e8ba1d-a1a8-492c-a490-549b4a24c221","JG3 UX3",182,"2019-02-11 08:32:25","WindowsPlayer",NA,11,"TaskEvent",0,"0.11.141",-251.255004882812,714.740234375,41.8864822387695,-0.0261757876724005,-0.99965763092041,0,"Find Toppo's Posters,Crash Diagnostics - Mountains,History of WAT247,Riley’s request","49,poster1;49,poster5;49,poster6;46,jasper;50,watershed;50,energy;14,fountain1","U4,U4_Collectibles,U4_Quests","0.11.141","TaskActiveEvent",14,"overflow fountain",NA
"1473","5c66cba4e4194c47a1584300",4,"Development","e0e8ba1d-a1a8-492c-a490-549b4a24c221","JG3 UX3",182,"2019-02-11 08:32:25","WindowsPlayer",NA,11,"TaskEvent",0,"0.11.141",-251.255004882812,714.740234375,41.8864822387695,-0.0261757876724005,-0.99965763092041,0,"Find Toppo's Posters,Crash Diagnostics - Mountains,History of WAT247,Riley’s request","49,poster1;49,poster5;49,poster6;46,jasper;50,watershed;50,energy;14,fountain1;14,fountain2","U4,U4_Collectibles,U4_Quests","0.11.141","TaskCompleteEvent",14,"Head back to Anderson",NA
"1474","5cd9b17ee4194c2f5ffa1dda",4,"Development","e0e8ba1d-a1a8-492c-a490-549b4a24c221","JG3 UX3",182,"2019-05-13 08:03:33","WindowsPlayer",NA,11,"TaskEvent",0,"0.11.235",-211.946060180664,193.509628295898,51.8252944946289,0.1357152312994,-0.990748167037964,0,"History of WAT247,Find Toppo's Posters,Crash Diagnostics - Mountains,U3 - Crash Side Quest P3,LargeMart Island","50,watershed;50,energy;49,poster1;49,poster5;49,poster6;46,jasper;40,Find the supplies crate;29,meet","U5,U5_Quests","0.11.235","TaskCompleteEvent",61,"Head to Bed",NA
"1475","5cd9b17ee4194c2f5ffa1ddc",4,"Development","e0e8ba1d-a1a8-492c-a490-549b4a24c221","JG3 UX3",182,"2019-05-13 08:03:33","WindowsPlayer",NA,11,"TaskEvent",0,"0.11.235",-211.946060180664,193.509628295898,51.8252944946289,0.1357152312994,-0.990748167037964,0,"History of WAT247,Find Toppo's Posters,Crash Diagnostics - Mountains,U3 - Crash Side Quest P3,LargeMart Island","50,watershed;50,energy;49,poster1;49,poster5;49,poster6;46,jasper;40,Find the supplies crate;29,meet","U5,U5_Quests","0.11.235","TaskProgressEvent",61,"Head to Bed",1
"1476","5cd9b17fe4194c2f5ffa1ddf",4,"Development","e0e8ba1d-a1a8-492c-a490-549b4a24c221","JG3 UX3",182,"2019-05-13 08:03:33","WindowsPlayer",NA,11,"TaskEvent",0,"0.11.235",-211.946060180664,193.509628295898,51.8252944946289,0.1357152312994,-0.990748167037964,0,"History of WAT247,Find Toppo's Posters,Crash Diagnostics - Mountains,U3 - Crash Side Quest P3,LargeMart Island","50,watershed;50,energy;49,poster1;49,poster5;49,poster6;46,jasper;40,Find the supplies crate;29,meet;29,talk","U5,U5_Quests","0.11.235","TaskActiveEvent",85,"teleport island",NA
"1477","5cd9b1c4e4194c2f5ffa1eeb",4,"Development","e0e8ba1d-a1a8-492c-a490-549b4a24c221","JG3 UX3",182,"2019-05-13 08:03:26","WindowsPlayer",NA,11,"TaskEvent",0,"0.11.235",-217.399993896484,195.199996948242,50.8499984741211,-0.0923706069588661,0.995724678039551,0,"History of WAT247,Find Toppo's Posters,Crash Diagnostics - Mountains,U3 - Crash Side Quest P3,U5 - Waking up on WAT247,LargeMart Island","50,watershed;50,energy;49,poster1;49,poster5;49,poster6;46,jasper;40,Find the supplies crate","U5,U5_Quests","0.11.235","TaskCompleteEvent",14,"overflow fountain",NA
"1478","5cd9b1c4e4194c2f5ffa1eee",4,"Development","e0e8ba1d-a1a8-492c-a490-549b4a24c221","JG3 UX3",182,"2019-05-13 08:03:26","WindowsPlayer",NA,11,"TaskEvent",0,"0.11.235",-217.399993896484,195.199996948242,50.8499984741211,-0.0923706069588661,0.995724678039551,0,"History of WAT247,Find Toppo's Posters,Crash Diagnostics - Mountains,U3 - Crash Side Quest P3,U5 - Waking up on WAT247","50,watershed;50,energy;49,poster1;49,poster5;49,poster6;46,jasper;40,Find the supplies crate;85,teleport island","U5,U5_Quests","0.11.235","TaskActiveEvent",61,"Head to Bed",NA
"1479","5cd9b1cee4194c2f5ffa1f46",4,"Development","e0e8ba1d-a1a8-492c-a490-549b4a24c221","JG3 UX3",182,"2019-05-13 08:02:11","WindowsPlayer",NA,11,"TaskEvent",0,"0.11.235",5.71318197250366,-6.92880058288574,0.982066452503204,0.812401115894318,0.583099007606506,0,"History of WAT247,Find Toppo's Posters,Crash Diagnostics - Mountains,U3 - Crash Side Quest P3,U5 - Waking up on WAT247","50,watershed;50,energy;49,poster1;49,poster5;49,poster6;46,jasper;40,Find the supplies crate","PB_PlayerRoom","0.11.235","TaskProgressEvent",14,"overflow fountain",1
"1480","5cd9b1d3e4194c2f5ffa1f67",4,"Development","e0e8ba1d-a1a8-492c-a490-549b4a24c221","JG3 UX3",182,"2019-05-13 08:05:05","WindowsPlayer",NA,11,"TaskEvent",0,"0.11.235",-212.211654663086,13.9049777984619,69.1604309082031,-0.734914720058441,-0.678159594535828,0,"History of WAT247,Find Toppo's Posters,Crash Diagnostics - Mountains,U3 - Crash Side Quest P3,LargeMart Island","50,watershed;50,energy;49,poster1;49,poster6;46,jasper;40,Find the supplies crate;29,talk","U5,U5_Quests","0.11.235","TaskActiveEvent",50,"watershed",NA
"1481","5cd9b1d3e4194c2f5ffa1f68",4,"Development","e0e8ba1d-a1a8-492c-a490-549b4a24c221","JG3 UX3",182,"2019-05-13 08:05:05","WindowsPlayer",NA,11,"TaskEvent",0,"0.11.235",-212.211654663086,13.9049777984619,69.1604309082031,-0.734914720058441,-0.678159594535828,0,"History of WAT247,Find Toppo's Posters,Crash Diagnostics - Mountains,U3 - Crash Side Quest P3,LargeMart Island","50,watershed;50,energy;49,poster1;49,poster6;46,jasper;40,Find the supplies crate;29,talk","U5,U5_Quests","0.11.235","TaskActiveEvent",50,"infiltration",NA
"1482","5cd9b1d3e4194c2f5ffa1f6c",4,"Development","e0e8ba1d-a1a8-492c-a490-549b4a24c221","JG3 UX3",182,"2019-05-13 08:05:05","WindowsPlayer",NA,11,"TaskEvent",0,"0.11.235",-212.211654663086,13.9049777984619,69.1604309082031,-0.734914720058441,-0.678159594535828,0,"History of WAT247,Find Toppo's Posters,Crash Diagnostics - Mountains,U3 - Crash Side Quest P3,LargeMart Island","50,watershed;50,energy;49,poster1;49,poster6;46,jasper;40,Find the supplies crate;29,talk;29,unlock","U5,U5_Quests","0.11.235","TaskActiveEvent",50,"energy",NA
"1483","5cd9b243e4194c2f5ffa2152",4,"Development","e0e8ba1d-a1a8-492c-a490-549b4a24c221","JG3 UX3",182,"2019-05-13 08:06:55","WindowsPlayer",NA,11,"TaskEvent",0,"0.11.235",-712.0947265625,7.26427745819092,-106.175674438477,0.288971364498138,-0.957337737083435,0,"History of WAT247,Find Toppo's Posters,Crash Diagnostics - Mountains,U3 - Crash Side Quest P3,Explore the Alien Seaside Facility","50,watershed;50,energy;49,poster1;49,poster6;46,jasper;40,Find the supplies crate;36,Reach Seaside","U5_Cavern,U5_Cavern_Quests","0.11.235","TaskProgressEvent",57,"Meet up with Sam",1
"1484","5cd9b243e4194c2f5ffa2155",4,"Development","e0e8ba1d-a1a8-492c-a490-549b4a24c221","JG3 UX3",182,"2019-05-13 08:06:55","WindowsPlayer",NA,11,"TaskEvent",0,"0.11.235",-712.0947265625,7.26427745819092,-106.175674438477,0.288971364498138,-0.957337737083435,0,"History of WAT247,Find Toppo's Posters,Crash Diagnostics - Mountains,U3 - Crash Side Quest P3,Explore the Alien Seaside Facility","50,watershed;50,energy;49,poster1;49,poster6;46,jasper;40,Find the supplies crate;36,Reach Seaside","U5_Cavern,U5_Cavern_Quests","0.11.235","TaskActiveEvent",50,"dissolved materials",NA
"1485","5cd9b252e4194c2f5ffa2185",4,"Development","e0e8ba1d-a1a8-492c-a490-549b4a24c221","JG3 UX3",182,"2019-05-13 08:06:40","WindowsPlayer",NA,11,"TaskEvent",0,"0.11.235",-702.661071777344,29.9471988677979,-106.191040039062,0.924522161483765,-0.381128787994385,0,"History of WAT247,Find Toppo's Posters,Crash Diagnostics - Mountains,U3 - Crash Side Quest P3,LargeMart Island","50,watershed;50,energy;49,poster1;49,poster6;46,jasper;40,Find the supplies crate;29,unlock","U5_Cavern,U5_Cavern_Quests","0.11.235","TaskCompleteEvent",57,"Meet up with Sam",NA
"1486","5cd9b252e4194c2f5ffa2187",4,"Development","e0e8ba1d-a1a8-492c-a490-549b4a24c221","JG3 UX3",182,"2019-05-13 08:06:40","WindowsPlayer",NA,11,"TaskEvent",0,"0.11.235",-702.661071777344,29.9471988677979,-106.191040039062,0.924522161483765,-0.381128787994385,0,"History of WAT247,Find Toppo's Posters,Crash Diagnostics - Mountains,U3 - Crash Side Quest P3,LargeMart Island,Explore the Alien Seaside Facility","50,watershed;50,energy;49,poster1;49,poster6;46,jasper;40,Find the supplies crate","U5_Cavern,U5_Cavern_Quests","0.11.235","TaskActiveEvent",27,"Talk with Sam",NA
"1487","5cd9b252e4194c2f5ffa218a",4,"Development","e0e8ba1d-a1a8-492c-a490-549b4a24c221","JG3 UX3",182,"2019-05-13 08:06:40","WindowsPlayer",NA,11,"TaskEvent",0,"0.11.235",-702.661071777344,29.9471988677979,-106.191040039062,0.924522161483765,-0.381128787994385,0,"History of WAT247,Find Toppo's Posters,Crash Diagnostics - Mountains,U3 - Crash Side Quest P3,Explore the Alien Seaside Facility","50,watershed;50,energy;49,poster1;49,poster6;46,jasper;40,Find the supplies crate;36,Reach Seaside","U5_Cavern,U5_Cavern_Quests","0.11.235","TaskProgressEvent",27,"Talk with Sam",1
"1488","5cd9b27ae4194c2f5ffa2241",4,"Development","e0e8ba1d-a1a8-492c-a490-549b4a24c221","JG3 UX3",182,"2019-05-13 08:03:37","WindowsPlayer",NA,11,"TaskEvent",0,"0.11.235",-211.545883178711,170.847091674805,54.3507385253906,-0.667832851409912,-0.744311451911926,0,"History of WAT247,Find Toppo's Posters,Crash Diagnostics - Mountains,U3 - Crash Side Quest P3,LargeMart Island","50,watershed;50,energy;49,poster1;49,poster5;49,poster6;46,jasper;40,Find the supplies crate;29,talk","U5,U5_Quests","0.11.235","TaskActiveEvent",27,"Find the supplies",NA
"1489","5cd9b27ae4194c2f5ffa2242",4,"Development","e0e8ba1d-a1a8-492c-a490-549b4a24c221","JG3 UX3",182,"2019-05-13 08:03:37","WindowsPlayer",NA,11,"TaskEvent",0,"0.11.235",-211.545883178711,170.847091674805,54.3507385253906,-0.667832851409912,-0.744311451911926,0,"History of WAT247,Find Toppo's Posters,Crash Diagnostics - Mountains,U3 - Crash Side Quest P3,LargeMart Island","50,watershed;50,energy;49,poster1;49,poster5;49,poster6;46,jasper;40,Find the supplies crate;29,talk","U5,U5_Quests","0.11.235","TaskCompleteEvent",27,"Talk with Sam",NA
"1490","5cd9b2c1e4194c2f5ffa2346",4,"Development","e0e8ba1d-a1a8-492c-a490-549b4a24c221","JG3 UX3",182,"2019-05-13 08:08:46","WindowsPlayer",NA,11,"TaskEvent",0,"0.11.235",318.452392578125,-9.05451202392578,3.98000001907349,0.921185314655304,0.389124393463135,0,"History of WAT247,Find Toppo's Posters,Crash Diagnostics - Mountains,U3 - Crash Side Quest P3,Explore the Alien Seaside Facility","50,watershed;49,poster1;49,poster6;46,jasper;40,Find the supplies crate;36,Reach Seaside","U5_Dungeon","0.11.235","TaskProgressEvent",49,"poster3",1
"1491","5cd9b2c1e4194c2f5ffa234c",4,"Development","e0e8ba1d-a1a8-492c-a490-549b4a24c221","JG3 UX3",182,"2019-05-13 08:08:46","WindowsPlayer",NA,11,"TaskEvent",0,"0.11.235",318.452392578125,-9.05451202392578,3.98000001907349,0.921185314655304,0.389124393463135,0,"History of WAT247,Find Toppo's Posters,Crash Diagnostics - Mountains,U3 - Crash Side Quest P3,Explore the Alien Seaside Facility","50,watershed;49,poster1;49,poster6;46,jasper;40,Find the supplies crate;36,Reach Seaside","U5_Dungeon","0.11.235","TaskCompleteEvent",49,"poster3",NA
"1492","5cd9b2c1e4194c2f5ffa234d",4,"Development","e0e8ba1d-a1a8-492c-a490-549b4a24c221","JG3 UX3",182,"2019-05-13 08:08:46","WindowsPlayer",NA,11,"TaskEvent",0,"0.11.235",318.452392578125,-9.05451202392578,3.98000001907349,0.921185314655304,0.389124393463135,0,"History of WAT247,Find Toppo's Posters,Crash Diagnostics - Mountains,U3 - Crash Side Quest P3,Explore the Alien Seaside Facility","50,watershed;49,poster1;49,poster6;46,jasper;40,Find the supplies crate;36,Reach Seaside;36,Condense Humidity","U5_Dungeon","0.11.235","TaskProgressEvent",27,"Find the supplies",1
"1493","5cd9b535e4194c2f5ffa2d19",4,"Development","e0e8ba1d-a1a8-492c-a490-549b4a24c221","JG3 UX3",182,"2019-05-13 08:18:45","WindowsPlayer",NA,11,"TaskEvent",0,"0.11.235",105.128768920898,-35.3490753173828,3.97000002861023,-0.0488525070250034,-0.99880588054657,0,"History of WAT247,Find Toppo's Posters,Crash Diagnostics - Mountains,U3 - Crash Side Quest P3,Explore the Alien Seaside Facility","50,watershed;49,poster1;49,poster6;46,jasper;40,Find the supplies crate;36,Start Fountain","U5_Dungeon,U5_Cavern","0.11.235","TaskActiveEvent",27,"Deliver crates",NA
"1494","5cd9b535e4194c2f5ffa2d1e",4,"Development","e0e8ba1d-a1a8-492c-a490-549b4a24c221","JG3 UX3",182,"2019-05-13 08:18:45","WindowsPlayer",NA,11,"TaskEvent",0,"0.11.235",105.128768920898,-35.3490753173828,3.97000002861023,-0.0488525070250034,-0.99880588054657,0,"History of WAT247,Find Toppo's Posters,Crash Diagnostics - Mountains,U3 - Crash Side Quest P3,Explore the Alien Seaside Facility","50,watershed;49,poster1;49,poster6;46,jasper;40,Find the supplies crate;36,Start Fountain","U5_Dungeon,U5_Cavern","0.11.235","TaskCompleteEvent",27,"Find the supplies",NA
"1495","5cd9b535e4194c2f5ffa2d1f",4,"Development","e0e8ba1d-a1a8-492c-a490-549b4a24c221","JG3 UX3",182,"2019-05-13 08:18:45","WindowsPlayer",NA,11,"TaskEvent",0,"0.11.235",105.128768920898,-35.3490753173828,3.97000002861023,-0.0488525070250034,-0.99880588054657,0,"History of WAT247,Find Toppo's Posters,Crash Diagnostics - Mountains,U3 - Crash Side Quest P3,Explore the Alien Seaside Facility","50,watershed;49,poster1;49,poster6;46,jasper;40,Find the supplies crate;36,Start Fountain;36,Talk Bill","U5_Dungeon,U5_Cavern","0.11.235","TaskProgressEvent",27,"Deliver crates",1
"1496","5cd9b53fe4194c2f5ffa2d3d",4,"Development","e0e8ba1d-a1a8-492c-a490-549b4a24c221","JG3 UX3",182,"2019-05-13 08:18:15","WindowsPlayer",NA,11,"TaskEvent",0,"0.11.235",100.967590332031,-27.7903690338135,3.97000002861023,-0.0122142909094691,0.999925374984741,0,"History of WAT247,Find Toppo's Posters,Crash Diagnostics - Mountains,U3 - Crash Side Quest P3,Explore the Alien Seaside Facility","50,watershed;49,poster1;49,poster6;46,jasper;40,Find the supplies crate;36,Transport Water","U5_Dungeon","0.11.235","TaskProgressEvent",27,"Deliver crates",2
"1497","5cd9b53fe4194c2f5ffa2d3e",4,"Development","e0e8ba1d-a1a8-492c-a490-549b4a24c221","JG3 UX3",182,"2019-05-13 08:18:15","WindowsPlayer",NA,11,"TaskEvent",0,"0.11.235",100.967590332031,-27.7903690338135,3.97000002861023,-0.0122142909094691,0.999925374984741,0,"History of WAT247,Find Toppo's Posters,Crash Diagnostics - Mountains,U3 - Crash Side Quest P3,Explore the Alien Seaside Facility","50,watershed;49,poster1;49,poster6;46,jasper;40,Find the supplies crate;36,Transport Water;36,Start Fountain","U5_Dungeon","0.11.235","TaskProgressEvent",27,"Deliver crates",3
"1498","5cd9b53fe4194c2f5ffa2d49",4,"Development","e0e8ba1d-a1a8-492c-a490-549b4a24c221","JG3 UX3",182,"2019-05-13 08:18:15","WindowsPlayer",NA,11,"TaskEvent",0,"0.11.235",100.967590332031,-27.7903690338135,3.97000002861023,-0.0122142909094691,0.999925374984741,0,"History of WAT247,Find Toppo's Posters,Crash Diagnostics - Mountains,U3 - Crash Side Quest P3,Explore the Alien Seaside Facility","50,watershed;49,poster1;49,poster6;46,jasper;40,Find the supplies crate;36,Transport Water","U5_Dungeon","0.11.235","TaskActiveEvent",24,"Return to Sam",NA
"1499","5cd9b568e4194c2f5ffa2dc5",4,"Development","e0e8ba1d-a1a8-492c-a490-549b4a24c221","JG3 UX3",182,"2019-05-13 08:20:12","WindowsPlayer",NA,11,"TaskEvent",0,"0.11.235",-114.085311889648,-118.631195068359,54.3418579101562,0.90850818157196,0.417867004871368,0,"History of WAT247,Find Toppo's Posters,Crash Diagnostics - Mountains,U3 - Crash Side Quest P3,Bill’s Grand Idea","50,watershed;49,poster1;49,poster6;46,jasper;40,Find the supplies crate;37,bill outside cavern;37,meet Bill","U5,U5_Quests","0.11.235","TaskCompleteEvent",27,"Deliver crates",NA
"1500","5cd9b568e4194c2f5ffa2dc8",4,"Development","e0e8ba1d-a1a8-492c-a490-549b4a24c221","JG3 UX3",182,"2019-05-13 08:20:12","WindowsPlayer",NA,11,"TaskEvent",0,"0.11.235",-114.085311889648,-118.631195068359,54.3418579101562,0.90850818157196,0.417867004871368,0,"History of WAT247,Find Toppo's Posters,Crash Diagnostics - Mountains,U3 - Crash Side Quest P3,Bill’s Grand Idea","50,watershed;49,poster1;49,poster6;46,jasper;40,Find the supplies crate;37,bill outside cavern","U5,U5_Quests","0.11.235","TaskProgressEvent",27,"Deliver crates",4
"1501","5cd9b568e4194c2f5ffa2dcf",4,"Development","e0e8ba1d-a1a8-492c-a490-549b4a24c221","JG3 UX3",182,"2019-05-13 08:20:12","WindowsPlayer",NA,11,"TaskEvent",0,"0.11.235",-114.085311889648,-118.631195068359,54.3418579101562,0.90850818157196,0.417867004871368,0,"History of WAT247,Find Toppo's Posters,Crash Diagnostics - Mountains,U3 - Crash Side Quest P3,Bill’s Grand Idea","50,watershed;49,poster1;49,poster6;46,jasper;40,Find the supplies crate;37,bill outside cavern","U5,U5_Quests","0.11.235","TaskCompleteEvent",24,"Return to Sam",NA
"1502","5cd9b672e4194c2f5ffa31f8",4,"Development","e0e8ba1d-a1a8-492c-a490-549b4a24c221","JG3 UX3",182,"2019-05-13 08:19:49","WindowsPlayer",NA,11,"TaskEvent",0,"0.11.235",-557.143920898438,-85.6009979248047,-107.269966125488,0.705871403217316,0.708339989185333,0,"History of WAT247,Find Toppo's Posters,Crash Diagnostics - Mountains,U3 - Crash Side Quest P3,Explore the Alien Seaside Facility","50,watershed;49,poster1;49,poster6;46,jasper;40,Find the supplies crate;36,Talk Bill","U5_Cavern,U5_Cavern_Quests","0.11.235","TaskProgressEvent",24,"Return to Sam",1
"1503","5cd9b672e4194c2f5ffa31fb",4,"Development","e0e8ba1d-a1a8-492c-a490-549b4a24c221","JG3 UX3",182,"2019-05-13 08:19:49","WindowsPlayer",NA,11,"TaskEvent",0,"0.11.235",-557.143920898438,-85.6009979248047,-107.269966125488,0.705871403217316,0.708339989185333,0,"History of WAT247,Find Toppo's Posters,Crash Diagnostics - Mountains,U3 - Crash Side Quest P3,Bill’s Grand Idea","50,watershed;49,poster1;49,poster6;46,jasper;40,Find the supplies crate;37,bill outside cavern","U5_Cavern,U5_Cavern_Quests","0.11.235","TaskActiveEvent",24,"Test the base's water",NA
"1504","5cd9b672e4194c2f5ffa31fe",4,"Development","e0e8ba1d-a1a8-492c-a490-549b4a24c221","JG3 UX3",182,"2019-05-13 08:19:49","WindowsPlayer",NA,11,"TaskEvent",0,"0.11.235",-557.143920898438,-85.6009979248047,-107.269966125488,0.705871403217316,0.708339989185333,0,"History of WAT247,Find Toppo's Posters,Crash Diagnostics - Mountains,U3 - Crash Side Quest P3,Explore the Alien Seaside Facility,Bill’s Grand Idea","50,watershed;49,poster1;49,poster6;46,jasper;40,Find the supplies crate","U5_Cavern,U5_Cavern_Quests","0.11.235","TaskProgressEvent",24,"Test the base's water",1
"1505","5cd9b6dbe4194c2f5ffa33a1",4,"Development","e0e8ba1d-a1a8-492c-a490-549b4a24c221","JG3 UX3",182,"2019-05-13 08:26:28","WindowsPlayer",NA,11,"TaskEvent",0,"0.11.235",5.98915815353394,0.430853843688965,1.83604311943054,-0.149616882205009,0.988744020462036,0,"History of WAT247,Find Toppo's Posters,Crash Diagnostics - Mountains,U3 - Crash Side Quest P3,Water Crisis!","50,watershed;49,poster1;49,poster6;46,jasper;40,Find the supplies crate;32,Find Rock","U5_Cave,U5_Cave_Quests,U5_Cave_Collectibles","0.11.235","TaskActiveEvent",24,"Trace the pollutant",NA
"1506","5cd9b6dbe4194c2f5ffa33a2",4,"Development","e0e8ba1d-a1a8-492c-a490-549b4a24c221","JG3 UX3",182,"2019-05-13 08:26:28","WindowsPlayer",NA,11,"TaskEvent",0,"0.11.235",5.98915815353394,0.430853843688965,1.83604311943054,-0.149616882205009,0.988744020462036,0,"History of WAT247,Find Toppo's Posters,Crash Diagnostics - Mountains,U3 - Crash Side Quest P3,Water Crisis!","50,watershed;49,poster1;49,poster6;46,jasper;40,Find the supplies crate;32,Find Rock","U5_Cave,U5_Cave_Quests,U5_Cave_Collectibles","0.11.235","TaskCompleteEvent",24,"Test the base's water",NA
"1507","5cd9b6dbe4194c2f5ffa33a3",4,"Development","e0e8ba1d-a1a8-492c-a490-549b4a24c221","JG3 UX3",182,"2019-05-13 08:26:28","WindowsPlayer",NA,11,"TaskEvent",0,"0.11.235",5.98915815353394,0.430853843688965,1.83604311943054,-0.149616882205009,0.988744020462036,0,"History of WAT247,Find Toppo's Posters,Crash Diagnostics - Mountains,U3 - Crash Side Quest P3,Water Crisis!","50,watershed;49,poster1;49,poster6;46,jasper;40,Find the supplies crate;32,Find Rock;32,Drill hole","U5_Cave,U5_Cave_Quests,U5_Cave_Collectibles","0.11.235","TaskCompleteEvent",24,"Trace the pollutant",NA
"1508","5cd9b726e4194c2f5ffa34c5",4,"Development","e0e8ba1d-a1a8-492c-a490-549b4a24c221","JG3 UX3",182,"2019-05-13 08:22:51","WindowsPlayer",NA,11,"TaskEvent",0,"0.11.235",0.589859962463379,8.23670291900635,1.66756391525269,-0.777093291282654,-0.629385709762573,0,"History of WAT247,Find Toppo's Posters,Crash Diagnostics - Mountains,U3 - Crash Side Quest P3,Bill’s Grand Idea","50,watershed;49,poster1;49,poster6;46,jasper;40,Find the supplies crate;37,meet Bill","U5_Cave,U5_Cave_Quests,U5_Cave_Collectibles","0.11.235","TaskProgressEvent",24,"Trace the pollutant",1
"1509","5cd9b726e4194c2f5ffa34c6",4,"Development","e0e8ba1d-a1a8-492c-a490-549b4a24c221","JG3 UX3",182,"2019-05-13 08:22:51","WindowsPlayer",NA,11,"TaskEvent",0,"0.11.235",0.589859962463379,8.23670291900635,1.66756391525269,-0.777093291282654,-0.629385709762573,0,"History of WAT247,Find Toppo's Posters,Crash Diagnostics - Mountains,U3 - Crash Side Quest P3,Bill’s Grand Idea","50,watershed;49,poster1;49,poster6;46,jasper;40,Find the supplies crate;37,meet Bill;37,Try Escape","U5_Cave,U5_Cave_Quests,U5_Cave_Collectibles","0.11.235","TaskActiveEvent",24,"Open the Claimer System",NA
"1510","5cd9b726e4194c2f5ffa34cf",4,"Development","e0e8ba1d-a1a8-492c-a490-549b4a24c221","JG3 UX3",182,"2019-05-13 08:22:51","WindowsPlayer",NA,11,"TaskEvent",0,"0.11.235",0.589859962463379,8.23670291900635,1.66756391525269,-0.777093291282654,-0.629385709762573,0,"History of WAT247,Find Toppo's Posters,Crash Diagnostics - Mountains,U3 - Crash Side Quest P3,Bill’s Grand Idea","50,watershed;49,poster1;49,poster6;46,jasper;40,Find the supplies crate;37,meet Bill","U5_Cave,U5_Cave_Quests,U5_Cave_Collectibles","0.11.235","TaskCompleteEvent",24,"Open the Claimer System",NA
"1511","5cd9b785e4194c2f5ffa3640",4,"Development","e0e8ba1d-a1a8-492c-a490-549b4a24c221","JG3 UX3",182,"2019-05-13 08:29:21","WindowsPlayer",NA,11,"TaskEvent",0,"0.11.235",7.9264497756958,-5.68398380279541,1.89626312255859,0.666594266891479,-0.745421171188354,0,"History of WAT247,Find Toppo's Posters,Crash Diagnostics - Mountains,U3 - Crash Side Quest P3,Convince Bill the Distillery will work","50,watershed;49,poster1;49,poster6;46,jasper;40,Find the supplies crate;33,Make a hole in the pan","U5_Cave,U5_Cave_Quests,U5_Cave_Collectibles","0.11.235","TaskProgressEvent",24,"Open the Claimer System",1
"1512","5cd9b785e4194c2f5ffa3641",4,"Development","e0e8ba1d-a1a8-492c-a490-549b4a24c221","JG3 UX3",182,"2019-05-13 08:29:21","WindowsPlayer",NA,11,"TaskEvent",0,"0.11.235",7.9264497756958,-5.68398380279541,1.89626312255859,0.666594266891479,-0.745421171188354,0,"History of WAT247,Find Toppo's Posters,Crash Diagnostics - Mountains,U3 - Crash Side Quest P3,Convince Bill the Distillery will work","50,watershed;49,poster1;49,poster6;46,jasper;40,Find the supplies crate;33,Make a hole in the pan;33,attach hose","U5_Cave,U5_Cave_Quests,U5_Cave_Collectibles","0.11.235","TaskActiveEvent",0,"Convince Bill the pollutant is nearby",NA
"1513","5cd9b785e4194c2f5ffa3647",4,"Development","e0e8ba1d-a1a8-492c-a490-549b4a24c221","JG3 UX3",182,"2019-05-13 08:29:21","WindowsPlayer",NA,11,"TaskEvent",0,"0.11.235",7.9264497756958,-5.68398380279541,1.89626312255859,0.666594266891479,-0.745421171188354,0,"History of WAT247,Find Toppo's Posters,Crash Diagnostics - Mountains,U3 - Crash Side Quest P3,Convince Bill the Distillery will work","50,watershed;49,poster1;49,poster6;46,jasper;40,Find the supplies crate;33,Make a hole in the pan","U5_Cave,U5_Cave_Quests,U5_Cave_Collectibles","0.11.235","TaskActiveEvent",0,"Identify pollutant",NA
"1514","5cd9b794e4194c2f5ffa367c",4,"Development","e0e8ba1d-a1a8-492c-a490-549b4a24c221","JG3 UX3",182,"2019-05-13 08:29:35","WindowsPlayer",NA,11,"TaskEvent",0,"0.11.235",9.79446506500244,-3.3757631778717,2.23745179176331,0.135797619819641,-0.990736484527588,0,"History of WAT247,Find Toppo's Posters,Crash Diagnostics - Mountains,U3 - Crash Side Quest P3,Convince Bill the Distillery will work","50,watershed;49,poster1;49,poster6;46,jasper;40,Find the supplies crate;33,attach hose;33,Grab Canteen","U5_Cave,U5_Cave_Quests,U5_Cave_Collectibles","0.11.235","TaskProgressEvent",0,"Convince Bill the pollutant is nearby",1
"1515","5cd9b794e4194c2f5ffa367f",4,"Development","e0e8ba1d-a1a8-492c-a490-549b4a24c221","JG3 UX3",182,"2019-05-13 08:29:35","WindowsPlayer",NA,11,"TaskEvent",0,"0.11.235",9.79446506500244,-3.3757631778717,2.23745179176331,0.135797619819641,-0.990736484527588,0,"History of WAT247,Find Toppo's Posters,Crash Diagnostics - Mountains,U3 - Crash Side Quest P3,Convince Bill the Distillery will work","50,watershed;49,poster1;49,poster6;46,jasper;40,Find the supplies crate;33,attach hose","U5_Cave,U5_Cave_Quests,U5_Cave_Collectibles","0.11.235","TaskCompleteEvent",0,"Convince Bill the pollutant is nearby",NA
"1516","5cd9b794e4194c2f5ffa3686",4,"Development","e0e8ba1d-a1a8-492c-a490-549b4a24c221","JG3 UX3",182,"2019-05-13 08:29:35","WindowsPlayer",NA,11,"TaskEvent",0,"0.11.235",9.79446506500244,-3.3757631778717,2.23745179176331,0.135797619819641,-0.990736484527588,0,"History of WAT247,Find Toppo's Posters,Crash Diagnostics - Mountains,U3 - Crash Side Quest P3,Convince Bill the Distillery will work","50,watershed;49,poster1;49,poster6;46,jasper;40,Find the supplies crate;33,attach hose","U5_Cave,U5_Cave_Quests,U5_Cave_Collectibles","0.11.235","TaskProgressEvent",0,"Identify pollutant",1
"1517","5cd9b7d0e4194c2f5ffa3768",4,"Development","e0e8ba1d-a1a8-492c-a490-549b4a24c221","JG3 UX3",182,"2019-05-13 08:23:26","WindowsPlayer",NA,11,"TaskEvent",0,"0.11.235",0.589859962463379,8.23670291900635,1.66756391525269,-0.78037816286087,-0.625308394432068,0,"History of WAT247,Find Toppo's Posters,Crash Diagnostics - Mountains,U3 - Crash Side Quest P3,Bill’s Grand Idea,Water Crisis!","50,watershed;49,poster1;49,poster6;46,jasper;40,Find the supplies crate","U5_Cave,U5_Cave_Quests,U5_Cave_Collectibles","0.11.235","TaskActiveEvent",0,"Talk with Sam",NA
"1518","5cd9b7d0e4194c2f5ffa3774",4,"Development","e0e8ba1d-a1a8-492c-a490-549b4a24c221","JG3 UX3",182,"2019-05-13 08:23:26","WindowsPlayer",NA,11,"TaskEvent",0,"0.11.235",0.589859962463379,8.23670291900635,1.66756391525269,-0.78037816286087,-0.625308394432068,0,"History of WAT247,Find Toppo's Posters,Crash Diagnostics - Mountains,U3 - Crash Side Quest P3,Bill’s Grand Idea","50,watershed;49,poster1;49,poster6;46,jasper;40,Find the supplies crate;37,Try Escape","U5_Cave,U5_Cave_Quests,U5_Cave_Collectibles","0.11.235","TaskCompleteEvent",0,"Identify pollutant",NA
"1519","5cd9b7d0e4194c2f5ffa3777",4,"Development","e0e8ba1d-a1a8-492c-a490-549b4a24c221","JG3 UX3",182,"2019-05-13 08:23:26","WindowsPlayer",NA,11,"TaskEvent",0,"0.11.235",0.589859962463379,8.23670291900635,1.66756391525269,-0.78037816286087,-0.625308394432068,0,"History of WAT247,Find Toppo's Posters,Crash Diagnostics - Mountains,U3 - Crash Side Quest P3,Water Crisis!","50,watershed;49,poster1;49,poster6;46,jasper;40,Find the supplies crate;32,humidity meter","U5_Cave,U5_Cave_Quests,U5_Cave_Collectibles","0.11.235","TaskCompleteEvent",0,"Talk with Sam",NA
"1520","5cd9b828e4194c2f5ffa38c8",4,"Development","e0e8ba1d-a1a8-492c-a490-549b4a24c221","JG3 UX3",182,"2019-05-13 08:32:06","WindowsPlayer",NA,11,"TaskEvent",0,"0.11.235",-44.6667213439941,48.1284141540527,17.0575981140137,-0.991894364356995,-0.127064943313599,0,"History of WAT247,Find Toppo's Posters,Crash Diagnostics - Mountains,U3 - Crash Side Quest P3,Construct a Distillery at the Factory","50,watershed;49,poster1;49,poster6;46,jasper;40,Find the supplies crate;35,setup first","U5_Largemart_Factory,U5_Largemart_Factory_Quests","0.11.235","TaskActiveEvent",86,"Talk to Sam",NA
"1521","5cd9b828e4194c2f5ffa38c9",4,"Development","e0e8ba1d-a1a8-492c-a490-549b4a24c221","JG3 UX3",182,"2019-05-13 08:32:06","WindowsPlayer",NA,11,"TaskEvent",0,"0.11.235",-44.6667213439941,48.1284141540527,17.0575981140137,-0.991894364356995,-0.127064943313599,0,"History of WAT247,Find Toppo's Posters,Crash Diagnostics - Mountains,U3 - Crash Side Quest P3,Construct a Distillery at the Factory","50,watershed;49,poster1;49,poster6;46,jasper;40,Find the supplies crate;35,setup first","U5_Largemart_Factory,U5_Largemart_Factory_Quests","0.11.235","TaskProgressEvent",0,"Talk with Sam",1
"1522","5cd9b828e4194c2f5ffa38cd",4,"Development","e0e8ba1d-a1a8-492c-a490-549b4a24c221","JG3 UX3",182,"2019-05-13 08:32:06","WindowsPlayer",NA,11,"TaskEvent",0,"0.11.235",-44.6667213439941,48.1284141540527,17.0575981140137,-0.991894364356995,-0.127064943313599,0,"History of WAT247,Find Toppo's Posters,Crash Diagnostics - Mountains,U3 - Crash Side Quest P3,Construct a Distillery at the Factory","50,watershed;49,poster1;49,poster6;46,jasper;40,Find the supplies crate;35,setup first;35,setup second","U5_Largemart_Factory,U5_Largemart_Factory_Quests","0.11.235","TaskProgressEvent",86,"Talk to Sam",1
"1523","5cd9b87de4194c2f5ffa3a2b",4,"Development","e0e8ba1d-a1a8-492c-a490-549b4a24c221","JG3 UX3",182,"2019-05-13 08:33:28","WindowsPlayer",NA,11,"TaskEvent",0,"0.11.235",-13.7189912796021,62.7301597595215,20.976598739624,0.961261808872223,0.275637447834015,0,"History of WAT247,Find Toppo's Posters,Crash Diagnostics - Mountains,U3 - Crash Side Quest P3,Construct a Distillery at the Factory","50,watershed;49,poster1;49,poster6;46,jasper;40,Find the supplies crate;35,setup third;35,setup fourth","U5_Largemart_Factory,U5_Largemart_Factory_Quests","0.11.235","TaskCompleteEvent",86,"Talk to Sam",NA
"1524","5cd9b87de4194c2f5ffa3a34",4,"Development","e0e8ba1d-a1a8-492c-a490-549b4a24c221","JG3 UX3",182,"2019-05-13 08:33:28","WindowsPlayer",NA,11,"TaskEvent",0,"0.11.235",-13.7189912796021,62.7301597595215,20.976598739624,0.961261808872223,0.275637447834015,0,"History of WAT247,Find Toppo's Posters,Crash Diagnostics - Mountains,U3 - Crash Side Quest P3,Construct a Distillery at the Factory","50,watershed;49,poster1;49,poster6;46,jasper;40,Find the supplies crate;35,setup third","U5_Largemart_Factory,U5_Largemart_Factory_Quests","0.11.235","TaskActiveEvent",86,"Examine a Garden",NA
"1525","5cd9b87ee4194c2f5ffa3a35",4,"Development","e0e8ba1d-a1a8-492c-a490-549b4a24c221","JG3 UX3",182,"2019-05-13 08:33:28","WindowsPlayer",NA,11,"TaskEvent",0,"0.11.235",-13.7189912796021,62.7301597595215,20.976598739624,0.961261808872223,0.275637447834015,0,"History of WAT247,Find Toppo's Posters,Crash Diagnostics - Mountains,U3 - Crash Side Quest P3,Construct a Distillery at the Factory","50,watershed;49,poster1;49,poster6;46,jasper;40,Find the supplies crate;35,setup third","U5_Largemart_Factory,U5_Largemart_Factory_Quests","0.11.235","TaskProgressEvent",86,"Examine a Garden",1
"1526","5cd9b887e4194c2f5ffa3a4e",4,"Development","e0e8ba1d-a1a8-492c-a490-549b4a24c221","JG3 UX3",182,"2019-05-13 08:08:55","WindowsPlayer",NA,11,"TaskEvent",0,"0.11.235",330.961547851562,-6.48266172409058,3.98000001907349,-0.106265597045422,0.994337797164917,0,"History of WAT247,Find Toppo's Posters,Crash Diagnostics - Mountains,U3 - Crash Side Quest P3,Explore the Alien Seaside Facility","50,watershed;49,poster1;49,poster6;46,jasper;40,Find the supplies crate;36,Condense Humidity;36,Evaporate Water","U5_Dungeon","0.11.235","TaskCompleteEvent",86,"Examine a Garden",NA
"1527","5cd9b887e4194c2f5ffa3a51",4,"Development","e0e8ba1d-a1a8-492c-a490-549b4a24c221","JG3 UX3",182,"2019-05-13 08:08:55","WindowsPlayer",NA,11,"TaskEvent",0,"0.11.235",330.961547851562,-6.48266172409058,3.98000001907349,-0.106265597045422,0.994337797164917,0,"History of WAT247,Find Toppo's Posters,Crash Diagnostics - Mountains,U3 - Crash Side Quest P3,Explore the Alien Seaside Facility","50,watershed;49,poster1;49,poster6;46,jasper;40,Find the supplies crate;36,Condense Humidity","U5_Dungeon","0.11.235","TaskActiveEvent",86,"Check out the Supertree",NA
"1528","5cd9b887e4194c2f5ffa3a52",4,"Development","e0e8ba1d-a1a8-492c-a490-549b4a24c221","JG3 UX3",182,"2019-05-13 08:08:55","WindowsPlayer",NA,11,"TaskEvent",0,"0.11.235",330.961547851562,-6.48266172409058,3.98000001907349,-0.106265597045422,0.994337797164917,0,"History of WAT247,Find Toppo's Posters,Crash Diagnostics - Mountains,U3 - Crash Side Quest P3,Explore the Alien Seaside Facility","50,watershed;49,poster1;49,poster6;46,jasper;40,Find the supplies crate;36,Condense Humidity","U5_Dungeon","0.11.235","TaskCompleteEvent",86,"Check out the Supertree",NA
"1529","5cd9ba3de4194c2f5ffa4076",4,"Development","e0e8ba1d-a1a8-492c-a490-549b4a24c221","JG3 UX3",182,"2019-05-13 08:40:31","WindowsPlayer",NA,11,"TaskEvent",0,"0.11.235",-70.0247955322266,-108.346313476562,58.9669380187988,0.167942687869072,0.985796749591827,0,"History of WAT247,Find Toppo's Posters,Crash Diagnostics - Mountains,U3 - Crash Side Quest P3,Check in with Toppo,Investigate Sam's Water Shortage","50,watershed;49,poster1;49,poster6;46,jasper;40,Find the supplies crate","Player_Base","0.11.235","TaskActiveEvent",87,"Gain Acces to the Ruins",NA
"1530","5cd9ba3de4194c2f5ffa407e",4,"Development","e0e8ba1d-a1a8-492c-a490-549b4a24c221","JG3 UX3",182,"2019-05-13 08:40:31","WindowsPlayer",NA,11,"TaskEvent",0,"0.11.235",-70.0247955322266,-108.346313476562,58.9669380187988,0.167942687869072,0.985796749591827,0,"History of WAT247,Find Toppo's Posters,Crash Diagnostics - Mountains,U3 - Crash Side Quest P3,Investigate Sam's Water Shortage","50,watershed;49,poster1;49,poster6;46,jasper;40,Find the supplies crate;64,Check Sam's Garden","Player_Base","0.11.235","TaskProgressEvent",86,"Check out the Supertree",1
"1531","5cd9ba3de4194c2f5ffa4085",4,"Development","e0e8ba1d-a1a8-492c-a490-549b4a24c221","JG3 UX3",182,"2019-05-13 08:40:31","WindowsPlayer",NA,11,"TaskEvent",0,"0.11.235",-70.0247955322266,-108.346313476562,58.9669380187988,0.167942687869072,0.985796749591827,0,"History of WAT247,Find Toppo's Posters,Crash Diagnostics - Mountains,U3 - Crash Side Quest P3,Check in with Toppo","50,watershed;49,poster1;49,poster6;46,jasper;40,Find the supplies crate;63,Talk with Toppo","Player_Base","0.11.235","TaskActiveEvent",87,"Pickup the Key",NA
"1532","5cd9bb1ee4194c2f5ffa4432",4,"Development","e0e8ba1d-a1a8-492c-a490-549b4a24c221","JG3 UX3",182,"2019-05-13 08:44:41","WindowsPlayer",NA,11,"TaskEvent",0,"0.11.235",-386.496765136719,633.968200683594,56.768180847168,-0.837844371795654,0.54590916633606,0,"History of WAT247,Find Toppo's Posters,Crash Diagnostics - Mountains,U3 - Crash Side Quest P3,Investigate Anderson's Water Shortage","50,watershed;49,poster1;49,poster6;46,jasper;40,Find the supplies crate;65,Check Anderson's Water Supply","U3,U3_Collectibles,U3_Quests,U3_RiverSpline","0.11.235","TaskCompleteEvent",87,"Gain Acces to the Ruins",NA
"1533","5cd9bb1ee4194c2f5ffa4437",4,"Development","e0e8ba1d-a1a8-492c-a490-549b4a24c221","JG3 UX3",182,"2019-05-13 08:44:41","WindowsPlayer",NA,11,"TaskEvent",0,"0.11.235",-386.496765136719,633.968200683594,56.768180847168,-0.837844371795654,0.54590916633606,0,"History of WAT247,Find Toppo's Posters,Crash Diagnostics - Mountains,U3 - Crash Side Quest P3,Investigate Sam's Water Shortage","50,watershed;49,poster1;49,poster6;46,jasper;40,Find the supplies crate;64,Measure the West River Levels","U3,U3_Collectibles,U3_Quests,U3_RiverSpline","0.11.235","TaskProgressEvent",87,"Gain Acces to the Ruins",1
"1534","5cd9bb1ee4194c2f5ffa4438",4,"Development","e0e8ba1d-a1a8-492c-a490-549b4a24c221","JG3 UX3",182,"2019-05-13 08:44:41","WindowsPlayer",NA,11,"TaskEvent",0,"0.11.235",-386.496765136719,633.968200683594,56.768180847168,-0.837844371795654,0.54590916633606,0,"History of WAT247,Find Toppo's Posters,Crash Diagnostics - Mountains,U3 - Crash Side Quest P3,Investigate Sam's Water Shortage,Investigate Anderson's Water Shortage","50,watershed;49,poster1;49,poster6;46,jasper;40,Find the supplies crate","U3,U3_Collectibles,U3_Quests,U3_RiverSpline","0.11.235","TaskActiveEvent",87,"Unlock the door",NA
"1535","5cd9bb8fe4194c2f5ffa45d2",4,"Development","e0e8ba1d-a1a8-492c-a490-549b4a24c221","JG3 UX3",182,"2019-05-13 08:46:37","WindowsPlayer",NA,11,"TaskEvent",0,"0.11.235",-533.743225097656,766.216003417969,61.9213714599609,0.978146493434906,0.206868693232536,0.0208587367087603,"History of WAT247,Find Toppo's Posters,Crash Diagnostics - Mountains,U3 - Crash Side Quest P3,Investigate Anderson's Water Shortage","50,watershed;49,poster1;49,poster6;46,jasper;40,Find the supplies crate;65,Check Anderson's Water Supply","U4,U4_Collectibles,U4_Quests,U4_MilitaryBase","0.11.235","TaskProgressEvent",87,"Pickup the Key",1
"1536","5cd9bb8fe4194c2f5ffa45d3",4,"Development","e0e8ba1d-a1a8-492c-a490-549b4a24c221","JG3 UX3",182,"2019-05-13 08:46:37","WindowsPlayer",NA,11,"TaskEvent",0,"0.11.235",-533.743225097656,766.216003417969,61.9213714599609,0.978146493434906,0.206868693232536,0.0208587367087603,"History of WAT247,Find Toppo's Posters,Crash Diagnostics - Mountains,U3 - Crash Side Quest P3,Investigate Anderson's Water Shortage","50,watershed;49,poster1;49,poster6;46,jasper;40,Find the supplies crate;65,Check Anderson's Water Supply;65,Check the Bunker Water Table","U4,U4_Collectibles,U4_Quests,U4_MilitaryBase","0.11.235","TaskCompleteEvent",87,"Pickup the Key",NA
"1537","5cd9bb90e4194c2f5ffa45d7",4,"Development","e0e8ba1d-a1a8-492c-a490-549b4a24c221","JG3 UX3",182,"2019-05-13 08:46:37","WindowsPlayer",NA,11,"TaskEvent",0,"0.11.235",-533.743225097656,766.216003417969,61.9213714599609,0.978146493434906,0.206868693232536,0.0208587367087603,"History of WAT247,Find Toppo's Posters,Crash Diagnostics - Mountains,U3 - Crash Side Quest P3,Investigate Anderson's Water Shortage","50,watershed;49,poster1;49,poster6;46,jasper;40,Find the supplies crate;65,Check Anderson's Water Supply","U4,U4_Collectibles,U4_Quests,U4_MilitaryBase","0.11.235","TaskActiveEvent",87,"Enter the ruins",NA
"1538","5cd9bc67e4194c2f5ffa492c",4,"Development","e0e8ba1d-a1a8-492c-a490-549b4a24c221","JG3 UX3",182,"2019-05-13 08:37:13","WindowsPlayer",NA,11,"TaskEvent",0,"0.11.235",5.67972898483276,-6.93908643722534,0.982069849967957,0.732913553714752,0.6803218126297,0,"History of WAT247,Find Toppo's Posters,Crash Diagnostics - Mountains,U3 - Crash Side Quest P3,Back at the Base","50,watershed;49,poster1;49,poster6;46,jasper;40,Find the supplies crate;69,Go to Sleep","PB_PlayerRoom","0.11.235","TaskCompleteEvent",87,"Unlock the door",NA
"1539","5cd9bc67e4194c2f5ffa492e",4,"Development","e0e8ba1d-a1a8-492c-a490-549b4a24c221","JG3 UX3",182,"2019-05-13 08:37:13","WindowsPlayer",NA,11,"TaskEvent",0,"0.11.235",5.67972898483276,-6.93908643722534,0.982069849967957,0.732913553714752,0.6803218126297,0,"History of WAT247,Find Toppo's Posters,Crash Diagnostics - Mountains,U3 - Crash Side Quest P3","50,watershed;49,poster1;49,poster6;46,jasper;40,Find the supplies crate","PB_PlayerRoom","0.11.235","TaskProgressEvent",87,"Unlock the door",1
"1540","5cd9bc67e4194c2f5ffa4930",4,"Development","e0e8ba1d-a1a8-492c-a490-549b4a24c221","JG3 UX3",182,"2019-05-13 08:37:15","WindowsPlayer",NA,11,"TaskEvent",0,"0.11.235",5.67972898483276,-6.93908643722534,0.982069849967957,0.0685588121414185,0.997647047042847,0,"History of WAT247,Find Toppo's Posters,Crash Diagnostics - Mountains,U3 - Crash Side Quest P3,Check in with Toppo","50,watershed;49,poster1;49,poster6;46,jasper;40,Find the supplies crate","PB_PlayerRoom","0.11.235","TaskCompleteEvent",87,"Enter the ruins",NA
"1541","5cd9bc7be4194c2f5ffa4979",4,"Development","e0e8ba1d-a1a8-492c-a490-549b4a24c221","JG3 UX3",182,"2019-05-13 08:50:28","WindowsPlayer",NA,11,"TaskEvent",0,"0.11.235",67.7124252319336,-446.295227050781,39.5375595092773,0.922739088535309,0.384922862052917,0.0196771994233131,"History of WAT247,Find Toppo's Posters,Crash Diagnostics - Mountains,U3 - Crash Side Quest P3,Investigate Anderson's Water Shortage,Investigate the Water Shortage","50,watershed;49,poster1;49,poster6;46,jasper;40,Find the supplies crate","U4,U4_Collectibles,U4_Quests,U4_AlienRuins","0.11.235","TaskActiveEvent",75,"Pump1",NA
"1542","5cd9bc7be4194c2f5ffa497b",4,"Development","e0e8ba1d-a1a8-492c-a490-549b4a24c221","JG3 UX3",182,"2019-05-13 08:50:28","WindowsPlayer",NA,11,"TaskEvent",0,"0.11.235",67.7124252319336,-446.295227050781,39.5375595092773,0.922739088535309,0.384922862052917,0.0196771994233131,"History of WAT247,Find Toppo's Posters,Crash Diagnostics - Mountains,U3 - Crash Side Quest P3,Investigate the Water Shortage","50,watershed;49,poster1;49,poster6;46,jasper;40,Find the supplies crate;88,Check the Seaside Humidity","U4,U4_Collectibles,U4_Quests,U4_AlienRuins","0.11.235","TaskProgressEvent",87,"Enter the ruins",1
"1543","5cd9bc7be4194c2f5ffa4982",4,"Development","e0e8ba1d-a1a8-492c-a490-549b4a24c221","JG3 UX3",182,"2019-05-13 08:50:28","WindowsPlayer",NA,11,"TaskEvent",0,"0.11.235",67.7124252319336,-446.295227050781,39.5375595092773,0.922739088535309,0.384922862052917,0.0196771994233131,"History of WAT247,Find Toppo's Posters,Crash Diagnostics - Mountains,U3 - Crash Side Quest P3,Investigate Anderson's Water Shortage","50,watershed;49,poster1;49,poster6;46,jasper;40,Find the supplies crate;65,Check the Ruins Water Table","U4,U4_Collectibles,U4_Quests,U4_AlienRuins","0.11.235","TaskProgressEvent",75,"Pump1",1
"1544","5cd9bc99e4194c2f5ffa49fd",4,"Development","e0e8ba1d-a1a8-492c-a490-549b4a24c221","JG3 UX3",182,"2019-05-13 08:10:37","WindowsPlayer",NA,11,"TaskEvent",0,"0.11.235",300.762542724609,26.0039730072021,3.98000001907349,0.978867888450623,-0.204493999481201,0,"History of WAT247,Find Toppo's Posters,Crash Diagnostics - Mountains,U3 - Crash Side Quest P3,Explore the Alien Seaside Facility","50,watershed;49,poster1;49,poster6;46,jasper;40,Find the supplies crate;36,Evaporate Water","U5_Dungeon","0.11.235","TaskActiveEvent",75,"Pump2",NA
"1545","5cd9bc99e4194c2f5ffa4a01",4,"Development","e0e8ba1d-a1a8-492c-a490-549b4a24c221","JG3 UX3",182,"2019-05-13 08:10:37","WindowsPlayer",NA,11,"TaskEvent",0,"0.11.235",300.762542724609,26.0039730072021,3.98000001907349,0.978867888450623,-0.204493999481201,0,"History of WAT247,Find Toppo's Posters,Crash Diagnostics - Mountains,U3 - Crash Side Quest P3,Explore the Alien Seaside Facility","50,watershed;49,poster1;49,poster6;46,jasper;40,Find the supplies crate;36,Evaporate Water","U5_Dungeon","0.11.235","TaskCompleteEvent",75,"Pump1",NA
"1546","5cd9bc99e4194c2f5ffa4a02",4,"Development","e0e8ba1d-a1a8-492c-a490-549b4a24c221","JG3 UX3",182,"2019-05-13 08:10:37","WindowsPlayer",NA,11,"TaskEvent",0,"0.11.235",300.762542724609,26.0039730072021,3.98000001907349,0.978867888450623,-0.204493999481201,0,"History of WAT247,Find Toppo's Posters,Crash Diagnostics - Mountains,U3 - Crash Side Quest P3,Explore the Alien Seaside Facility","50,watershed;49,poster1;49,poster6;46,jasper;40,Find the supplies crate;36,Evaporate Water;36,Transport Water","U5_Dungeon","0.11.235","TaskProgressEvent",75,"Pump4",1
"1547","5cd9bd04e4194c2f5ffa4b88",4,"Development","e0e8ba1d-a1a8-492c-a490-549b4a24c221","JG3 UX3",182,"2019-05-13 08:52:46","WindowsPlayer",NA,11,"TaskEvent",0,"0.11.235",-210.031845092773,203.920715332031,51.8253860473633,0.564967036247253,0.825113475322723,0,"History of WAT247,Find Toppo's Posters,Crash Diagnostics - Mountains,U3 - Crash Side Quest P3,Investigate the Water Shortage","50,watershed;49,poster1;49,poster6;46,jasper;40,Find the supplies crate;88,Check the Seaside Humidity;88,Check the Factory Humidity","U5,U5_Quests","0.11.235","TaskActiveEvent",75,"BackToGardens",NA
"1548","5cd9bd04e4194c2f5ffa4b8a",4,"Development","e0e8ba1d-a1a8-492c-a490-549b4a24c221","JG3 UX3",182,"2019-05-13 08:52:46","WindowsPlayer",NA,11,"TaskEvent",0,"0.11.235",-210.031845092773,203.920715332031,51.8253860473633,0.564967036247253,0.825113475322723,0,"History of WAT247,Find Toppo's Posters,Crash Diagnostics - Mountains,U3 - Crash Side Quest P3,Investigate the Water Shortage","50,watershed;49,poster1;49,poster6;46,jasper;40,Find the supplies crate;88,Check the Seaside Humidity","U5,U5_Quests","0.11.235","TaskCompleteEvent",75,"Pump4",NA
"1549","5cd9bd04e4194c2f5ffa4b8b",4,"Development","e0e8ba1d-a1a8-492c-a490-549b4a24c221","JG3 UX3",182,"2019-05-13 08:52:46","WindowsPlayer",NA,11,"TaskEvent",0,"0.11.235",-210.031845092773,203.920715332031,51.8253860473633,0.564967036247253,0.825113475322723,0,"History of WAT247,Find Toppo's Posters,Crash Diagnostics - Mountains,U3 - Crash Side Quest P3,Investigate the Water Shortage","50,watershed;49,poster1;49,poster6;46,jasper;40,Find the supplies crate;88,Check the Seaside Humidity","U5,U5_Quests","0.11.235","TaskProgressEvent",75,"Pump2",1
"1550","5cd9bd64e4194c2f5ffa4cf6",4,"Development","e0e8ba1d-a1a8-492c-a490-549b4a24c221","JG3 UX3",182,"2019-05-13 08:54:27","WindowsPlayer",NA,11,"TaskEvent",0,"0.11.235",-647.182067871094,3.77514338493347,-107.270080566406,0.828060686588287,-0.560638666152954,0,"History of WAT247,Find Toppo's Posters,Crash Diagnostics - Mountains,U3 - Crash Side Quest P3,Investigate the Water Shortage","50,watershed;49,poster1;49,poster6;46,jasper;40,Find the supplies crate;88,Check the Cave Humidity","U5_Cavern,U5_Cavern_Quests","0.11.235","TaskActiveEvent",75,"Pump3",NA
"1551","5cd9bd64e4194c2f5ffa4cf7",4,"Development","e0e8ba1d-a1a8-492c-a490-549b4a24c221","JG3 UX3",182,"2019-05-13 08:54:27","WindowsPlayer",NA,11,"TaskEvent",0,"0.11.235",-647.182067871094,3.77514338493347,-107.270080566406,0.828060686588287,-0.560638666152954,0,"History of WAT247,Find Toppo's Posters,Crash Diagnostics - Mountains,U3 - Crash Side Quest P3,Investigate the Water Shortage","50,watershed;49,poster1;49,poster6;46,jasper;40,Find the supplies crate;88,Check the Cave Humidity","U5_Cavern,U5_Cavern_Quests","0.11.235","TaskCompleteEvent",75,"Pump2",NA
"1552","5cd9bd64e4194c2f5ffa4cf8",4,"Development","e0e8ba1d-a1a8-492c-a490-549b4a24c221","JG3 UX3",182,"2019-05-13 08:54:27","WindowsPlayer",NA,11,"TaskEvent",0,"0.11.235",-647.182067871094,3.77514338493347,-107.270080566406,0.828060686588287,-0.560638666152954,0,"History of WAT247,Find Toppo's Posters,Crash Diagnostics - Mountains,U3 - Crash Side Quest P3,Investigate the Water Shortage","50,watershed;49,poster1;49,poster6;46,jasper;40,Find the supplies crate;88,Check the Cave Humidity;88,Check the Base Humidity","U5_Cavern,U5_Cavern_Quests","0.11.235","TaskProgressEvent",75,"Pump3",1
"1553","5cd9bdc6e4194c2f5ffa4e34",4,"Development","e0e8ba1d-a1a8-492c-a490-549b4a24c221","JG3 UX3",182,"2019-05-13 08:55:21","WindowsPlayer",NA,11,"TaskEvent",0,"0.11.235",-74.0168762207031,-54.1928482055664,55.7692527770996,0.834847629070282,0.550481081008911,0,"History of WAT247,Find Toppo's Posters,Crash Diagnostics - Mountains,U3 - Crash Side Quest P3,Investigate the Water Shortage","50,watershed;49,poster1;49,poster6;46,jasper;40,Find the supplies crate;88,Check the Base Humidity","Player_Base","0.11.235","TaskActiveEvent",75,"Pump4",NA
"1554","5cd9bdc6e4194c2f5ffa4e3a",4,"Development","e0e8ba1d-a1a8-492c-a490-549b4a24c221","JG3 UX3",182,"2019-05-13 08:55:21","WindowsPlayer",NA,11,"TaskEvent",0,"0.11.235",-74.0168762207031,-54.1928482055664,55.7692527770996,0.834847629070282,0.550481081008911,0,"History of WAT247,Find Toppo's Posters,Crash Diagnostics - Mountains,U3 - Crash Side Quest P3,Is Water Missing?","50,watershed;49,poster1;49,poster6;46,jasper;40,Find the supplies crate;89,Update the Team","Player_Base","0.11.235","TaskCompleteEvent",75,"Pump3",NA
"1555","5cd9bdc6e4194c2f5ffa4e41",4,"Development","e0e8ba1d-a1a8-492c-a490-549b4a24c221","JG3 UX3",182,"2019-05-13 08:55:21","WindowsPlayer",NA,11,"TaskEvent",0,"0.11.235",-74.0168762207031,-54.1928482055664,55.7692527770996,0.834847629070282,0.550481081008911,0,"History of WAT247,Find Toppo's Posters,Crash Diagnostics - Mountains,U3 - Crash Side Quest P3,Investigate the Water Shortage,Is Water Missing?","50,watershed;49,poster1;49,poster6;46,jasper;40,Find the supplies crate","Player_Base","0.11.235","TaskCompleteEvent",75,"BackToGardens",NA
"1556","5cd9be2ae4194c2f5ffa4fcf",4,"Development","e0e8ba1d-a1a8-492c-a490-549b4a24c221","JG3 UX3",182,"2019-05-13 08:30:20","WindowsPlayer",NA,11,"TaskEvent",0,"0.11.235",95.2537384033203,66.8157577514648,104.946090698242,0.815128266811371,-0.579280495643616,0,"History of WAT247,Find Toppo's Posters,Crash Diagnostics - Mountains,U3 - Crash Side Quest P3,Head Back to Large Mart","50,watershed;49,poster1;49,poster6;46,jasper;40,Find the supplies crate;34,return to large mart","U5,U5_Quests","0.11.235","TaskActiveEvent",25,"Install Pumps",NA
"1557","5cd9be2ae4194c2f5ffa4fd2",4,"Development","e0e8ba1d-a1a8-492c-a490-549b4a24c221","JG3 UX3",182,"2019-05-13 08:30:20","WindowsPlayer",NA,11,"TaskEvent",0,"0.11.235",95.2537384033203,66.8157577514648,104.946090698242,0.815128266811371,-0.579280495643616,0,"History of WAT247,Find Toppo's Posters,Crash Diagnostics - Mountains,U3 - Crash Side Quest P3,Head Back to Large Mart","50,watershed;49,poster1;49,poster6;46,jasper;40,Find the supplies crate;34,return to large mart","U5,U5_Quests","0.11.235","TaskProgressEvent",75,"BackToGardens",1
"1558","5cd9be2be4194c2f5ffa4fd7",4,"Development","e0e8ba1d-a1a8-492c-a490-549b4a24c221","JG3 UX3",182,"2019-05-13 08:30:20","WindowsPlayer",NA,11,"TaskEvent",0,"0.11.235",95.2537384033203,66.8157577514648,104.946090698242,0.815128266811371,-0.579280495643616,0,"History of WAT247,Find Toppo's Posters,Crash Diagnostics - Mountains,U3 - Crash Side Quest P3,Head Back to Large Mart","50,watershed;49,poster1;49,poster6;46,jasper;40,Find the supplies crate;34,return to large mart;34,talk to Bill","U5,U5_Quests","0.11.235","TaskProgressEvent",25,"Install Pumps",1
"1559","5cd9be7fe4194c2f5ffa5121",4,"Development","e0e8ba1d-a1a8-492c-a490-549b4a24c221","JG3 UX3",182,"2019-05-13 08:58:28","WindowsPlayer",NA,11,"TaskEvent",0,"0.11.235",-70.0337905883789,-100.892601013184,58.9669380187988,-0.754709601402283,-0.65605890750885,0,"History of WAT247,Find Toppo's Posters,Crash Diagnostics - Mountains,U3 - Crash Side Quest P3,Is Water Missing?","50,watershed;49,poster1;49,poster6;46,jasper;40,Find the supplies crate;89,Sort this Out;89,Counter Him Cadet","Player_Base","0.11.235","TaskProgressEvent",25,"Install Pumps",2
"1560","5cd9be7fe4194c2f5ffa5125",4,"Development","e0e8ba1d-a1a8-492c-a490-549b4a24c221","JG3 UX3",182,"2019-05-13 08:58:28","WindowsPlayer",NA,11,"TaskEvent",0,"0.11.235",-70.0337905883789,-100.892601013184,58.9669380187988,-0.754709601402283,-0.65605890750885,0,"History of WAT247,Find Toppo's Posters,Crash Diagnostics - Mountains,U3 - Crash Side Quest P3,Is Water Missing?","50,watershed;49,poster1;49,poster6;46,jasper;40,Find the supplies crate;89,Sort this Out","Player_Base","0.11.235","TaskProgressEvent",25,"Install Pumps",3
"1561","5cd9be7fe4194c2f5ffa5126",4,"Development","e0e8ba1d-a1a8-492c-a490-549b4a24c221","JG3 UX3",182,"2019-05-13 08:58:28","WindowsPlayer",NA,11,"TaskEvent",0,"0.11.235",-70.0337905883789,-100.892601013184,58.9669380187988,-0.754709601402283,-0.65605890750885,0,"History of WAT247,Find Toppo's Posters,Crash Diagnostics - Mountains,U3 - Crash Side Quest P3,Is Water Missing?","50,watershed;49,poster1;49,poster6;46,jasper;40,Find the supplies crate;89,Sort this Out","Player_Base","0.11.235","TaskCompleteEvent",25,"Install Pumps",NA
"1562","5cd9be9de4194c2f5ffa519b",4,"Development","e0e8ba1d-a1a8-492c-a490-549b4a24c221","JG3 UX3",182,"2019-05-13 08:59:36","WindowsPlayer",NA,11,"TaskEvent",0,"0.11.235",-70.0337905883789,-100.892601013184,58.9669380187988,-0.754709601402283,-0.65605890750885,0,"History of WAT247,Find Toppo's Posters,Crash Diagnostics - Mountains,U3 - Crash Side Quest P3,Is Water Missing?","50,watershed;49,poster1;49,poster6;46,jasper;40,Find the supplies crate;89,Counter Him Cadet","Player_Base","0.11.235","TaskActiveEvent",56,"Head to bed",NA
"1563","5cd9be9de4194c2f5ffa519e",4,"Development","e0e8ba1d-a1a8-492c-a490-549b4a24c221","JG3 UX3",182,"2019-05-13 08:59:36","WindowsPlayer",NA,11,"TaskEvent",0,"0.11.235",-70.0337905883789,-100.892601013184,58.9669380187988,-0.754709601402283,-0.65605890750885,0,"History of WAT247,Find Toppo's Posters,Crash Diagnostics - Mountains,U3 - Crash Side Quest P3,Is Water Missing?","50,watershed;49,poster1;49,poster6;46,jasper;40,Find the supplies crate;89,Counter Him Cadet","Player_Base","0.11.235","TaskProgressEvent",25,"Install Pumps",4
"1564","5cd9be9de4194c2f5ffa51a0",4,"Development","e0e8ba1d-a1a8-492c-a490-549b4a24c221","JG3 UX3",182,"2019-05-13 08:59:36","WindowsPlayer",NA,11,"TaskEvent",0,"0.11.235",-70.0337905883789,-100.892601013184,58.9669380187988,-0.754709601402283,-0.65605890750885,0,"History of WAT247,Find Toppo's Posters,Crash Diagnostics - Mountains,U3 - Crash Side Quest P3,Is Water Missing?","50,watershed;49,poster1;49,poster6;46,jasper;40,Find the supplies crate;89,Counter Him Cadet;89,Is the Water Missing?","Player_Base","0.11.235","TaskProgressEvent",50,"dissolved materials",1
"1565","5cd9bf02e4194c2f5ffa5330",4,"Development","e0e8ba1d-a1a8-492c-a490-549b4a24c221","JG3 UX3",182,"2019-05-13 08:28:46","WindowsPlayer",NA,11,"TaskEvent",0,"0.11.235",7.85046815872192,8.49684429168701,1.57492864131927,-0.564898908138275,-0.825160264968872,0,"History of WAT247,Find Toppo's Posters,Crash Diagnostics - Mountains,U3 - Crash Side Quest P3,Convince Bill the Distillery will work","50,watershed;49,poster1;49,poster6;46,jasper;40,Find the supplies crate;33,convince bill","U5_Cave,U5_Cave_Quests,U5_Cave_Collectibles","0.11.235","TaskCompleteEvent",50,"dissolved materials",NA
"1566","5cd9bf02e4194c2f5ffa5335",4,"Development","e0e8ba1d-a1a8-492c-a490-549b4a24c221","JG3 UX3",182,"2019-05-13 08:28:46","WindowsPlayer",NA,11,"TaskEvent",0,"0.11.235",7.85046815872192,8.49684429168701,1.57492864131927,-0.564898908138275,-0.825160264968872,0,"History of WAT247,Find Toppo's Posters,Crash Diagnostics - Mountains,U3 - Crash Side Quest P3,Convince Bill the Distillery will work","50,watershed;49,poster1;49,poster6;46,jasper;40,Find the supplies crate;33,convince bill","U5_Cave,U5_Cave_Quests,U5_Cave_Collectibles","0.11.235","TaskCompleteEvent",56,"Head to bed",NA
"1567","5cd9bf02e4194c2f5ffa5336",4,"Development","e0e8ba1d-a1a8-492c-a490-549b4a24c221","JG3 UX3",182,"2019-05-13 08:28:46","WindowsPlayer",NA,11,"TaskEvent",0,"0.11.235",7.85046815872192,8.49684429168701,1.57492864131927,-0.564898908138275,-0.825160264968872,0,"History of WAT247,Find Toppo's Posters,Crash Diagnostics - Mountains,U3 - Crash Side Quest P3,Convince Bill the Distillery will work","50,watershed;49,poster1;49,poster6;46,jasper;40,Find the supplies crate;33,convince bill;33,Make a hole in the pan","U5_Cave,U5_Cave_Quests,U5_Cave_Collectibles","0.11.235","TaskProgressEvent",56,"Head to bed",1
"1568","5cd9bf34e4194c2f5ffa53f5",4,"Development","e0e8ba1d-a1a8-492c-a490-549b4a24c221","JG3 UX3",182,"2019-05-13 08:42:33","WindowsPlayer",NA,11,"TaskEvent",0,"0.11.235",96.9845428466797,593.080810546875,55.2986488342285,0.993197441101074,-0.116443276405334,0,"History of WAT247,Find Toppo's Posters,Crash Diagnostics - Mountains,U3 - Crash Side Quest P3,Investigate Sam's Water Shortage","50,watershed;49,poster1;49,poster6;46,jasper;40,Find the supplies crate;64,Measure the East River Levels","U3,U3_Collectibles,U3_Quests,U3_RiverSpline","0.11.235","TaskActiveEvent",59,"Get Ready",NA
"1569","5cd9bf34e4194c2f5ffa53f6",4,"Development","e0e8ba1d-a1a8-492c-a490-549b4a24c221","JG3 UX3",182,"2019-05-13 08:42:33","WindowsPlayer",NA,11,"TaskEvent",0,"0.11.235",96.9845428466797,593.080810546875,55.2986488342285,0.993197441101074,-0.116443276405334,0,"History of WAT247,Find Toppo's Posters,Crash Diagnostics - Mountains,U3 - Crash Side Quest P3,Investigate Sam's Water Shortage","50,watershed;49,poster1;49,poster6;46,jasper;40,Find the supplies crate;64,Measure the East River Levels","U3,U3_Collectibles,U3_Quests,U3_RiverSpline","0.11.235","TaskProgressEvent",59,"Get Ready",1
"1570","5cd9bf34e4194c2f5ffa53fb",4,"Development","e0e8ba1d-a1a8-492c-a490-549b4a24c221","JG3 UX3",182,"2019-05-13 08:42:33","WindowsPlayer",NA,11,"TaskEvent",0,"0.11.235",96.9845428466797,593.080810546875,55.2986488342285,0.993197441101074,-0.116443276405334,0,"History of WAT247,Find Toppo's Posters,Crash Diagnostics - Mountains,U3 - Crash Side Quest P3,Investigate Sam's Water Shortage","50,watershed;49,poster1;49,poster6;46,jasper;40,Find the supplies crate;64,Measure the East River Levels;64,Measure the West River Levels","U3,U3_Collectibles,U3_Quests,U3_RiverSpline","0.11.235","TaskActiveEvent",59,"Head to the Desert",NA
"1571","5cd9bf43e4194c2f5ffa5431",4,"Development","e0e8ba1d-a1a8-492c-a490-549b4a24c221","JG3 UX3",182,"2019-05-13 09:02:20","WindowsPlayer",NA,11,"TaskEvent",0,"0.11.235",-70.0337905883789,-100.892601013184,58.9669380187988,-0.754709601402283,-0.65605890750885,0,"History of WAT247,Find Toppo's Posters,Crash Diagnostics - Mountains,U3 - Crash Side Quest P3,Is Water Missing?","50,watershed;49,poster1;49,poster6;46,jasper;40,Find the supplies crate;89,Is the Water Missing?","Player_Base","0.11.235","TaskCompleteEvent",59,"Get Ready",NA
"1572","5cd9bf43e4194c2f5ffa5432",4,"Development","e0e8ba1d-a1a8-492c-a490-549b4a24c221","JG3 UX3",182,"2019-05-13 09:02:20","WindowsPlayer",NA,11,"TaskEvent",0,"0.11.235",-70.0337905883789,-100.892601013184,58.9669380187988,-0.754709601402283,-0.65605890750885,0,"History of WAT247,Find Toppo's Posters,Crash Diagnostics - Mountains,U3 - Crash Side Quest P3,Is Water Missing?,Jasper's Discovery","50,watershed;49,poster1;49,poster6;46,jasper;40,Find the supplies crate","Player_Base","0.11.235","TaskActiveEvent",59,"Talk To Anderson",NA
"1573","5cd9bf43e4194c2f5ffa5435",4,"Development","e0e8ba1d-a1a8-492c-a490-549b4a24c221","JG3 UX3",182,"2019-05-13 09:02:20","WindowsPlayer",NA,11,"TaskEvent",0,"0.11.235",-70.0337905883789,-100.892601013184,58.9669380187988,-0.754709601402283,-0.65605890750885,0,"History of WAT247,Find Toppo's Posters,Crash Diagnostics - Mountains,U3 - Crash Side Quest P3,Jasper's Discovery","50,watershed;49,poster1;49,poster6;46,jasper;40,Find the supplies crate;66,Follow Jasper","Player_Base","0.11.235","TaskCompleteEvent",59,"Head to the Desert",NA
"1574","5cd9c050e4194c2f5ffa5844",4,"Development","e0e8ba1d-a1a8-492c-a490-549b4a24c221","JG3 UX3",182,"2019-05-13 09:06:51","WindowsPlayer",NA,11,"TaskEvent",0,"0.11.235",1118.68615722656,922.718811035156,140.453308105469,-0.780429840087891,0.625243425369263,0,"History of WAT247,Find Toppo's Posters,U3 - Crash Side Quest P3,Jasper's Discovery","50,watershed;49,poster1;49,poster6;40,Find the supplies crate;66,Gain Entrance to the New Ruins","U2,U2_Collectibles,U2_Quests","0.11.235","TaskProgressEvent",59,"Head to the Desert",1
"1575","5cd9c050e4194c2f5ffa5848",4,"Development","e0e8ba1d-a1a8-492c-a490-549b4a24c221","JG3 UX3",182,"2019-05-13 09:06:51","WindowsPlayer",NA,11,"TaskEvent",0,"0.11.235",1118.68615722656,922.718811035156,140.453308105469,-0.780429840087891,0.625243425369263,0,"Find Toppo's Posters,U3 - Crash Side Quest P3,Jasper's Discovery","49,poster1;49,poster6;40,Find the supplies crate;66,Gain Entrance to the New Ruins","U2,U2_Collectibles,U2_Quests","0.11.235","TaskCompleteEvent",59,"Talk To Anderson",NA
"1576","5cd9c22de4194c2f5ffa5f84",4,"Development","e0e8ba1d-a1a8-492c-a490-549b4a24c221","JG3 UX3",182,"2019-05-13 09:14:46","WindowsPlayer",NA,11,"TaskEvent",0,"0.11.235",4.61665487289429,-3.679123878479,5.20984315872192,0.58778703212738,-0.809015512466431,0,"Find Toppo's Posters,U3 - Crash Side Quest P3,Jasper's Discovery,Into the Unknown!","49,poster1;49,poster6;40,Find the supplies crate","U6_Dungeon,U6_Moon","0.11.235","TaskProgressEvent",59,"Talk To Anderson",1
"1577","5cd9c22de4194c2f5ffa5f88",4,"Development","e0e8ba1d-a1a8-492c-a490-549b4a24c221","JG3 UX3",182,"2019-05-13 09:14:46","WindowsPlayer",NA,11,"TaskEvent",0,"0.11.235",4.61665487289429,-3.679123878479,5.20984315872192,0.58778703212738,-0.809015512466431,0,"Find Toppo's Posters,U3 - Crash Side Quest P3,Jasper's Discovery","49,poster1;49,poster6;40,Find the supplies crate;66,Enter the Alien Teleporter","U6_Dungeon,U6_Moon","0.11.235","TaskActiveEvent",2,"Find the Ruins",NA
"1578","5cd9c22ee4194c2f5ffa5f94",4,"Development","e0e8ba1d-a1a8-492c-a490-549b4a24c221","JG3 UX3",182,"2019-05-13 09:14:46","WindowsPlayer",NA,11,"TaskEvent",0,"0.11.235",4.61665487289429,-3.679123878479,5.20984315872192,0.58778703212738,-0.809015512466431,0,"Find Toppo's Posters,U3 - Crash Side Quest P3,Into the Unknown!","49,poster1;49,poster6;40,Find the supplies crate;90,Enter the Alien Base","U6_Dungeon,U6_Moon","0.11.235","TaskCompleteEvent",49,"poster4",NA
"1579","5cd9c2b0e4194c2f5ffa6194",4,"Development","e0e8ba1d-a1a8-492c-a490-549b4a24c221","JG3 UX3",182,"2019-05-13 09:17:03","WindowsPlayer",NA,11,"TaskEvent",0,"0.11.235",-0.138840898871422,672.370056152344,-25.1720428466797,0.0244325958192348,0.999701499938965,0,"Find Toppo's Posters,U3 - Crash Side Quest P3,Save the Water!","49,poster1;49,poster6;40,Find the supplies crate;67,Reverse the Water","U6_Moon,U6_Moon_Quest,U6_MoonBase","0.11.235","TaskProgressEvent",49,"poster4",1
"1580","5cd9c2b0e4194c2f5ffa6199",4,"Development","e0e8ba1d-a1a8-492c-a490-549b4a24c221","JG3 UX3",182,"2019-05-13 09:17:03","WindowsPlayer",NA,11,"TaskEvent",0,"0.11.235",-0.138840898871422,672.370056152344,-25.1720428466797,0.0244325958192348,0.999701499938965,0,"Find Toppo's Posters,U3 - Crash Side Quest P3,Into the Unknown!","49,poster1;49,poster6;40,Find the supplies crate;90,Operate the Alien Console","U6_Moon,U6_Moon_Quest,U6_MoonBase","0.11.235","TaskCompleteEvent",2,"Find the Ruins",NA
"1581","5cd9c2b0e4194c2f5ffa61a0",4,"Development","e0e8ba1d-a1a8-492c-a490-549b4a24c221","JG3 UX3",182,"2019-05-13 09:17:03","WindowsPlayer",NA,11,"TaskEvent",0,"0.11.235",-0.138840898871422,672.370056152344,-25.1720428466797,0.0244325958192348,0.999701499938965,0,"Find Toppo's Posters,U3 - Crash Side Quest P3,Into the Unknown!,Save the Water!","49,poster1;49,poster6;40,Find the supplies crate","U6_Moon,U6_Moon_Quest,U6_MoonBase","0.11.235","TaskProgressEvent",2,"Find the Ruins",1
"1582","5cd9c305e4194c2f5ffa62e7",4,"Development","e0e8ba1d-a1a8-492c-a490-549b4a24c221","JG3 UX3",182,"2019-05-13 09:18:19","WindowsPlayer",NA,11,"TaskEvent",0,"0.11.235",-0.138840898871422,672.370056152344,-25.1720428466797,0.0244325958192348,0.999701499938965,0,"Find Toppo's Posters,U3 - Crash Side Quest P3,Save the Water!","49,poster1;49,poster6;40,Find the supplies crate;67,Open the 3rd Blast Door","U6_Moon,U6_Moon_Quest,U6_MoonBase","0.11.235","TaskActiveEvent",2,"Unlock the Door",NA
"1583","5cd9c305e4194c2f5ffa62e8",4,"Development","e0e8ba1d-a1a8-492c-a490-549b4a24c221","JG3 UX3",182,"2019-05-13 09:18:19","WindowsPlayer",NA,11,"TaskEvent",0,"0.11.235",-0.138840898871422,672.370056152344,-25.1720428466797,0.0244325958192348,0.999701499938965,0,"Find Toppo's Posters,U3 - Crash Side Quest P3,Save the Water!","49,poster1;49,poster6;40,Find the supplies crate;67,Thaw the Ice","U6_Moon,U6_Moon_Quest,U6_MoonBase","0.11.235","TaskProgressEvent",2,"Unlock the Door",1
"1584","5cd9c305e4194c2f5ffa62f2",4,"Development","e0e8ba1d-a1a8-492c-a490-549b4a24c221","JG3 UX3",182,"2019-05-13 09:18:19","WindowsPlayer",NA,11,"TaskEvent",0,"0.11.235",-0.138840898871422,672.370056152344,-25.1720428466797,0.0244325958192348,0.999701499938965,0,"Find Toppo's Posters,U3 - Crash Side Quest P3,Save the Water!","49,poster1;49,poster6;40,Find the supplies crate;67,Open the 3rd Blast Door","U6_Moon,U6_Moon_Quest,U6_MoonBase","0.11.235","TaskActiveEvent",2,"Enter the Building",NA
"1585","5cd9c305e4194c2f5ffa62f3",4,"Development","e0e8ba1d-a1a8-492c-a490-549b4a24c221","JG3 UX3",182,"2019-05-13 09:18:19","WindowsPlayer",NA,11,"TaskEvent",0,"0.11.235",-0.138840898871422,672.370056152344,-25.1720428466797,0.0244325958192348,0.999701499938965,0,"Find Toppo's Posters,U3 - Crash Side Quest P3,Save the Water!","49,poster1;49,poster6;40,Find the supplies crate;67,Open the 3rd Blast Door;67,Thaw the Ice","U6_Moon,U6_Moon_Quest,U6_MoonBase","0.11.235","TaskCompleteEvent",2,"Unlock the Door",NA
"1586","5cd9c305e4194c2f5ffa62f4",4,"Development","e0e8ba1d-a1a8-492c-a490-549b4a24c221","JG3 UX3",182,"2019-05-13 09:18:19","WindowsPlayer",NA,11,"TaskEvent",0,"0.11.235",-0.138840898871422,672.370056152344,-25.1720428466797,0.0244325958192348,0.999701499938965,0,"Find Toppo's Posters,U3 - Crash Side Quest P3,Save the Water!","49,poster1;49,poster6;40,Find the supplies crate;67,Thaw the Ice","U6_Moon,U6_Moon_Quest,U6_MoonBase","0.11.235","TaskProgressEvent",50,"infiltration",1
"1587","5cd9c305e4194c2f5ffa62f5",4,"Development","e0e8ba1d-a1a8-492c-a490-549b4a24c221","JG3 UX3",182,"2019-05-13 09:18:19","WindowsPlayer",NA,11,"TaskEvent",0,"0.11.235",-0.138840898871422,672.370056152344,-25.1720428466797,0.0244325958192348,0.999701499938965,0,"Find Toppo's Posters,U3 - Crash Side Quest P3,Save the Water!","49,poster1;49,poster6;40,Find the supplies crate;67,Thaw the Ice;67,Open the 4th Blast Door","U6_Moon,U6_Moon_Quest,U6_MoonBase","0.11.235","TaskCompleteEvent",50,"infiltration",NA
"1588","5cd9c341e4194c2f5ffa63d6",4,"Development","e0e8ba1d-a1a8-492c-a490-549b4a24c221","JG3 UX3",182,"2019-05-13 09:19:17","WindowsPlayer",NA,11,"TaskEvent",0,"0.11.235",-0.138840898871422,672.370056152344,-25.1720428466797,0.0244325958192348,0.999701499938965,0,"Find Toppo's Posters,U3 - Crash Side Quest P3,Save the Water!","49,poster1;49,poster6;40,Find the supplies crate;67,Close the 4th Blast Door","U6_Moon,U6_Moon_Quest,U6_MoonBase","0.11.235","TaskProgressEvent",2,"Enter the Building",1
"1589","5cd9c341e4194c2f5ffa63de",4,"Development","e0e8ba1d-a1a8-492c-a490-549b4a24c221","JG3 UX3",182,"2019-05-13 09:19:17","WindowsPlayer",NA,11,"TaskEvent",0,"0.11.235",-0.138840898871422,672.370056152344,-25.1720428466797,0.0244325958192348,0.999701499938965,0,"Find Toppo's Posters,U3 - Crash Side Quest P3,Save the Water!","49,poster1;49,poster6;40,Find the supplies crate;67,Close the 4th Blast Door;67,Condense the Water","U6_Moon,U6_Moon_Quest,U6_MoonBase","0.11.235","TaskCompleteEvent",2,"Enter the Building",NA
"1590","5cd9c341e4194c2f5ffa63e3",4,"Development","e0e8ba1d-a1a8-492c-a490-549b4a24c221","JG3 UX3",182,"2019-05-13 09:19:17","WindowsPlayer",NA,11,"TaskEvent",0,"0.11.235",-0.138840898871422,672.370056152344,-25.1720428466797,0.0244325958192348,0.999701499938965,0,"Find Toppo's Posters,U3 - Crash Side Quest P3,Save the Water!","49,poster1;49,poster6;40,Find the supplies crate;67,Close the 4th Blast Door","U6_Moon,U6_Moon_Quest,U6_MoonBase","0.11.235","TaskActiveEvent",2,"Try the Controls",NA
"1591","5cd9c35fe4194c2f5ffa6453",4,"Development","e0e8ba1d-a1a8-492c-a490-549b4a24c221","JG3 UX3",182,"2019-05-13 09:19:56","WindowsPlayer",NA,11,"TaskEvent",0,"0.11.235",-0.138840898871422,672.370056152344,-25.1720428466797,0.0244325958192348,0.999701499938965,0,"Find Toppo's Posters,U3 - Crash Side Quest P3,Save the Water!","49,poster1;49,poster6;40,Find the supplies crate;67,Re-open the 4th Blast Door","U6_Moon,U6_Moon_Quest,U6_MoonBase","0.11.235","TaskActiveEvent",3,"Restore Power to B5",NA
"1592","5cd9c35fe4194c2f5ffa6455",4,"Development","e0e8ba1d-a1a8-492c-a490-549b4a24c221","JG3 UX3",182,"2019-05-13 09:19:56","WindowsPlayer",NA,11,"TaskEvent",0,"0.11.235",-0.138840898871422,672.370056152344,-25.1720428466797,0.0244325958192348,0.999701499938965,0,"Find Toppo's Posters,U3 - Crash Side Quest P3,Escape the Moon","49,poster1;49,poster6;40,Find the supplies crate;68,Return to the Teleporter","U6_Moon,U6_Moon_Quest,U6_MoonBase","0.11.235","TaskCompleteEvent",2,"Try the Controls",NA
"1593","5cd9c35fe4194c2f5ffa645d",4,"Development","e0e8ba1d-a1a8-492c-a490-549b4a24c221","JG3 UX3",182,"2019-05-13 09:19:56","WindowsPlayer",NA,11,"TaskEvent",0,"0.11.235",-0.138840898871422,672.370056152344,-25.1720428466797,0.0244325958192348,0.999701499938965,0,"Find Toppo's Posters,U3 - Crash Side Quest P3,Save the Water!,Escape the Moon","49,poster1;49,poster6;40,Find the supplies crate","U6_Moon,U6_Moon_Quest,U6_MoonBase","0.11.235","TaskProgressEvent",2,"Try the Controls",1
"1594","5cd9c387e4194c2f5ffa64eb",4,"Development","e0e8ba1d-a1a8-492c-a490-549b4a24c221","JG3 UX3",182,"2019-05-13 09:08:26","WindowsPlayer",NA,11,"TaskEvent",0,"0.11.235",-6.01419830322266,24.9852352142334,1.48000001907349,0.142629191279411,0.989776194095612,0,"Find Toppo's Posters,U3 - Crash Side Quest P3,Jasper's Discovery","49,poster1;49,poster6;40,Find the supplies crate;66,Complete the First Wing;66,Complete the Second Wing","U6_Dungeon","0.11.235","TaskProgressEvent",3,"Restore Power to B5",1
"1595","5cd9c387e4194c2f5ffa64ee",4,"Development","e0e8ba1d-a1a8-492c-a490-549b4a24c221","JG3 UX3",182,"2019-05-13 09:08:26","WindowsPlayer",NA,11,"TaskEvent",0,"0.11.235",-6.01419830322266,24.9852352142334,1.48000001907349,0.142629191279411,0.989776194095612,0,"Find Toppo's Posters,U3 - Crash Side Quest P3,Jasper's Discovery","49,poster1;49,poster6;40,Find the supplies crate;66,Complete the First Wing","U6_Dungeon","0.11.235","TaskActiveEvent",3,"Restore Power to B4",NA
"1596","5cd9c387e4194c2f5ffa64f0",4,"Development","e0e8ba1d-a1a8-492c-a490-549b4a24c221","JG3 UX3",182,"2019-05-13 09:08:26","WindowsPlayer",NA,11,"TaskEvent",0,"0.11.235",-6.01419830322266,24.9852352142334,1.48000001907349,0.142629191279411,0.989776194095612,0,"Find Toppo's Posters,U3 - Crash Side Quest P3,Jasper's Discovery","49,poster1;49,poster6;40,Find the supplies crate;66,Complete the First Wing","U6_Dungeon","0.11.235","TaskCompleteEvent",3,"Restore Power to B5",NA
"1597","5cd9c3ace4194c2f5ffa654c",4,"Development","e0e8ba1d-a1a8-492c-a490-549b4a24c221","JG3 UX3",182,"2019-05-13 09:20:59","WindowsPlayer",NA,11,"TaskEvent",0,"0.11.235",-0.318910270929337,0.0646100640296936,2.70984172821045,0.0505926571786404,-0.998719453811646,0,"Find Toppo's Posters,U3 - Crash Side Quest P3,Escape the Moon","49,poster1;49,poster6;40,Find the supplies crate;68,Return to the Teleporter","U6_Moon,U6_Moon_Quest,U6_MoonBase","0.11.235","TaskProgressEvent",3,"Restore Power to B4",1
"1598","5cd9c3ace4194c2f5ffa654d",4,"Development","e0e8ba1d-a1a8-492c-a490-549b4a24c221","JG3 UX3",182,"2019-05-13 09:20:59","WindowsPlayer",NA,11,"TaskEvent",0,"0.11.235",-0.318910270929337,0.0646100640296936,2.70984172821045,0.0505926571786404,-0.998719453811646,0,"Find Toppo's Posters,U3 - Crash Side Quest P3,Escape the Moon","49,poster1;49,poster6;40,Find the supplies crate;68,Return to the Teleporter;68,Talk with Toppo","U6_Moon,U6_Moon_Quest,U6_MoonBase","0.11.235","TaskActiveEvent",3,"Restore Power to B3",NA
"1599","5cd9c3ace4194c2f5ffa6551",4,"Development","e0e8ba1d-a1a8-492c-a490-549b4a24c221","JG3 UX3",182,"2019-05-13 09:20:59","WindowsPlayer",NA,11,"TaskEvent",0,"0.11.235",-0.318910270929337,0.0646100640296936,2.70984172821045,0.0505926571786404,-0.998719453811646,0,"Find Toppo's Posters,U3 - Crash Side Quest P3,Escape the Moon","49,poster1;49,poster6;40,Find the supplies crate;68,Return to the Teleporter","U6_Moon,U6_Moon_Quest,U6_MoonBase","0.11.235","TaskCompleteEvent",3,"Restore Power to B4",NA
"1600","5cd9c3dee4194c2f5ffa6614",4,"Development","e0e8ba1d-a1a8-492c-a490-549b4a24c221","JG3 UX3",182,"2019-05-13 09:09:25","WindowsPlayer",NA,11,"TaskEvent",0,"0.11.235",69.918083190918,5.56065607070923,1.48000001907349,0.653420031070709,-0.756995677947998,0,"Find Toppo's Posters,U3 - Crash Side Quest P3,Jasper's Discovery","49,poster1;49,poster6;40,Find the supplies crate;66,Complete the Second Wing","U6_Dungeon","0.11.235","TaskProgressEvent",3,"Restore Power to B3",1
"1601","5cd9c3dee4194c2f5ffa6615",4,"Development","e0e8ba1d-a1a8-492c-a490-549b4a24c221","JG3 UX3",182,"2019-05-13 09:09:25","WindowsPlayer",NA,11,"TaskEvent",0,"0.11.235",69.918083190918,5.56065607070923,1.48000001907349,0.653420031070709,-0.756995677947998,0,"Find Toppo's Posters,U3 - Crash Side Quest P3,Jasper's Discovery","49,poster1;49,poster6;40,Find the supplies crate;66,Complete the Second Wing","U6_Dungeon","0.11.235","TaskCompleteEvent",3,"Restore Power to B3",NA
"1602","5cd9c3dfe4194c2f5ffa6619",4,"Development","e0e8ba1d-a1a8-492c-a490-549b4a24c221","JG3 UX3",182,"2019-05-13 09:09:25","WindowsPlayer",NA,11,"TaskEvent",0,"0.11.235",69.918083190918,5.56065607070923,1.48000001907349,0.653420031070709,-0.756995677947998,0,"Find Toppo's Posters,U3 - Crash Side Quest P3,Jasper's Discovery","49,poster1;49,poster6;40,Find the supplies crate;66,Complete the Second Wing;66,Complete the Third Wing","U6_Dungeon","0.11.235","TaskActiveEvent",3,"Restore Power to B2",NA
"1603","5cd9c40fe4194c2f5ffa66bf",4,"Development","e0e8ba1d-a1a8-492c-a490-549b4a24c221","JG3 UX3",182,"2019-05-13 09:17:53","WindowsPlayer",NA,11,"TaskEvent",0,"0.11.235",-0.138840898871422,672.370056152344,-25.1720428466797,0.0244325958192348,0.999701499938965,0,"Find Toppo's Posters,U3 - Crash Side Quest P3,Save the Water!","49,poster1;49,poster6;40,Find the supplies crate;67,Open the 2nd Blast Door","U6_Moon,U6_Moon_Quest,U6_MoonBase","0.11.235","TaskActiveEvent",3,"Restore Power to B1",NA
"1604","5cd9c40fe4194c2f5ffa66c0",4,"Development","e0e8ba1d-a1a8-492c-a490-549b4a24c221","JG3 UX3",182,"2019-05-13 09:17:53","WindowsPlayer",NA,11,"TaskEvent",0,"0.11.235",-0.138840898871422,672.370056152344,-25.1720428466797,0.0244325958192348,0.999701499938965,0,"Find Toppo's Posters,U3 - Crash Side Quest P3,Save the Water!","49,poster1;49,poster6;40,Find the supplies crate;67,Open the 2nd Blast Door;67,Open the 3rd Blast Door","U6_Moon,U6_Moon_Quest,U6_MoonBase","0.11.235","TaskProgressEvent",3,"Restore Power to B2",1
"1605","5cd9c410e4194c2f5ffa66cc",4,"Development","e0e8ba1d-a1a8-492c-a490-549b4a24c221","JG3 UX3",182,"2019-05-13 09:17:53","WindowsPlayer",NA,11,"TaskEvent",0,"0.11.235",-0.138840898871422,672.370056152344,-25.1720428466797,0.0244325958192348,0.999701499938965,0,"Find Toppo's Posters,U3 - Crash Side Quest P3,Save the Water!","49,poster1;49,poster6;40,Find the supplies crate;67,Open the 2nd Blast Door","U6_Moon,U6_Moon_Quest,U6_MoonBase","0.11.235","TaskCompleteEvent",3,"Restore Power to B2",NA
"1606","5cd9c414e4194c2f5ffa66d4",4,"Development","e0e8ba1d-a1a8-492c-a490-549b4a24c221","JG3 UX3",182,"2019-05-13 09:22:45","WindowsPlayer",NA,11,"TaskEvent",0,"0.11.235",-72.6254501342773,-104.347396850586,58.9668388366699,0.958322703838348,0.285688400268555,0,"Find Toppo's Posters,U3 - Crash Side Quest P3,Escape the Moon","49,poster1;49,poster6;40,Find the supplies crate;68,Talk with Toppo","Player_Base","0.11.235","TaskActiveEvent",5,"Retry the Controls",NA
"1607","5cd9c414e4194c2f5ffa66d6",4,"Development","e0e8ba1d-a1a8-492c-a490-549b4a24c221","JG3 UX3",182,"2019-05-13 09:22:45","WindowsPlayer",NA,11,"TaskEvent",0,"0.11.235",-72.6254501342773,-104.347396850586,58.9668388366699,0.958322703838348,0.285688400268555,0,"Find Toppo's Posters,U3 - Crash Side Quest P3","49,poster1;49,poster6;40,Find the supplies crate","Player_Base","0.11.235","TaskProgressEvent",3,"Restore Power to B1",1
"1608","5cd9c50fe4194c2f5ffa6acc",4,"Development","e0e8ba1d-a1a8-492c-a490-549b4a24c221","JG3 UX3",182,"2019-05-13 09:18:57","WindowsPlayer",NA,11,"TaskEvent",0,"0.11.235",-0.138840898871422,672.370056152344,-25.1720428466797,0.0244325958192348,0.999701499938965,0,"Find Toppo's Posters,U3 - Crash Side Quest P3,Save the Water!","49,poster1;49,poster6;40,Find the supplies crate;67,Open the 4th Blast Door;67,Close the 4th Blast Door","U6_Moon,U6_Moon_Quest,U6_MoonBase","0.11.235","TaskCompleteEvent",3,"Restore Power to B1",NA
"1609","5cd9c50fe4194c2f5ffa6ace",4,"Development","e0e8ba1d-a1a8-492c-a490-549b4a24c221","JG3 UX3",182,"2019-05-13 09:18:57","WindowsPlayer",NA,11,"TaskEvent",0,"0.11.235",-0.138840898871422,672.370056152344,-25.1720428466797,0.0244325958192348,0.999701499938965,0,"Find Toppo's Posters,U3 - Crash Side Quest P3,Save the Water!","49,poster1;49,poster6;40,Find the supplies crate;67,Open the 4th Blast Door","U6_Moon,U6_Moon_Quest,U6_MoonBase","0.11.235","TaskProgressEvent",5,"Retry the Controls",1
"1610","5cd9c50fe4194c2f5ffa6acf",4,"Development","e0e8ba1d-a1a8-492c-a490-549b4a24c221","JG3 UX3",182,"2019-05-13 09:18:57","WindowsPlayer",NA,11,"TaskEvent",0,"0.11.235",-0.138840898871422,672.370056152344,-25.1720428466797,0.0244325958192348,0.999701499938965,0,"Find Toppo's Posters,U3 - Crash Side Quest P3,Save the Water!","49,poster1;49,poster6;40,Find the supplies crate;67,Open the 4th Blast Door","U6_Moon,U6_Moon_Quest,U6_MoonBase","0.11.235","TaskActiveEvent",5,"Drill to the Water Table",NA
"1611","5cd9c53ce4194c2f5ffa6b75",4,"Development","e0e8ba1d-a1a8-492c-a490-549b4a24c221","JG3 UX3",182,"2019-05-13 09:19:36","WindowsPlayer",NA,11,"TaskEvent",0,"0.11.235",-0.138840898871422,672.370056152344,-25.1720428466797,0.0244325958192348,0.999701499938965,0,"Find Toppo's Posters,U3 - Crash Side Quest P3,Save the Water!","49,poster1;49,poster6;40,Find the supplies crate;67,Condense the Water","U6_Moon,U6_Moon_Quest,U6_MoonBase","0.11.235","TaskCompleteEvent",5,"Retry the Controls",NA
"1612","5cd9c53ce4194c2f5ffa6b7d",4,"Development","e0e8ba1d-a1a8-492c-a490-549b4a24c221","JG3 UX3",182,"2019-05-13 09:19:36","WindowsPlayer",NA,11,"TaskEvent",0,"0.11.235",-0.138840898871422,672.370056152344,-25.1720428466797,0.0244325958192348,0.999701499938965,0,"Find Toppo's Posters,U3 - Crash Side Quest P3,Save the Water!","49,poster1;49,poster6;40,Find the supplies crate;67,Condense the Water","U6_Moon,U6_Moon_Quest,U6_MoonBase","0.11.235","TaskCompleteEvent",5,"Drill to the Water Table",NA
"1613","5cd9c53ce4194c2f5ffa6b7e",4,"Development","e0e8ba1d-a1a8-492c-a490-549b4a24c221","JG3 UX3",182,"2019-05-13 09:19:36","WindowsPlayer",NA,11,"TaskEvent",0,"0.11.235",-0.138840898871422,672.370056152344,-25.1720428466797,0.0244325958192348,0.999701499938965,0,"Find Toppo's Posters,U3 - Crash Side Quest P3,Save the Water!","49,poster1;49,poster6;40,Find the supplies crate;67,Condense the Water;67,Re-open the 4th Blast Door","U6_Moon,U6_Moon_Quest,U6_MoonBase","0.11.235","TaskActiveEvent",5,"Direct the irrigation",NA
"1614","5cd9c564e4194c2f5ffa6c20",4,"Development","e0e8ba1d-a1a8-492c-a490-549b4a24c221","JG3 UX3",182,"2019-05-13 09:13:27","WindowsPlayer",NA,11,"TaskEvent",0,"0.11.235",49.5571556091309,-71.1210556030273,3.48000001907349,-0.740803599357605,-0.671721935272217,0,"Find Toppo's Posters,U3 - Crash Side Quest P3,Jasper's Discovery","49,poster1;49,poster6;40,Find the supplies crate;66,Complete the Third Wing","U6_Dungeon","0.11.235","TaskProgressEvent",5,"Drill to the Water Table",1
"1615","5cd9c564e4194c2f5ffa6c21",4,"Development","e0e8ba1d-a1a8-492c-a490-549b4a24c221","JG3 UX3",182,"2019-05-13 09:13:27","WindowsPlayer",NA,11,"TaskEvent",0,"0.11.235",49.5571556091309,-71.1210556030273,3.48000001907349,-0.740803599357605,-0.671721935272217,0,"Find Toppo's Posters,U3 - Crash Side Quest P3,Jasper's Discovery","49,poster1;49,poster6;40,Find the supplies crate;66,Complete the Third Wing","U6_Dungeon","0.11.235","TaskCompleteEvent",5,"Direct the irrigation",NA
"1616","5cd9c564e4194c2f5ffa6c22",4,"Development","e0e8ba1d-a1a8-492c-a490-549b4a24c221","JG3 UX3",182,"2019-05-13 09:13:27","WindowsPlayer",NA,11,"TaskEvent",0,"0.11.235",49.5571556091309,-71.1210556030273,3.48000001907349,-0.740803599357605,-0.671721935272217,0,"Find Toppo's Posters,U3 - Crash Side Quest P3,Jasper's Discovery","49,poster1;49,poster6;40,Find the supplies crate;66,Complete the Third Wing;66,Enter the Alien Teleporter","U6_Dungeon","0.11.235","TaskActiveEvent",6,"Head Inside the Bunker",NA
"1617","5cd9c5e1e4194c2f5ffa6f31",4,"Development","e0e8ba1d-a1a8-492c-a490-549b4a24c221","JG3 UX3",182,"2019-05-13 09:07:13","WindowsPlayer",NA,11,"TaskEvent",0,"0.11.235",1121.62683105469,931.160766601562,140.649139404297,-0.991444885730743,0.130527019500732,0,"Find Toppo's Posters,U3 - Crash Side Quest P3,Jasper's Discovery","49,poster1;49,poster6;40,Find the supplies crate;66,Gain Entrance to the New Ruins","U2,U2_Collectibles,U2_Quests","0.11.235","TaskProgressEvent",5,"Direct the irrigation",1
"1618","5cd9c5e1e4194c2f5ffa6f6b",4,"Development","e0e8ba1d-a1a8-492c-a490-549b4a24c221","JG3 UX3",182,"2019-05-13 09:07:13","WindowsPlayer",NA,11,"TaskEvent",0,"0.11.235",1121.62683105469,931.160766601562,140.649139404297,-0.991444885730743,0.130527019500732,0,"Find Toppo's Posters,U3 - Crash Side Quest P3,Jasper's Discovery","49,poster1;49,poster6;40,Find the supplies crate;66,Gain Entrance to the New Ruins","U2,U2_Collectibles,U2_Quests","0.11.235","TaskCompleteEvent",6,"Head Inside the Bunker",NA
"1619","5cd9c5e1e4194c2f5ffa6f6c",4,"Development","e0e8ba1d-a1a8-492c-a490-549b4a24c221","JG3 UX3",182,"2019-05-13 09:07:13","WindowsPlayer",NA,11,"TaskEvent",0,"0.11.235",1121.62683105469,931.160766601562,140.649139404297,-0.991444885730743,0.130527019500732,0,"Find Toppo's Posters,U3 - Crash Side Quest P3,Jasper's Discovery","49,poster1;49,poster6;40,Find the supplies crate;66,Gain Entrance to the New Ruins;66,Complete the First Wing","U2,U2_Collectibles,U2_Quests","0.11.235","TaskProgressEvent",6,"Head Inside the Bunker",1
"1620","5cd9c5e2e4194c2f5ffa7025",4,"Development","e0e8ba1d-a1a8-492c-a490-549b4a24c221","JG3 UX3",182,"2019-05-13 09:15:58","WindowsPlayer",NA,11,"TaskEvent",0,"0.11.235",0.488800168037415,135.99479675293,0.980000019073486,-0.297374486923218,0.954760909080505,0,"Find Toppo's Posters,U3 - Crash Side Quest P3,Into the Unknown!","49,poster1;49,poster6;40,Find the supplies crate;90,Enter the Alien Base","U6_Moon,U6_Moon_Quest,U6_MoonBase","0.11.235","TaskActiveEvent",6,"Investigate the Flood",NA
"1621","5cd9c5e2e4194c2f5ffa703a",4,"Development","e0e8ba1d-a1a8-492c-a490-549b4a24c221","JG3 UX3",182,"2019-05-13 08:53:40","WindowsPlayer",NA,11,"TaskEvent",0,"0.11.235",91.3375549316406,58.0699691772461,106.760375976562,-0.934204280376434,0.356738388538361,0,"History of WAT247,Find Toppo's Posters,Crash Diagnostics - Mountains,U3 - Crash Side Quest P3,Investigate the Water Shortage","50,watershed;49,poster1;49,poster6;46,jasper;40,Find the supplies crate;88,Check the Factory Humidity","U5,U5_Quests","0.11.235","TaskActiveEvent",80,"Scan the Armory Ceiling",NA
"1622","5cd9c5e2e4194c2f5ffa703b",4,"Development","e0e8ba1d-a1a8-492c-a490-549b4a24c221","JG3 UX3",182,"2019-05-13 08:53:40","WindowsPlayer",NA,11,"TaskEvent",0,"0.11.235",91.3375549316406,58.0699691772461,106.760375976562,-0.934204280376434,0.356738388538361,0,"History of WAT247,Find Toppo's Posters,Crash Diagnostics - Mountains,U3 - Crash Side Quest P3,Investigate the Water Shortage","50,watershed;49,poster1;49,poster6;46,jasper;40,Find the supplies crate;88,Check the Factory Humidity","U5,U5_Quests","0.11.235","TaskProgressEvent",6,"Investigate the Flood",1
"1623","5cd9c5e2e4194c2f5ffa703c",4,"Development","e0e8ba1d-a1a8-492c-a490-549b4a24c221","JG3 UX3",182,"2019-05-13 08:53:40","WindowsPlayer",NA,11,"TaskEvent",0,"0.11.235",91.3375549316406,58.0699691772461,106.760375976562,-0.934204280376434,0.356738388538361,0,"History of WAT247,Find Toppo's Posters,Crash Diagnostics - Mountains,U3 - Crash Side Quest P3,Investigate the Water Shortage","50,watershed;49,poster1;49,poster6;46,jasper;40,Find the supplies crate;88,Check the Factory Humidity;88,Check the Cave Humidity","U5,U5_Quests","0.11.235","TaskCompleteEvent",6,"Investigate the Flood",NA
"1624","5cd9c5e2e4194c2f5ffa708a",4,"Development","e0e8ba1d-a1a8-492c-a490-549b4a24c221","JG3 UX3",182,"2019-05-13 09:15:58","WindowsPlayer",NA,11,"TaskEvent",0,"0.11.235",0.488800168037415,135.99479675293,0.980000019073486,-0.297374486923218,0.954760909080505,0,"Find Toppo's Posters,U3 - Crash Side Quest P3,Into the Unknown!","49,poster1;49,poster6;40,Find the supplies crate;90,Enter the Alien Base","U6_Moon,U6_Moon_Quest,U6_MoonBase","0.11.235","TaskProgressEvent",80,"Scan the Armory Ceiling",1
"1625","5cd9c5e2e4194c2f5ffa710c",4,"Development","e0e8ba1d-a1a8-492c-a490-549b4a24c221","JG3 UX3",182,"2019-05-13 09:15:58","WindowsPlayer",NA,11,"TaskEvent",0,"0.11.235",0.488800168037415,135.99479675293,0.980000019073486,-0.297374486923218,0.954760909080505,0,"Find Toppo's Posters,U3 - Crash Side Quest P3,Into the Unknown!","49,poster1;49,poster6;40,Find the supplies crate;90,Enter the Alien Base;90,Operate the Alien Console","U6_Moon,U6_Moon_Quest,U6_MoonBase","0.11.235","TaskActiveEvent",80,"Scan the Amory Floor",NA
"1626","5cd9c5e3e4194c2f5ffa71fb",4,"Development","e0e8ba1d-a1a8-492c-a490-549b4a24c221","JG3 UX3",182,"2019-05-13 08:27:02","WindowsPlayer",NA,11,"TaskEvent",0,"0.11.235",7.14661169052124,-7.86807346343994,1.79580736160278,0.998031735420227,-0.0627086162567139,0,"History of WAT247,Find Toppo's Posters,Crash Diagnostics - Mountains,U3 - Crash Side Quest P3,Water Crisis!","50,watershed;49,poster1;49,poster6;46,jasper;40,Find the supplies crate;32,Drill hole;32,check humidity again","U5_Cave,U5_Cave_Quests,U5_Cave_Collectibles","0.11.235","TaskCompleteEvent",80,"Scan the Armory Ceiling",NA
"1627","5cd9c5e3e4194c2f5ffa724d",4,"Development","e0e8ba1d-a1a8-492c-a490-549b4a24c221","JG3 UX3",182,"2019-05-13 08:27:02","WindowsPlayer",NA,11,"TaskEvent",0,"0.11.235",7.14661169052124,-7.86807346343994,1.79580736160278,0.998031735420227,-0.0627086162567139,0,"History of WAT247,Find Toppo's Posters,Crash Diagnostics - Mountains,U3 - Crash Side Quest P3,Water Crisis!","50,watershed;49,poster1;49,poster6;46,jasper;40,Find the supplies crate;32,Drill hole","U5_Cave,U5_Cave_Quests,U5_Cave_Collectibles","0.11.235","TaskActiveEvent",80,"Scan the Armory Depth",NA
"1628","5cd9c5e3e4194c2f5ffa729c",4,"Development","e0e8ba1d-a1a8-492c-a490-549b4a24c221","JG3 UX3",182,"2019-05-13 08:27:02","WindowsPlayer",NA,11,"TaskEvent",0,"0.11.235",7.14661169052124,-7.86807346343994,1.79580736160278,0.998031735420227,-0.0627086162567139,0,"History of WAT247,Find Toppo's Posters,Crash Diagnostics - Mountains,U3 - Crash Side Quest P3,Water Crisis!","50,watershed;49,poster1;49,poster6;46,jasper;40,Find the supplies crate;32,Drill hole","U5_Cave,U5_Cave_Quests,U5_Cave_Collectibles","0.11.235","TaskProgressEvent",80,"Scan the Amory Floor",1
"1629","5cd9c5e4e4194c2f5ffa733a",4,"Development","e0e8ba1d-a1a8-492c-a490-549b4a24c221","JG3 UX3",182,"2019-05-13 08:26:15","WindowsPlayer",NA,11,"TaskEvent",0,"0.11.235",9.02001094818115,-6.58744716644287,1.97466266155243,0.969465613365173,-0.245227456092834,0,"History of WAT247,Find Toppo's Posters,Crash Diagnostics - Mountains,U3 - Crash Side Quest P3,Water Crisis!","50,watershed;49,poster1;49,poster6;46,jasper;40,Find the supplies crate;32,fill pan","U5_Cave,U5_Cave_Quests,U5_Cave_Collectibles","0.11.235","TaskCompleteEvent",80,"Scan the Amory Floor",NA
"1630","5cd9c5e4e4194c2f5ffa73c2",4,"Development","e0e8ba1d-a1a8-492c-a490-549b4a24c221","JG3 UX3",182,"2019-05-13 08:26:15","WindowsPlayer",NA,11,"TaskEvent",0,"0.11.235",9.02001094818115,-6.58744716644287,1.97466266155243,0.969465613365173,-0.245227456092834,0,"History of WAT247,Find Toppo's Posters,Crash Diagnostics - Mountains,U3 - Crash Side Quest P3,Water Crisis!","50,watershed;49,poster1;49,poster6;46,jasper;40,Find the supplies crate;32,fill pan","U5_Cave,U5_Cave_Quests,U5_Cave_Collectibles","0.11.235","TaskCompleteEvent",80,"Scan the Armory Depth",NA
"1631","5cd9c5e4e4194c2f5ffa73cd",4,"Development","e0e8ba1d-a1a8-492c-a490-549b4a24c221","JG3 UX3",182,"2019-05-13 09:06:36","WindowsPlayer",NA,11,"TaskEvent",0,"0.11.235",1180.69006347656,909.945434570312,149.853820800781,0.0331543274223804,-0.999450445175171,0,"History of WAT247,Find Toppo's Posters,Crash Diagnostics - Mountains,U3 - Crash Side Quest P3,Jasper's Discovery","50,watershed;49,poster1;49,poster6;46,jasper;40,Find the supplies crate;66,Gain Entrance to the New Ruins","U2,U2_Collectibles,U2_Quests","0.11.235","TaskActiveEvent",81,"Scan the Living Quarters Ceiling",NA
"1632","5cd9c5e4e4194c2f5ffa745e",4,"Development","e0e8ba1d-a1a8-492c-a490-549b4a24c221","JG3 UX3",182,"2019-05-13 08:26:15","WindowsPlayer",NA,11,"TaskEvent",0,"0.11.235",9.02001094818115,-6.58744716644287,1.97466266155243,0.969465613365173,-0.245227456092834,0,"History of WAT247,Find Toppo's Posters,Crash Diagnostics - Mountains,U3 - Crash Side Quest P3,Water Crisis!","50,watershed;49,poster1;49,poster6;46,jasper;40,Find the supplies crate;32,fill pan;32,Find Rock","U5_Cave,U5_Cave_Quests,U5_Cave_Collectibles","0.11.235","TaskProgressEvent",80,"Scan the Armory Depth",1
"1633","5cd9c5e4e4194c2f5ffa746b",4,"Development","e0e8ba1d-a1a8-492c-a490-549b4a24c221","JG3 UX3",182,"2019-05-13 09:06:37","WindowsPlayer",NA,11,"TaskEvent",0,"0.11.235",1180.69006347656,909.945434570312,149.853820800781,0.0331543274223804,-0.999450445175171,0,"History of WAT247,Find Toppo's Posters,U3 - Crash Side Quest P3,Jasper's Discovery","50,watershed;49,poster1;49,poster6;40,Find the supplies crate;66,Gain Entrance to the New Ruins","U2,U2_Collectibles,U2_Quests","0.11.235","TaskActiveEvent",81,"Scan the Living Quarters Floor",NA
"1634","5cd9c5e5e4194c2f5ffa7502",4,"Development","e0e8ba1d-a1a8-492c-a490-549b4a24c221","JG3 UX3",182,"2019-05-13 08:25:51","WindowsPlayer",NA,11,"TaskEvent",0,"0.11.235",7.37202882766724,10.302303314209,1.57492864131927,0.894897162914276,0.446272432804108,0,"History of WAT247,Find Toppo's Posters,Crash Diagnostics - Mountains,U3 - Crash Side Quest P3,Water Crisis!","50,watershed;49,poster1;49,poster6;46,jasper;40,Find the supplies crate;32,humidity meter","U5_Cave,U5_Cave_Quests,U5_Cave_Collectibles","0.11.235","TaskProgressEvent",81,"Scan the Living Quarters Ceiling",1
"1635","5cd9c5e5e4194c2f5ffa759b",4,"Development","e0e8ba1d-a1a8-492c-a490-549b4a24c221","JG3 UX3",182,"2019-05-13 08:25:51","WindowsPlayer",NA,11,"TaskEvent",0,"0.11.235",7.37202882766724,10.302303314209,1.57492864131927,0.894897162914276,0.446272432804108,0,"History of WAT247,Find Toppo's Posters,Crash Diagnostics - Mountains,U3 - Crash Side Quest P3,Water Crisis!","50,watershed;49,poster1;49,poster6;46,jasper;40,Find the supplies crate;32,humidity meter","U5_Cave,U5_Cave_Quests,U5_Cave_Collectibles","0.11.235","TaskCompleteEvent",81,"Scan the Living Quarters Ceiling",NA
"1636","5cd9c5e5e4194c2f5ffa759c",4,"Development","e0e8ba1d-a1a8-492c-a490-549b4a24c221","JG3 UX3",182,"2019-05-13 08:25:51","WindowsPlayer",NA,11,"TaskEvent",0,"0.11.235",7.37202882766724,10.302303314209,1.57492864131927,0.894897162914276,0.446272432804108,0,"History of WAT247,Find Toppo's Posters,Crash Diagnostics - Mountains,U3 - Crash Side Quest P3,Water Crisis!","50,watershed;49,poster1;49,poster6;46,jasper;40,Find the supplies crate;32,humidity meter;32,pan","U5_Cave,U5_Cave_Quests,U5_Cave_Collectibles","0.11.235","TaskProgressEvent",81,"Scan the Living Quarters Floor",1
"1637","5cd9c5eae4194c2f5ffa7e31",4,"Development","e0e8ba1d-a1a8-492c-a490-549b4a24c221","JG3 UX3",182,"2019-05-13 08:31:11","WindowsPlayer",NA,11,"TaskEvent",0,"0.11.235",96.810417175293,52.8470649719238,106.759712219238,0.443071812391281,-0.896486043930054,0,"History of WAT247,Find Toppo's Posters,Crash Diagnostics - Mountains,U3 - Crash Side Quest P3,Head Back to Large Mart,Construct a Distillery at the Factory","50,watershed;49,poster1;49,poster6;46,jasper;40,Find the supplies crate","U5,U5_Quests","0.11.235","TaskCompleteEvent",81,"Scan the Living Quarters Floor",NA
"1638","5cd9c5eae4194c2f5ffa7f84",4,"Development","e0e8ba1d-a1a8-492c-a490-549b4a24c221","JG3 UX3",182,"2019-05-13 08:26:09","WindowsPlayer",NA,11,"TaskEvent",0,"0.11.235",8.51634407043457,-4.94522333145142,1.9369148015976,0.17373026907444,-0.984793066978455,0,"History of WAT247,Find Toppo's Posters,Crash Diagnostics - Mountains,U3 - Crash Side Quest P3,Water Crisis!","50,watershed;49,poster1;49,poster6;46,jasper;40,Find the supplies crate;32,pan","U5_Cave,U5_Cave_Quests,U5_Cave_Collectibles","0.11.235","TaskActiveEvent",81,"Scan the Living Quarters Depth",NA
"1639","5cd9c5eae4194c2f5ffa7f85",4,"Development","e0e8ba1d-a1a8-492c-a490-549b4a24c221","JG3 UX3",182,"2019-05-13 08:26:09","WindowsPlayer",NA,11,"TaskEvent",0,"0.11.235",8.51634407043457,-4.94522333145142,1.9369148015976,0.17373026907444,-0.984793066978455,0,"History of WAT247,Find Toppo's Posters,Crash Diagnostics - Mountains,U3 - Crash Side Quest P3,Water Crisis!","50,watershed;49,poster1;49,poster6;46,jasper;40,Find the supplies crate;32,pan","U5_Cave,U5_Cave_Quests,U5_Cave_Collectibles","0.11.235","TaskActiveEvent",82,"Scan the Mess Hall Ceiling",NA
"1640","5cd9c5ebe4194c2f5ffa7ff5",4,"Development","e0e8ba1d-a1a8-492c-a490-549b4a24c221","JG3 UX3",182,"2019-05-13 08:31:11","WindowsPlayer",NA,11,"TaskEvent",0,"0.11.235",96.810417175293,52.8470649719238,106.759712219238,0.443071812391281,-0.896486043930054,0,"History of WAT247,Find Toppo's Posters,Crash Diagnostics - Mountains,U3 - Crash Side Quest P3,Head Back to Large Mart","50,watershed;49,poster1;49,poster6;46,jasper;40,Find the supplies crate;34,go to factory","U5,U5_Quests","0.11.235","TaskProgressEvent",81,"Scan the Living Quarters Depth",1
"1641","5cd9c5ebe4194c2f5ffa7ffb",4,"Development","e0e8ba1d-a1a8-492c-a490-549b4a24c221","JG3 UX3",182,"2019-05-13 08:31:11","WindowsPlayer",NA,11,"TaskEvent",0,"0.11.235",96.810417175293,52.8470649719238,106.759712219238,0.443071812391281,-0.896486043930054,0,"History of WAT247,Find Toppo's Posters,Crash Diagnostics - Mountains,U3 - Crash Side Quest P3,Construct a Distillery at the Factory","50,watershed;49,poster1;49,poster6;46,jasper;40,Find the supplies crate;35,setup first","U5,U5_Quests","0.11.235","TaskCompleteEvent",81,"Scan the Living Quarters Depth",NA
"1642","5cd9c5ebe4194c2f5ffa81d7",4,"Development","e0e8ba1d-a1a8-492c-a490-549b4a24c221","JG3 UX3",182,"2019-05-13 08:27:13","WindowsPlayer",NA,11,"TaskEvent",0,"0.11.235",8.46508312225342,9.13807964324951,1.57492864131927,-0.140982672572136,0.990012049674988,0,"History of WAT247,Find Toppo's Posters,Crash Diagnostics - Mountains,U3 - Crash Side Quest P3,Water Crisis!","50,watershed;49,poster1;49,poster6;46,jasper;40,Find the supplies crate;32,check humidity again","U5_Cave,U5_Cave_Quests,U5_Cave_Collectibles","0.11.235","TaskActiveEvent",82,"Scan the Mess Hall Floor",NA
"1643","5cd9c5ebe4194c2f5ffa81df",4,"Development","e0e8ba1d-a1a8-492c-a490-549b4a24c221","JG3 UX3",182,"2019-05-13 08:27:13","WindowsPlayer",NA,11,"TaskEvent",0,"0.11.235",8.46508312225342,9.13807964324951,1.57492864131927,-0.140982672572136,0.990012049674988,0,"History of WAT247,Find Toppo's Posters,Crash Diagnostics - Mountains,U3 - Crash Side Quest P3,Water Crisis!,Convince Bill the Distillery will work","50,watershed;49,poster1;49,poster6;46,jasper;40,Find the supplies crate","U5_Cave,U5_Cave_Quests,U5_Cave_Collectibles","0.11.235","TaskCompleteEvent",82,"Scan the Mess Hall Ceiling",NA
"1644","5cd9c5ebe4194c2f5ffa81e5",4,"Development","e0e8ba1d-a1a8-492c-a490-549b4a24c221","JG3 UX3",182,"2019-05-13 08:27:13","WindowsPlayer",NA,11,"TaskEvent",0,"0.11.235",8.46508312225342,9.13807964324951,1.57492864131927,-0.140982672572136,0.990012049674988,0,"History of WAT247,Find Toppo's Posters,Crash Diagnostics - Mountains,U3 - Crash Side Quest P3,Convince Bill the Distillery will work","50,watershed;49,poster1;49,poster6;46,jasper;40,Find the supplies crate;33,convince bill","U5_Cave,U5_Cave_Quests,U5_Cave_Collectibles","0.11.235","TaskProgressEvent",82,"Scan the Mess Hall Ceiling",1
"1645","5cd9c5ece4194c2f5ffa81f2",4,"Development","e0e8ba1d-a1a8-492c-a490-549b4a24c221","JG3 UX3",182,"2019-05-13 08:34:39","WindowsPlayer",NA,11,"TaskEvent",0,"0.11.235",-44.3020782470703,54.7317276000977,24.972599029541,-0.972775936126709,-0.231747984886169,0,"History of WAT247,Find Toppo's Posters,Crash Diagnostics - Mountains,U3 - Crash Side Quest P3,Construct a Distillery at the Factory","50,watershed;49,poster1;49,poster6;46,jasper;40,Find the supplies crate;35,setup fourth","U5_Largemart_Factory,U5_Largemart_Factory_Quests","0.11.235","TaskActiveEvent",82,"Scan the Mess Hall Depth",NA
"1646","5cd9c5ece4194c2f5ffa81f3",4,"Development","e0e8ba1d-a1a8-492c-a490-549b4a24c221","JG3 UX3",182,"2019-05-13 08:34:39","WindowsPlayer",NA,11,"TaskEvent",0,"0.11.235",-44.3020782470703,54.7317276000977,24.972599029541,-0.972775936126709,-0.231747984886169,0,"History of WAT247,Find Toppo's Posters,Crash Diagnostics - Mountains,U3 - Crash Side Quest P3,Construct a Distillery at the Factory,Back at the Base","50,watershed;49,poster1;49,poster6;46,jasper;40,Find the supplies crate","U5_Largemart_Factory,U5_Largemart_Factory_Quests","0.11.235","TaskProgressEvent",82,"Scan the Mess Hall Floor",1
"1647","5cd9c5ece4194c2f5ffa82e0",4,"Development","e0e8ba1d-a1a8-492c-a490-549b4a24c221","JG3 UX3",182,"2019-05-13 08:26:09","WindowsPlayer",NA,11,"TaskEvent",0,"0.11.235",8.51634407043457,-4.94522333145142,1.9369148015976,0.17373026907444,-0.984793066978455,0,"History of WAT247,Find Toppo's Posters,Crash Diagnostics - Mountains,U3 - Crash Side Quest P3,Water Crisis!","50,watershed;49,poster1;49,poster6;46,jasper;40,Find the supplies crate;32,pan;32,fill pan","U5_Cave,U5_Cave_Quests,U5_Cave_Collectibles","0.11.235","TaskCompleteEvent",82,"Scan the Mess Hall Floor",NA
"1648","5cd9c5ece4194c2f5ffa8381",4,"Development","e0e8ba1d-a1a8-492c-a490-549b4a24c221","JG3 UX3",182,"2019-05-13 08:34:39","WindowsPlayer",NA,11,"TaskEvent",0,"0.11.235",-44.3020782470703,54.7317276000977,24.972599029541,-0.972775936126709,-0.231747984886169,0,"History of WAT247,Find Toppo's Posters,Crash Diagnostics - Mountains,U3 - Crash Side Quest P3,Back at the Base","50,watershed;49,poster1;49,poster6;46,jasper;40,Find the supplies crate;69,Go to Sleep","U5_Largemart_Factory,U5_Largemart_Factory_Quests","0.11.235","TaskCompleteEvent",82,"Scan the Mess Hall Depth",NA
"1649","5ce16fa8e4194c2f5ffa88b0",4,"Development","e0e8ba1d-a1a8-492c-a490-549b4a24c221","JG3 UX3",182,"2019-05-13 08:56:14","WindowsPlayer",NA,11,"TaskEvent",0,"0.11.235",-70.0337905883789,-100.892601013184,58.9669380187988,-0.754709601402283,-0.65605890750885,0,"History of WAT247,Find Toppo's Posters,Crash Diagnostics - Mountains,U3 - Crash Side Quest P3,Is Water Missing?","50,watershed;49,poster1;49,poster6;46,jasper;40,Find the supplies crate;89,Update the Team","Player_Base","0.11.235","TaskActiveEvent",83,"Scan the Warehouse Ceiling",NA
"1650","5ce16fa8e4194c2f5ffa88b4",4,"Development","e0e8ba1d-a1a8-492c-a490-549b4a24c221","JG3 UX3",182,"2019-05-13 08:56:14","WindowsPlayer",NA,11,"TaskEvent",0,"0.11.235",-70.0337905883789,-100.892601013184,58.9669380187988,-0.754709601402283,-0.65605890750885,0,"History of WAT247,Find Toppo's Posters,Crash Diagnostics - Mountains,U3 - Crash Side Quest P3,Is Water Missing?","50,watershed;49,poster1;49,poster6;46,jasper;40,Find the supplies crate;89,Update the Team;89,Sort this Out","Player_Base","0.11.235","TaskProgressEvent",82,"Scan the Mess Hall Depth",1
"1651","5ce16fa8e4194c2f5ffa88ec",4,"Development","e0e8ba1d-a1a8-492c-a490-549b4a24c221","JG3 UX3",182,"2019-05-13 08:56:14","WindowsPlayer",NA,11,"TaskEvent",0,"0.11.235",-70.0337905883789,-100.892601013184,58.9669380187988,-0.754709601402283,-0.65605890750885,0,"History of WAT247,Find Toppo's Posters,Crash Diagnostics - Mountains,U3 - Crash Side Quest P3,Is Water Missing?","50,watershed;49,poster1;49,poster6;46,jasper;40,Find the supplies crate;89,Update the Team","Player_Base","0.11.235","TaskProgressEvent",83,"Scan the Warehouse Ceiling",1
"1652","5ce16faae4194c2f5ffa8d56",4,"Development","e0e8ba1d-a1a8-492c-a490-549b4a24c221","JG3 UX3",182,"2019-05-13 08:31:11","WindowsPlayer",NA,11,"TaskEvent",0,"0.11.235",96.810417175293,52.8470649719238,106.759712219238,0.443071812391281,-0.896486043930054,0,"History of WAT247,Find Toppo's Posters,Crash Diagnostics - Mountains,U3 - Crash Side Quest P3,Head Back to Large Mart","50,watershed;49,poster1;49,poster6;46,jasper;40,Find the supplies crate;34,go to factory","U5,U5_Quests","0.11.235","TaskCompleteEvent",83,"Scan the Warehouse Ceiling",NA
"1653","5ce16fabe4194c2f5ffa8d5a",4,"Development","e0e8ba1d-a1a8-492c-a490-549b4a24c221","JG3 UX3",182,"2019-05-13 08:31:11","WindowsPlayer",NA,11,"TaskEvent",0,"0.11.235",96.810417175293,52.8470649719238,106.759712219238,0.443071812391281,-0.896486043930054,0,"History of WAT247,Find Toppo's Posters,Crash Diagnostics - Mountains,U3 - Crash Side Quest P3,Construct a Distillery at the Factory","50,watershed;49,poster1;49,poster6;46,jasper;40,Find the supplies crate;35,setup first","U5,U5_Quests","0.11.235","TaskActiveEvent",83,"Scan the Warehouse Floor",NA
"1654","5ce16fabe4194c2f5ffa8eea",4,"Development","e0e8ba1d-a1a8-492c-a490-549b4a24c221","JG3 UX3",182,"2019-05-13 08:31:11","WindowsPlayer",NA,11,"TaskEvent",0,"0.11.235",96.810417175293,52.8470649719238,106.759712219238,0.443071812391281,-0.896486043930054,0,"History of WAT247,Find Toppo's Posters,Crash Diagnostics - Mountains,U3 - Crash Side Quest P3,Head Back to Large Mart,Construct a Distillery at the Factory","50,watershed;49,poster1;49,poster6;46,jasper;40,Find the supplies crate","U5,U5_Quests","0.11.235","TaskProgressEvent",83,"Scan the Warehouse Floor",1
"1655","5ce16fade4194c2f5ffa90e7",4,"Development","e0e8ba1d-a1a8-492c-a490-549b4a24c221","JG3 UX3",182,"2019-05-13 09:04:39","WindowsPlayer",NA,11,"TaskEvent",0,"0.11.235",-70.0337905883789,-100.892601013184,58.9669380187988,-0.98713630437851,-0.159881591796875,0,"History of WAT247,Find Toppo's Posters,Crash Diagnostics - Mountains,U3 - Crash Side Quest P3,Jasper's Discovery","50,watershed;49,poster1;49,poster6;46,jasper;40,Find the supplies crate;66,Follow Jasper","Player_Base,U2","0.11.235","TaskActiveEvent",83,"Scan the Warehouse Depth",NA
"1656","5ce16fade4194c2f5ffa90e8",4,"Development","e0e8ba1d-a1a8-492c-a490-549b4a24c221","JG3 UX3",182,"2019-05-13 09:04:39","WindowsPlayer",NA,11,"TaskEvent",0,"0.11.235",-70.0337905883789,-100.892601013184,58.9669380187988,-0.98713630437851,-0.159881591796875,0,"History of WAT247,Find Toppo's Posters,Crash Diagnostics - Mountains,U3 - Crash Side Quest P3,Jasper's Discovery","50,watershed;49,poster1;49,poster6;46,jasper;40,Find the supplies crate;66,Follow Jasper;66,Gain Entrance to the New Ruins","Player_Base,U2","0.11.235","TaskCompleteEvent",83,"Scan the Warehouse Floor",NA
"1657","5ce16fade4194c2f5ffa90fa",4,"Development","e0e8ba1d-a1a8-492c-a490-549b4a24c221","JG3 UX3",182,"2019-05-13 08:29:42","WindowsPlayer",NA,11,"TaskEvent",0,"0.11.235",-1.62788796424866,6.02796506881714,1.68710589408875,-0.648183166980743,0.761484503746033,0,"History of WAT247,Find Toppo's Posters,Crash Diagnostics - Mountains,U3 - Crash Side Quest P3,Convince Bill the Distillery will work","50,watershed;49,poster1;49,poster6;46,jasper;40,Find the supplies crate;33,Grab Canteen;33,Condense Atmospheric Water","U5_Cave,U5_Cave_Quests,U5_Cave_Collectibles","0.11.235","TaskCompleteEvent",83,"Scan the Warehouse Depth",NA
"1658","5ce16fade4194c2f5ffa9212",4,"Development","e0e8ba1d-a1a8-492c-a490-549b4a24c221","JG3 UX3",182,"2019-05-13 09:04:39","WindowsPlayer",NA,11,"TaskEvent",0,"0.11.235",-70.0337905883789,-100.892601013184,58.9669380187988,-0.98713630437851,-0.159881591796875,0,"History of WAT247,Find Toppo's Posters,Crash Diagnostics - Mountains,U3 - Crash Side Quest P3,Jasper's Discovery","50,watershed;49,poster1;49,poster6;46,jasper;40,Find the supplies crate;66,Follow Jasper","Player_Base,U2","0.11.235","TaskProgressEvent",83,"Scan the Warehouse Depth",1
"1659","5ce16fade4194c2f5ffa921b",4,"Development","e0e8ba1d-a1a8-492c-a490-549b4a24c221","JG3 UX3",182,"2019-05-13 08:29:42","WindowsPlayer",NA,11,"TaskEvent",0,"0.11.235",-1.62788796424866,6.02796506881714,1.68710589408875,-0.648183166980743,0.761484503746033,0,"History of WAT247,Find Toppo's Posters,Crash Diagnostics - Mountains,U3 - Crash Side Quest P3,Convince Bill the Distillery will work","50,watershed;49,poster1;49,poster6;46,jasper;40,Find the supplies crate;33,Grab Canteen","U5_Cave,U5_Cave_Quests,U5_Cave_Collectibles","0.11.235","TaskActiveEvent",12,"Who Flooded the Armory?",NA
"1660","5ce16fade4194c2f5ffa921f",4,"Development","e0e8ba1d-a1a8-492c-a490-549b4a24c221","JG3 UX3",182,"2019-05-13 08:29:42","WindowsPlayer",NA,11,"TaskEvent",0,"0.11.235",-1.62788796424866,6.02796506881714,1.68710589408875,-0.648183166980743,0.761484503746033,0,"History of WAT247,Find Toppo's Posters,Crash Diagnostics - Mountains,U3 - Crash Side Quest P3,Convince Bill the Distillery will work","50,watershed;49,poster1;49,poster6;46,jasper;40,Find the supplies crate;33,Grab Canteen","U5_Cave,U5_Cave_Quests,U5_Cave_Collectibles","0.11.235","TaskProgressEvent",12,"Who Flooded the Armory?",1
"1661","5ce16faee4194c2f5ffa9372",4,"Development","e0e8ba1d-a1a8-492c-a490-549b4a24c221","JG3 UX3",182,"2019-05-13 08:27:13","WindowsPlayer",NA,11,"TaskEvent",0,"0.11.235",8.46508312225342,9.13807964324951,1.57492864131927,-0.140982672572136,0.990012049674988,0,"History of WAT247,Find Toppo's Posters,Crash Diagnostics - Mountains,U3 - Crash Side Quest P3,Water Crisis!","50,watershed;49,poster1;49,poster6;46,jasper;40,Find the supplies crate;32,check humidity again","U5_Cave,U5_Cave_Quests,U5_Cave_Collectibles","0.11.235","TaskActiveEvent",12,"Who Flooded the Warehouse?",NA
"1662","5ce16fafe4194c2f5ffa94b2",4,"Development","e0e8ba1d-a1a8-492c-a490-549b4a24c221","JG3 UX3",182,"2019-05-13 08:27:13","WindowsPlayer",NA,11,"TaskEvent",0,"0.11.235",8.46508312225342,9.13807964324951,1.57492864131927,-0.140982672572136,0.990012049674988,0,"History of WAT247,Find Toppo's Posters,Crash Diagnostics - Mountains,U3 - Crash Side Quest P3,Water Crisis!,Convince Bill the Distillery will work","50,watershed;49,poster1;49,poster6;46,jasper;40,Find the supplies crate","U5_Cave,U5_Cave_Quests,U5_Cave_Collectibles","0.11.235","TaskCompleteEvent",12,"Who Flooded the Armory?",NA
"1663","5ce16fafe4194c2f5ffa94bd",4,"Development","e0e8ba1d-a1a8-492c-a490-549b4a24c221","JG3 UX3",182,"2019-05-13 08:27:13","WindowsPlayer",NA,11,"TaskEvent",0,"0.11.235",8.46508312225342,9.13807964324951,1.57492864131927,-0.140982672572136,0.990012049674988,0,"History of WAT247,Find Toppo's Posters,Crash Diagnostics - Mountains,U3 - Crash Side Quest P3,Convince Bill the Distillery will work","50,watershed;49,poster1;49,poster6;46,jasper;40,Find the supplies crate;33,convince bill","U5_Cave,U5_Cave_Quests,U5_Cave_Collectibles","0.11.235","TaskCompleteEvent",12,"Who Flooded the Warehouse?",NA
"1664","5ce16fb0e4194c2f5ffa9707",4,"Development","e0e8ba1d-a1a8-492c-a490-549b4a24c221","JG3 UX3",182,"2019-05-13 08:02:09","WindowsPlayer",NA,11,"TaskEvent",0,"0.11.235",5.71318197250366,-6.92880058288574,0.982066452503204,0.812401115894318,0.583099007606506,0,"Third Night at Base,History of WAT247,Find Toppo's Posters,Crash Diagnostics - Mountains,U3 - Crash Side Quest P3","61,Head to Bed;50,watershed;50,energy;49,poster1;49,poster5;49,poster6;46,jasper;40,Find the supplies crate","PB_PlayerRoom","0.11.235","TaskProgressEvent",12,"Who Flooded the Warehouse?",1
"1665","5ce16fb1e4194c2f5ffa9861",4,"Development","e0e8ba1d-a1a8-492c-a490-549b4a24c221","JG3 UX3",182,"2019-05-13 08:33:10","WindowsPlayer",NA,11,"TaskEvent",0,"0.11.235",-13.7025928497314,50.6536712646484,20.976598739624,0.955278635025024,-0.295707702636719,0,"History of WAT247,Find Toppo's Posters,Crash Diagnostics - Mountains,U3 - Crash Side Quest P3,Construct a Distillery at the Factory","50,watershed;49,poster1;49,poster6;46,jasper;40,Find the supplies crate;35,setup second","U5_Largemart_Factory,U5_Largemart_Factory_Quests","0.11.235","TaskActiveEvent",13,"deactivate",NA
"1666","5ce16fb1e4194c2f5ffa9862",4,"Development","e0e8ba1d-a1a8-492c-a490-549b4a24c221","JG3 UX3",182,"2019-05-13 08:33:10","WindowsPlayer",NA,11,"TaskEvent",0,"0.11.235",-13.7025928497314,50.6536712646484,20.976598739624,0.955278635025024,-0.295707702636719,0,"History of WAT247,Find Toppo's Posters,Crash Diagnostics - Mountains,U3 - Crash Side Quest P3,Construct a Distillery at the Factory","50,watershed;49,poster1;49,poster6;46,jasper;40,Find the supplies crate;35,setup second","U5_Largemart_Factory,U5_Largemart_Factory_Quests","0.11.235","TaskProgressEvent",13,"deactivate",1
"1667","5ce16fb1e4194c2f5ffa9863",4,"Development","e0e8ba1d-a1a8-492c-a490-549b4a24c221","JG3 UX3",182,"2019-05-13 08:33:10","WindowsPlayer",NA,11,"TaskEvent",0,"0.11.235",-13.7025928497314,50.6536712646484,20.976598739624,0.955278635025024,-0.295707702636719,0,"History of WAT247,Find Toppo's Posters,Crash Diagnostics - Mountains,U3 - Crash Side Quest P3,Construct a Distillery at the Factory","50,watershed;49,poster1;49,poster6;46,jasper;40,Find the supplies crate;35,setup second;35,setup third","U5_Largemart_Factory,U5_Largemart_Factory_Quests","0.11.235","TaskActiveEvent",13,"report",NA
"1668","5ce16fb1e4194c2f5ffa9893",4,"Development","e0e8ba1d-a1a8-492c-a490-549b4a24c221","JG3 UX3",182,"2019-05-13 08:34:39","WindowsPlayer",NA,11,"TaskEvent",0,"0.11.235",-44.3020782470703,54.7317276000977,24.972599029541,-0.972775936126709,-0.231747984886169,0,"History of WAT247,Find Toppo's Posters,Crash Diagnostics - Mountains,U3 - Crash Side Quest P3,Construct a Distillery at the Factory,Back at the Base","50,watershed;49,poster1;49,poster6;46,jasper;40,Find the supplies crate","U5_Largemart_Factory,U5_Largemart_Factory_Quests","0.11.235","TaskCompleteEvent",13,"deactivate",NA
"1669","5ce16fb1e4194c2f5ffa9894",4,"Development","e0e8ba1d-a1a8-492c-a490-549b4a24c221","JG3 UX3",182,"2019-05-13 08:34:39","WindowsPlayer",NA,11,"TaskEvent",0,"0.11.235",-44.3020782470703,54.7317276000977,24.972599029541,-0.972775936126709,-0.231747984886169,0,"History of WAT247,Find Toppo's Posters,Crash Diagnostics - Mountains,U3 - Crash Side Quest P3,Back at the Base","50,watershed;49,poster1;49,poster6;46,jasper;40,Find the supplies crate;69,Go to Sleep","U5_Largemart_Factory,U5_Largemart_Factory_Quests","0.11.235","TaskCompleteEvent",13,"report",NA
"1670","5ce16fb1e4194c2f5ffa9933",4,"Development","e0e8ba1d-a1a8-492c-a490-549b4a24c221","JG3 UX3",182,"2019-05-13 08:38:01","WindowsPlayer",NA,11,"TaskEvent",0,"0.11.235",-56.4165954589844,-155.448989868164,58.9669380187988,0.178256541490555,0.983984053134918,0,"History of WAT247,Find Toppo's Posters,Crash Diagnostics - Mountains,U3 - Crash Side Quest P3,Check in with Toppo","50,watershed;49,poster1;49,poster6;46,jasper;40,Find the supplies crate;63,Leave your house;63,Talk with Toppo","Player_Base","0.11.235","TaskActiveEvent",14,"fountain1",NA
"1671","5ce16fb2e4194c2f5ffa9a18",4,"Development","e0e8ba1d-a1a8-492c-a490-549b4a24c221","JG3 UX3",182,"2019-05-13 08:34:39","WindowsPlayer",NA,11,"TaskEvent",0,"0.11.235",-44.3020782470703,54.7317276000977,24.972599029541,-0.972775936126709,-0.231747984886169,0,"History of WAT247,Find Toppo's Posters,Crash Diagnostics - Mountains,U3 - Crash Side Quest P3,Construct a Distillery at the Factory","50,watershed;49,poster1;49,poster6;46,jasper;40,Find the supplies crate;35,setup fourth","U5_Largemart_Factory,U5_Largemart_Factory_Quests","0.11.235","TaskProgressEvent",13,"report",1
"1672","5ce16fb2e4194c2f5ffa9a2a",4,"Development","e0e8ba1d-a1a8-492c-a490-549b4a24c221","JG3 UX3",182,"2019-05-13 08:02:09","WindowsPlayer",NA,11,"TaskEvent",0,"0.11.235",5.71318197250366,-6.92880058288574,0.982066452503204,0.812401115894318,0.583099007606506,0,"History of WAT247,Find Toppo's Posters,Crash Diagnostics - Mountains,U3 - Crash Side Quest P3","50,watershed;50,energy;49,poster1;49,poster5;49,poster6;46,jasper;40,Find the supplies crate","PB_PlayerRoom","0.11.235","TaskCompleteEvent",14,"fountain1",NA
"1673","5ce16fb3e4194c2f5ffa9ab5",4,"Development","e0e8ba1d-a1a8-492c-a490-549b4a24c221","JG3 UX3",182,"2019-05-13 08:38:01","WindowsPlayer",NA,11,"TaskEvent",0,"0.11.235",-56.4165954589844,-155.448989868164,58.9669380187988,0.178256541490555,0.983984053134918,0,"History of WAT247,Find Toppo's Posters,Crash Diagnostics - Mountains,U3 - Crash Side Quest P3,Check in with Toppo","50,watershed;49,poster1;49,poster6;46,jasper;40,Find the supplies crate;63,Leave your house","Player_Base","0.11.235","TaskActiveEvent",14,"fountain2",NA
"1674","5ce16fb3e4194c2f5ffa9abf",4,"Development","e0e8ba1d-a1a8-492c-a490-549b4a24c221","JG3 UX3",182,"2019-05-13 08:38:01","WindowsPlayer",NA,11,"TaskEvent",0,"0.11.235",-56.4165954589844,-155.448989868164,58.9669380187988,0.178256541490555,0.983984053134918,0,"History of WAT247,Find Toppo's Posters,Crash Diagnostics - Mountains,U3 - Crash Side Quest P3,Check in with Toppo","50,watershed;49,poster1;49,poster6;46,jasper;40,Find the supplies crate;63,Leave your house","Player_Base","0.11.235","TaskProgressEvent",14,"fountain1",1
"1675","5ce16fb4e4194c2f5ffa9c99",4,"Development","e0e8ba1d-a1a8-492c-a490-549b4a24c221","JG3 UX3",182,"2019-05-13 08:26:09","WindowsPlayer",NA,11,"TaskEvent",0,"0.11.235",8.51634407043457,-4.94522333145142,1.9369148015976,0.17373026907444,-0.984793066978455,0,"History of WAT247,Find Toppo's Posters,Crash Diagnostics - Mountains,U3 - Crash Side Quest P3,Water Crisis!","50,watershed;49,poster1;49,poster6;46,jasper;40,Find the supplies crate;32,pan","U5_Cave,U5_Cave_Quests,U5_Cave_Collectibles","0.11.235","TaskProgressEvent",14,"fountain2",1
"1676","5ce16fb4e4194c2f5ffa9c9a",4,"Development","e0e8ba1d-a1a8-492c-a490-549b4a24c221","JG3 UX3",182,"2019-05-13 08:26:09","WindowsPlayer",NA,11,"TaskEvent",0,"0.11.235",8.51634407043457,-4.94522333145142,1.9369148015976,0.17373026907444,-0.984793066978455,0,"History of WAT247,Find Toppo's Posters,Crash Diagnostics - Mountains,U3 - Crash Side Quest P3,Water Crisis!","50,watershed;49,poster1;49,poster6;46,jasper;40,Find the supplies crate;32,pan;32,fill pan","U5_Cave,U5_Cave_Quests,U5_Cave_Collectibles","0.11.235","TaskActiveEvent",14,"fountain3",NA
"1677","5ce16fb5e4194c2f5ffa9f15",4,"Development","e0e8ba1d-a1a8-492c-a490-549b4a24c221","JG3 UX3",182,"2019-05-13 08:41:46","WindowsPlayer",NA,11,"TaskEvent",0,"0.11.235",-6.25307655334473,623.671142578125,55.9760322570801,-0.926614940166473,0.376011848449707,0,"History of WAT247,Find Toppo's Posters,Crash Diagnostics - Mountains,U3 - Crash Side Quest P3,Investigate Sam's Water Shortage","50,watershed;49,poster1;49,poster6;46,jasper;40,Find the supplies crate;64,Check Sam's Garden","U3,U3_Collectibles,U3_Quests,U3_RiverSpline","0.11.235","TaskCompleteEvent",14,"fountain2",NA
"1678","5ce16fb5e4194c2f5ffa9fbc",4,"Development","e0e8ba1d-a1a8-492c-a490-549b4a24c221","JG3 UX3",182,"2019-05-13 09:17:32","WindowsPlayer",NA,11,"TaskEvent",0,"0.11.235",-0.138840898871422,672.370056152344,-25.1720428466797,0.0244325958192348,0.999701499938965,0,"Find Toppo's Posters,U3 - Crash Side Quest P3,Save the Water!","49,poster1;49,poster6;40,Find the supplies crate;67,Reverse the Water","U6_Moon,U6_Moon_Quest,U6_MoonBase","0.11.235","TaskProgressEvent",14,"fountain3",1
"1679","5ce16fb5e4194c2f5ffa9fbd",4,"Development","e0e8ba1d-a1a8-492c-a490-549b4a24c221","JG3 UX3",182,"2019-05-13 09:17:32","WindowsPlayer",NA,11,"TaskEvent",0,"0.11.235",-0.138840898871422,672.370056152344,-25.1720428466797,0.0244325958192348,0.999701499938965,0,"Find Toppo's Posters,U3 - Crash Side Quest P3,Save the Water!","49,poster1;49,poster6;40,Find the supplies crate;67,Reverse the Water;67,Open the 2nd Blast Door","U6_Moon,U6_Moon_Quest,U6_MoonBase","0.11.235","TaskActiveEvent",14,"Head back to Anderson",NA
"1680","5ce16fb5e4194c2f5ffa9fc6",4,"Development","e0e8ba1d-a1a8-492c-a490-549b4a24c221","JG3 UX3",182,"2019-05-13 08:48:23","WindowsPlayer",NA,11,"TaskEvent",0,"0.11.235",-558.591247558594,-21.7509460449219,27.522310256958,-0.0411881394684315,-0.999151110649109,-0.000878307851962745,"History of WAT247,Find Toppo's Posters,Crash Diagnostics - Mountains,U3 - Crash Side Quest P3,Investigate Anderson's Water Shortage","50,watershed;49,poster1;49,poster6;46,jasper;40,Find the supplies crate;65,Check the Bunker Water Table","U4,U4_Collectibles,U4_Quests","0.11.235","TaskCompleteEvent",14,"fountain3",NA
"1681","5ce16fb5e4194c2f5ffaa0a6",4,"Development","e0e8ba1d-a1a8-492c-a490-549b4a24c221","JG3 UX3",182,"2019-05-13 08:26:09","WindowsPlayer",NA,11,"TaskEvent",0,"0.11.235",8.51634407043457,-4.94522333145142,1.9369148015976,0.17373026907444,-0.984793066978455,0,"History of WAT247,Find Toppo's Posters,Crash Diagnostics - Mountains,U3 - Crash Side Quest P3,Water Crisis!","50,watershed;49,poster1;49,poster6;46,jasper;40,Find the supplies crate;32,pan","U5_Cave,U5_Cave_Quests,U5_Cave_Collectibles","0.11.235","TaskActiveEvent",14,"overflow fountain",NA
"1682","5ce16fb6e4194c2f5ffaa1ec",4,"Development","e0e8ba1d-a1a8-492c-a490-549b4a24c221","JG3 UX3",182,"2019-05-13 08:31:05","WindowsPlayer",NA,11,"TaskEvent",0,"0.11.235",98.3385162353516,59.4666557312012,106.760375976562,0.12706533074379,-0.991894602775574,0,"History of WAT247,Find Toppo's Posters,Crash Diagnostics - Mountains,U3 - Crash Side Quest P3,Head Back to Large Mart","50,watershed;49,poster1;49,poster6;46,jasper;40,Find the supplies crate;34,talk to Bill","U5,U5_Quests","0.11.235","TaskCompleteEvent",14,"Head back to Anderson",NA
"1683","5ce16fb6e4194c2f5ffaa1ed",4,"Development","e0e8ba1d-a1a8-492c-a490-549b4a24c221","JG3 UX3",182,"2019-05-13 08:31:05","WindowsPlayer",NA,11,"TaskEvent",0,"0.11.235",98.3385162353516,59.4666557312012,106.760375976562,0.12706533074379,-0.991894602775574,0,"History of WAT247,Find Toppo's Posters,Crash Diagnostics - Mountains,U3 - Crash Side Quest P3,Head Back to Large Mart","50,watershed;49,poster1;49,poster6;46,jasper;40,Find the supplies crate;34,talk to Bill;34,go to factory","U5,U5_Quests","0.11.235","TaskProgressEvent",14,"Head back to Anderson",1
"1684","5ce16fb6e4194c2f5ffaa22d",4,"Development","e0e8ba1d-a1a8-492c-a490-549b4a24c221","JG3 UX3",182,"2019-05-13 09:17:32","WindowsPlayer",NA,11,"TaskEvent",0,"0.11.235",-0.138840898871422,672.370056152344,-25.1720428466797,0.0244325958192348,0.999701499938965,0,"Find Toppo's Posters,U3 - Crash Side Quest P3,Save the Water!","49,poster1;49,poster6;40,Find the supplies crate;67,Reverse the Water","U6_Moon,U6_Moon_Quest,U6_MoonBase","0.11.235","TaskActiveEvent",61,"Head to Bed",NA
"1685","5ce16fb6e4194c2f5ffaa2b5",4,"Development","e0e8ba1d-a1a8-492c-a490-549b4a24c221","JG3 UX3",182,"2019-05-13 08:29:53","WindowsPlayer",NA,11,"TaskEvent",0,"0.11.235",9.25155258178711,-8.27425575256348,1.96259236335754,0.984488606452942,0.175448894500732,0,"History of WAT247,Find Toppo's Posters,Crash Diagnostics - Mountains,U3 - Crash Side Quest P3,Convince Bill the Distillery will work","50,watershed;49,poster1;49,poster6;46,jasper;40,Find the supplies crate;33,Condense Atmospheric Water","U5_Cave,U5_Cave_Quests,U5_Cave_Collectibles","0.11.235","TaskCompleteEvent",14,"overflow fountain",NA
"1686","5ce16fb6e4194c2f5ffaa2b6",4,"Development","e0e8ba1d-a1a8-492c-a490-549b4a24c221","JG3 UX3",182,"2019-05-13 08:29:53","WindowsPlayer",NA,11,"TaskEvent",0,"0.11.235",9.25155258178711,-8.27425575256348,1.96259236335754,0.984488606452942,0.175448894500732,0,"History of WAT247,Find Toppo's Posters,Crash Diagnostics - Mountains,U3 - Crash Side Quest P3,Convince Bill the Distillery will work,Head Back to Large Mart","50,watershed;49,poster1;49,poster6;46,jasper;40,Find the supplies crate","U5_Cave,U5_Cave_Quests,U5_Cave_Collectibles","0.11.235","TaskProgressEvent",14,"overflow fountain",1
"1687","5ce16fb6e4194c2f5ffaa2b8",4,"Development","e0e8ba1d-a1a8-492c-a490-549b4a24c221","JG3 UX3",182,"2019-05-13 08:29:53","WindowsPlayer",NA,11,"TaskEvent",0,"0.11.235",9.25155258178711,-8.27425575256348,1.96259236335754,0.984488606452942,0.175448894500732,0,"History of WAT247,Find Toppo's Posters,Crash Diagnostics - Mountains,U3 - Crash Side Quest P3,Head Back to Large Mart","50,watershed;49,poster1;49,poster6;46,jasper;40,Find the supplies crate;34,return to large mart","U5_Cave,U5_Cave_Quests,U5_Cave_Collectibles","0.11.235","TaskCompleteEvent",61,"Head to Bed",NA
"1688","5ce16fb7e4194c2f5ffaa2f1",4,"Development","e0e8ba1d-a1a8-492c-a490-549b4a24c221","JG3 UX3",182,"2019-05-13 08:41:46","WindowsPlayer",NA,11,"TaskEvent",0,"0.11.235",-6.25307655334473,623.671142578125,55.9760322570801,-0.926614940166473,0.376011848449707,0,"History of WAT247,Find Toppo's Posters,Crash Diagnostics - Mountains,U3 - Crash Side Quest P3,Investigate Sam's Water Shortage","50,watershed;49,poster1;49,poster6;46,jasper;40,Find the supplies crate;64,Check Sam's Garden","U3,U3_Collectibles,U3_Quests,U3_RiverSpline","0.11.235","TaskProgressEvent",61,"Head to Bed",1
"1689","5ce16fb7e4194c2f5ffaa2f2",4,"Development","e0e8ba1d-a1a8-492c-a490-549b4a24c221","JG3 UX3",182,"2019-05-13 08:41:46","WindowsPlayer",NA,11,"TaskEvent",0,"0.11.235",-6.25307655334473,623.671142578125,55.9760322570801,-0.926614940166473,0.376011848449707,0,"History of WAT247,Find Toppo's Posters,Crash Diagnostics - Mountains,U3 - Crash Side Quest P3,Investigate Sam's Water Shortage","50,watershed;49,poster1;49,poster6;46,jasper;40,Find the supplies crate;64,Check Sam's Garden;64,Measure the East River Levels","U3,U3_Collectibles,U3_Quests,U3_RiverSpline","0.11.235","TaskActiveEvent",85,"teleport island",NA
"1690","5ce16fb7e4194c2f5ffaa351",4,"Development","e0e8ba1d-a1a8-492c-a490-549b4a24c221","JG3 UX3",182,"2019-05-13 08:31:05","WindowsPlayer",NA,11,"TaskEvent",0,"0.11.235",98.3385162353516,59.4666557312012,106.760375976562,0.12706533074379,-0.991894602775574,0,"History of WAT247,Find Toppo's Posters,Crash Diagnostics - Mountains,U3 - Crash Side Quest P3,Head Back to Large Mart","50,watershed;49,poster1;49,poster6;46,jasper;40,Find the supplies crate;34,talk to Bill","U5,U5_Quests","0.11.235","TaskActiveEvent",29,"meet",NA
"1691","5ce16fb7e4194c2f5ffaa3b7",4,"Development","e0e8ba1d-a1a8-492c-a490-549b4a24c221","JG3 UX3",182,"2019-05-13 08:48:23","WindowsPlayer",NA,11,"TaskEvent",0,"0.11.235",-558.591247558594,-21.7509460449219,27.522310256958,-0.0411881394684315,-0.999151110649109,-0.000878307851962745,"History of WAT247,Find Toppo's Posters,Crash Diagnostics - Mountains,U3 - Crash Side Quest P3,Investigate Anderson's Water Shortage","50,watershed;49,poster1;49,poster6;46,jasper;40,Find the supplies crate;65,Check the Bunker Water Table","U4,U4_Collectibles,U4_Quests","0.11.235","TaskCompleteEvent",85,"teleport island",NA
"1692","5ce16fb7e4194c2f5ffaa3b8",4,"Development","e0e8ba1d-a1a8-492c-a490-549b4a24c221","JG3 UX3",182,"2019-05-13 08:48:23","WindowsPlayer",NA,11,"TaskEvent",0,"0.11.235",-558.591247558594,-21.7509460449219,27.522310256958,-0.0411881394684315,-0.999151110649109,-0.000878307851962745,"History of WAT247,Find Toppo's Posters,Crash Diagnostics - Mountains,U3 - Crash Side Quest P3,Investigate Anderson's Water Shortage","50,watershed;49,poster1;49,poster6;46,jasper;40,Find the supplies crate;65,Check the Bunker Water Table;65,Check the Ruins Water Table","U4,U4_Collectibles,U4_Quests","0.11.235","TaskCompleteEvent",29,"meet",NA
"1693","5c55f021e4194c47a14f5e9e",4,"Development","8d703246-39e0-4ff5-aef9-ec166f84d182","JG4 UX4",183,"2019-02-02 07:31:35","WindowsPlayer",NA,11,"TaskEvent",0,"0.11.141",66.7399978637695,-2.96000003814697,0.792359113693237,-1,5.96046447753906e-08,0,"U1 - Welcome to WAT247",NA,"U1,U1_Quest","0.11.141","TaskProgressEvent",29,"meet",1
"1694","5c55f095e4194c47a14f5f7f",4,"Development","8d703246-39e0-4ff5-aef9-ec166f84d182","JG4 UX4",183,"2019-02-02 07:33:19","WindowsPlayer",NA,11,"TaskEvent",0,"0.11.141",66.7399978637695,-2.96000003814697,0.792359113693237,0.991894364356995,-0.127063870429993,0,"U1 - Welcome to WAT247","74,wakeup","U1,U1_Quest","0.11.141","TaskActiveEvent",29,"talk",NA
"1695","5c55f095e4194c47a14f5f80",4,"Development","8d703246-39e0-4ff5-aef9-ec166f84d182","JG4 UX4",183,"2019-02-02 07:33:19","WindowsPlayer",NA,11,"TaskEvent",0,"0.11.141",66.7399978637695,-2.96000003814697,0.792359113693237,0.991894364356995,-0.127063870429993,0,"U1 - Welcome to WAT247","74,wakeup","U1,U1_Quest","0.11.141","TaskActiveEvent",29,"unlock",NA
"1696","5c55f095e4194c47a14f5f81",4,"Development","8d703246-39e0-4ff5-aef9-ec166f84d182","JG4 UX4",183,"2019-02-02 07:33:19","WindowsPlayer",NA,11,"TaskEvent",0,"0.11.141",66.7399978637695,-2.96000003814697,0.792359113693237,0.991894364356995,-0.127063870429993,0,"U1 - Welcome to WAT247","74,wakeup;74,arfRoom","U1,U1_Quest","0.11.141","TaskCompleteEvent",29,"talk",NA
"1697","5c55f0aee4194c47a14f5fe6",4,"Development","8d703246-39e0-4ff5-aef9-ec166f84d182","JG4 UX4",183,"2019-02-02 07:34:04","WindowsPlayer",NA,11,"TaskEvent",0,"0.11.141",0.400114744901657,-54.2915458679199,0.984734416007996,-0.121869087219238,-0.992546319961548,0,"U1 - Welcome to WAT247","74,arfRoom","U1,U1_Quest","0.11.141","TaskProgressEvent",29,"talk",1
"1698","5c55f0aee4194c47a14f5fe8",4,"Development","8d703246-39e0-4ff5-aef9-ec166f84d182","JG4 UX4",183,"2019-02-02 07:34:04","WindowsPlayer",NA,11,"TaskEvent",0,"0.11.141",0.400114744901657,-54.2915458679199,0.984734416007996,-0.121869087219238,-0.992546319961548,0,"U1 - Welcome to WAT247,U1 - An Amazing AI",NA,"U1,U1_Quest","0.11.141","TaskCompleteEvent",29,"unlock",NA
"1699","5c55f0aee4194c47a14f5fea",4,"Development","8d703246-39e0-4ff5-aef9-ec166f84d182","JG4 UX4",183,"2019-02-02 07:34:04","WindowsPlayer",NA,11,"TaskEvent",0,"0.11.141",0.400114744901657,-54.2915458679199,0.984734416007996,-0.121869087219238,-0.992546319961548,0,"U1 - An Amazing AI","77,collectARF","U1,U1_Quest","0.11.141","TaskActiveEvent",36,"Reach Seaside",NA
"1700","5c55f121e4194c47a14f60c9",4,"Development","8d703246-39e0-4ff5-aef9-ec166f84d182","JG4 UX4",183,"2019-02-02 07:35:57","WindowsPlayer",NA,11,"TaskEvent",0,"0.11.141",0.0664642676711082,-59.0068626403809,0.777678370475769,0.0139624532312155,-0.999902486801147,0,"U1 - An Amazing AI","77,collectARF","U1,U1_Quest","0.11.141","TaskProgressEvent",29,"unlock",1
"1701","5c55f121e4194c47a14f60ca",4,"Development","8d703246-39e0-4ff5-aef9-ec166f84d182","JG4 UX4",183,"2019-02-02 07:35:57","WindowsPlayer",NA,11,"TaskEvent",0,"0.11.141",0.0664642676711082,-59.0068626403809,0.777678370475769,0.0139624532312155,-0.999902486801147,0,"U1 - An Amazing AI","77,collectARF","U1,U1_Quest","0.11.141","TaskActiveEvent",74,"wakeup",NA
"1702","5c55f121e4194c47a14f60cb",4,"Development","8d703246-39e0-4ff5-aef9-ec166f84d182","JG4 UX4",183,"2019-02-02 07:35:57","WindowsPlayer",NA,11,"TaskEvent",0,"0.11.141",0.0664642676711082,-59.0068626403809,0.777678370475769,0.0139624532312155,-0.999902486801147,0,"U1 - An Amazing AI","77,collectARF;77,checkPoster","U1,U1_Quest","0.11.141","TaskCompleteEvent",57,"Meet up with Sam",NA
"1703","5c55f171e4194c47a14f6144",4,"Development","8d703246-39e0-4ff5-aef9-ec166f84d182","JG4 UX4",183,"2019-02-02 07:37:20","WindowsPlayer",NA,11,"TaskEvent",0,"0.11.141",-0.720722317695618,-59.1051979064941,0.777678370475769,-0.807989597320557,-0.589196562767029,0,"U1 - An Amazing AI","77,checkPoster","U1,U1_Quest","0.11.141","TaskActiveEvent",27,"Talk with Sam",NA
"1704","5c55f171e4194c47a14f6145",4,"Development","8d703246-39e0-4ff5-aef9-ec166f84d182","JG4 UX4",183,"2019-02-02 07:37:20","WindowsPlayer",NA,11,"TaskEvent",0,"0.11.141",-0.720722317695618,-59.1051979064941,0.777678370475769,-0.807989597320557,-0.589196562767029,0,"U1 - An Amazing AI","77,checkPoster","U1,U1_Quest","0.11.141","TaskActiveEvent",50,"watershed",NA
"1705","5c55f171e4194c47a14f6146",4,"Development","8d703246-39e0-4ff5-aef9-ec166f84d182","JG4 UX4",183,"2019-02-02 07:37:20","WindowsPlayer",NA,11,"TaskEvent",0,"0.11.141",-0.720722317695618,-59.1051979064941,0.777678370475769,-0.807989597320557,-0.589196562767029,0,"U1 - An Amazing AI","77,checkPoster;77,trialArg","U1,U1_Quest","0.11.141","TaskActiveEvent",50,"dissolved materials",NA
"1706","5c55f1bce4194c47a14f61bd",4,"Development","8d703246-39e0-4ff5-aef9-ec166f84d182","JG4 UX4",183,"2019-02-02 07:38:35","WindowsPlayer",NA,11,"TaskEvent",0,"0.11.141",-0.720722317695618,-59.1051979064941,0.777678370475769,-0.807989597320557,-0.589196562767029,0,"U1 - An Amazing AI","77,trialArg","U1,U1_Quest","0.11.141","TaskActiveEvent",50,"infiltration",NA
"1707","5c55f1bce4194c47a14f61bf",4,"Development","8d703246-39e0-4ff5-aef9-ec166f84d182","JG4 UX4",183,"2019-02-02 07:38:35","WindowsPlayer",NA,11,"TaskEvent",0,"0.11.141",-0.720722317695618,-59.1051979064941,0.777678370475769,-0.807989597320557,-0.589196562767029,0,"U1 - An Amazing AI,U1 - Time to Argue!",NA,"U1,U1_Quest","0.11.141","TaskProgressEvent",57,"Meet up with Sam",1
"1708","5c55f1bce4194c47a14f61c1",4,"Development","8d703246-39e0-4ff5-aef9-ec166f84d182","JG4 UX4",183,"2019-02-02 07:38:35","WindowsPlayer",NA,11,"TaskEvent",0,"0.11.141",-0.720722317695618,-59.1051979064941,0.777678370475769,-0.807989597320557,-0.589196562767029,0,"U1 - Time to Argue!","78,toppoTalk","U1,U1_Quest","0.11.141","TaskActiveEvent",50,"energy",NA
"1709","5c55f225e4194c47a14f6317",4,"Development","8d703246-39e0-4ff5-aef9-ec166f84d182","JG4 UX4",183,"2019-02-02 07:40:20","WindowsPlayer",NA,11,"TaskEvent",0,"0.11.141",-65.9280014038086,0.42401534318924,0.792359054088593,-0.999815881252289,-0.0191971063613892,0,"U1 - Time to Argue!","78,toppoTalk","U1,U1_Quest","0.11.141","TaskProgressEvent",27,"Talk with Sam",1
"1710","5c55f225e4194c47a14f6318",4,"Development","8d703246-39e0-4ff5-aef9-ec166f84d182","JG4 UX4",183,"2019-02-02 07:40:20","WindowsPlayer",NA,11,"TaskEvent",0,"0.11.141",-65.9280014038086,0.42401534318924,0.792359054088593,-0.999815881252289,-0.0191971063613892,0,"U1 - Time to Argue!","78,toppoTalk","U1,U1_Quest","0.11.141","TaskActiveEvent",27,"Find the supplies",NA
"1711","5c55f225e4194c47a14f6319",4,"Development","8d703246-39e0-4ff5-aef9-ec166f84d182","JG4 UX4",183,"2019-02-02 07:40:20","WindowsPlayer",NA,11,"TaskEvent",0,"0.11.141",-65.9280014038086,0.42401534318924,0.792359054088593,-0.999815881252289,-0.0191971063613892,0,"U1 - Time to Argue!","78,toppoTalk;78,completeArg","U1,U1_Quest","0.11.141","TaskCompleteEvent",27,"Talk with Sam",NA
"1712","5c55f2c0e4194c47a14f63ed",4,"Development","8d703246-39e0-4ff5-aef9-ec166f84d182","JG4 UX4",183,"2019-02-02 07:42:51","WindowsPlayer",NA,11,"TaskEvent",0,"0.11.141",-65.9280014038086,0.42401534318924,0.792359054088593,-0.0471068918704987,0.998889863491058,0,"U1 - Time to Argue!","78,completeArg","U1,U1_Quest","0.11.141","TaskProgressEvent",49,"poster3",1
"1713","5c55f2c0e4194c47a14f63ef",4,"Development","8d703246-39e0-4ff5-aef9-ec166f84d182","JG4 UX4",183,"2019-02-02 07:42:51","WindowsPlayer",NA,11,"TaskEvent",0,"0.11.141",-65.9280014038086,0.42401534318924,0.792359054088593,-0.0471068918704987,0.998889863491058,0,"U1 - Time to Argue!,U1 - Meet up with Jasper",NA,"U1,U1_Quest","0.11.141","TaskCompleteEvent",49,"poster3",NA
"1714","5c55f2c0e4194c47a14f63f1",4,"Development","8d703246-39e0-4ff5-aef9-ec166f84d182","JG4 UX4",183,"2019-02-02 07:42:51","WindowsPlayer",NA,11,"TaskEvent",0,"0.11.141",-65.9280014038086,0.42401534318924,0.792359054088593,-0.0471068918704987,0.998889863491058,0,"U1 - Meet up with Jasper","79,meetJasper","U1,U1_Quest","0.11.141","TaskCompleteEvent",27,"Find the supplies",NA
"1715","5c55f384e4194c47a14f66db",4,"Development","8d703246-39e0-4ff5-aef9-ec166f84d182","JG4 UX4",183,"2019-02-02 07:46:06","WindowsPlayer",NA,11,"TaskEvent",0,"0.11.141",35.2133827209473,23.6203079223633,0.979737520217896,-0.593418955802917,0.804893732070923,0,"U1 - Meet up with Jasper","79,followJasper","U1,U1_Quest","0.11.141","TaskProgressEvent",27,"Find the supplies",1
"1716","5c55f384e4194c47a14f66dc",4,"Development","8d703246-39e0-4ff5-aef9-ec166f84d182","JG4 UX4",183,"2019-02-02 07:46:06","WindowsPlayer",NA,11,"TaskEvent",0,"0.11.141",35.2133827209473,23.6203079223633,0.979737520217896,-0.593418955802917,0.804893732070923,0,"U1 - Meet up with Jasper","79,followJasper","U1,U1_Quest","0.11.141","TaskActiveEvent",27,"Deliver crates",NA
"1717","5c55f384e4194c47a14f66dd",4,"Development","8d703246-39e0-4ff5-aef9-ec166f84d182","JG4 UX4",183,"2019-02-02 07:46:06","WindowsPlayer",NA,11,"TaskEvent",0,"0.11.141",35.2133827209473,23.6203079223633,0.979737520217896,-0.593418955802917,0.804893732070923,0,"U1 - Meet up with Jasper","79,followJasper;79,jumpDebris","U1,U1_Quest","0.11.141","TaskProgressEvent",27,"Deliver crates",1
"1718","5c55f38ee4194c47a14f66fd",4,"Development","8d703246-39e0-4ff5-aef9-ec166f84d182","JG4 UX4",183,"2019-02-02 07:45:53","WindowsPlayer",NA,11,"TaskEvent",0,"0.11.141",22.8381443023682,0.766589164733887,0.787625193595886,0.997801542282104,0.0662743449211121,0,"U1 - Meet up with Jasper","79,meetJasper","U1,U1_Quest","0.11.141","TaskProgressEvent",27,"Deliver crates",2
"1719","5c55f38ee4194c47a14f66fe",4,"Development","8d703246-39e0-4ff5-aef9-ec166f84d182","JG4 UX4",183,"2019-02-02 07:45:53","WindowsPlayer",NA,11,"TaskEvent",0,"0.11.141",22.8381443023682,0.766589164733887,0.787625193595886,0.997801542282104,0.0662743449211121,0,"U1 - Meet up with Jasper","79,meetJasper","U1,U1_Quest","0.11.141","TaskProgressEvent",27,"Deliver crates",3
"1720","5c55f38ee4194c47a14f66ff",4,"Development","8d703246-39e0-4ff5-aef9-ec166f84d182","JG4 UX4",183,"2019-02-02 07:45:53","WindowsPlayer",NA,11,"TaskEvent",0,"0.11.141",22.8381443023682,0.766589164733887,0.787625193595886,0.997801542282104,0.0662743449211121,0,"U1 - Meet up with Jasper","79,meetJasper;79,followJasper","U1,U1_Quest","0.11.141","TaskCompleteEvent",27,"Deliver crates",NA
"1721","5c55f3a7e4194c47a14f6761",4,"Development","8d703246-39e0-4ff5-aef9-ec166f84d182","JG4 UX4",183,"2019-02-02 07:46:23","WindowsPlayer",NA,11,"TaskEvent",0,"0.11.141",30.4966793060303,30.3615417480469,1.77283692359924,-0.58354127407074,0.81208348274231,0,"U1 - Meet up with Jasper","79,jumpDebris","U1,U1_Quest","0.11.141","TaskActiveEvent",24,"Return to Sam",NA
"1722","5c55f3a7e4194c47a14f6762",4,"Development","8d703246-39e0-4ff5-aef9-ec166f84d182","JG4 UX4",183,"2019-02-02 07:46:23","WindowsPlayer",NA,11,"TaskEvent",0,"0.11.141",30.4966793060303,30.3615417480469,1.77283692359924,-0.58354127407074,0.81208348274231,0,"U1 - Meet up with Jasper","79,jumpDebris","U1,U1_Quest","0.11.141","TaskProgressEvent",27,"Deliver crates",4
"1723","5c55f3a7e4194c47a14f6763",4,"Development","8d703246-39e0-4ff5-aef9-ec166f84d182","JG4 UX4",183,"2019-02-02 07:46:23","WindowsPlayer",NA,11,"TaskEvent",0,"0.11.141",30.4966793060303,30.3615417480469,1.77283692359924,-0.58354127407074,0.81208348274231,0,"U1 - Meet up with Jasper","79,jumpDebris;79,escapePods","U1,U1_Quest","0.11.141","TaskProgressEvent",24,"Return to Sam",1
"1724","5c55f3bbe4194c47a14f67a7",4,"Development","8d703246-39e0-4ff5-aef9-ec166f84d182","JG4 UX4",183,"2019-02-02 07:46:49","WindowsPlayer",NA,11,"TaskEvent",0,"0.11.141",0.250915557146072,71.1579895019531,0.979999959468842,-0.248689755797386,0.968583166599274,0,"U1 - Meet up with Jasper","79,enterPod","U1,U1_Quest","0.11.141","TaskActiveEvent",24,"Test the base's water",NA
"1725","5c55f3bbe4194c47a14f67a9",4,"Development","8d703246-39e0-4ff5-aef9-ec166f84d182","JG4 UX4",183,"2019-02-02 07:46:49","WindowsPlayer",NA,11,"TaskEvent",0,"0.11.141",0.250915557146072,71.1579895019531,0.979999959468842,-0.248689755797386,0.968583166599274,0,"",NA,"U1,U1_Quest","0.11.141","TaskCompleteEvent",24,"Return to Sam",NA
"1726","5c55f3e6e4194c47a14f683c",4,"Development","8d703246-39e0-4ff5-aef9-ec166f84d182","JG4 UX4",183,"2019-02-02 07:47:17","WindowsPlayer",NA,11,"TaskEvent",0,"0.11.141",675.669982910156,1129.66003417969,98.5059509277344,-0.0249889511615038,-0.999687910079956,0,"Find Toppo's Posters",NA,"U2,U2_Collectibles,U2_Quests","0.11.141","TaskProgressEvent",24,"Test the base's water",1
"1727","5c55f3e6e4194c47a14f683d",4,"Development","8d703246-39e0-4ff5-aef9-ec166f84d182","JG4 UX4",183,"2019-02-02 07:47:17","WindowsPlayer",NA,11,"TaskEvent",0,"0.11.141",675.669982910156,1129.66003417969,98.5059509277344,-0.0249889511615038,-0.999687910079956,0,"Find Toppo's Posters","49,poster1","U2,U2_Collectibles,U2_Quests","0.11.141","TaskActiveEvent",24,"Trace the pollutant",NA
"1728","5c55f3e6e4194c47a14f683e",4,"Development","8d703246-39e0-4ff5-aef9-ec166f84d182","JG4 UX4",183,"2019-02-02 07:47:17","WindowsPlayer",NA,11,"TaskEvent",0,"0.11.141",675.669982910156,1129.66003417969,98.5059509277344,-0.0249889511615038,-0.999687910079956,0,"Find Toppo's Posters","49,poster1;49,poster2","U2,U2_Collectibles,U2_Quests","0.11.141","TaskCompleteEvent",24,"Test the base's water",NA
"1729","5c55f3e6e4194c47a14f683f",4,"Development","8d703246-39e0-4ff5-aef9-ec166f84d182","JG4 UX4",183,"2019-02-02 07:47:17","WindowsPlayer",NA,11,"TaskEvent",0,"0.11.141",675.669982910156,1129.66003417969,98.5059509277344,-0.0249889511615038,-0.999687910079956,0,"Find Toppo's Posters","49,poster1;49,poster2;49,poster3","U2,U2_Collectibles,U2_Quests","0.11.141","TaskActiveEvent",24,"Open the Claimer System",NA
"1730","5c55f3e6e4194c47a14f6840",4,"Development","8d703246-39e0-4ff5-aef9-ec166f84d182","JG4 UX4",183,"2019-02-02 07:47:17","WindowsPlayer",NA,11,"TaskEvent",0,"0.11.141",675.669982910156,1129.66003417969,98.5059509277344,-0.0249889511615038,-0.999687910079956,0,"Find Toppo's Posters","49,poster1;49,poster2;49,poster3;49,poster4","U2,U2_Collectibles,U2_Quests","0.11.141","TaskProgressEvent",24,"Trace the pollutant",1
"1731","5c55f3e6e4194c47a14f6841",4,"Development","8d703246-39e0-4ff5-aef9-ec166f84d182","JG4 UX4",183,"2019-02-02 07:47:17","WindowsPlayer",NA,11,"TaskEvent",0,"0.11.141",675.669982910156,1129.66003417969,98.5059509277344,-0.0249889511615038,-0.999687910079956,0,"Find Toppo's Posters","49,poster1;49,poster2;49,poster3;49,poster4;49,poster5","U2,U2_Collectibles,U2_Quests","0.11.141","TaskCompleteEvent",24,"Trace the pollutant",NA
"1732","5c55f3f0e4194c47a14f685d",4,"Development","8d703246-39e0-4ff5-aef9-ec166f84d182","JG4 UX4",183,"2019-02-02 07:46:32","WindowsPlayer",NA,11,"TaskEvent",0,"0.11.141",-0.334080725908279,55.6487045288086,0.980474710464478,-0.393941879272461,0.919135332107544,0,"U1 - Meet up with Jasper","79,escapePods","U1,U1_Quest","0.11.141","TaskCompleteEvent",24,"Open the Claimer System",NA
"1733","5c55f3f0e4194c47a14f685e",4,"Development","8d703246-39e0-4ff5-aef9-ec166f84d182","JG4 UX4",183,"2019-02-02 07:46:32","WindowsPlayer",NA,11,"TaskEvent",0,"0.11.141",-0.334080725908279,55.6487045288086,0.980474710464478,-0.393941879272461,0.919135332107544,0,"U1 - Meet up with Jasper","79,escapePods","U1,U1_Quest","0.11.141","TaskActiveEvent",0,"Convince Bill the pollutant is nearby",NA
"1734","5c55f3f0e4194c47a14f685f",4,"Development","8d703246-39e0-4ff5-aef9-ec166f84d182","JG4 UX4",183,"2019-02-02 07:46:32","WindowsPlayer",NA,11,"TaskEvent",0,"0.11.141",-0.334080725908279,55.6487045288086,0.980474710464478,-0.393941879272461,0.919135332107544,0,"U1 - Meet up with Jasper","79,escapePods;79,enterPod","U1,U1_Quest","0.11.141","TaskProgressEvent",24,"Open the Claimer System",1
"1735","5c55f413e4194c47a14f68f1",4,"Development","8d703246-39e0-4ff5-aef9-ec166f84d182","JG4 UX4",183,"2019-02-02 07:48:26","WindowsPlayer",NA,11,"TaskEvent",0,"0.11.141",672.2109375,1153.06652832031,98.2463760375977,0.100502155721188,-0.99493682384491,0,"Find Toppo's Posters,What just happened?","49,poster1;49,poster2;49,poster3;49,poster4;49,poster5;49,poster6","U2,U2_Collectibles,U2_Quests","0.11.141","TaskProgressEvent",0,"Convince Bill the pollutant is nearby",1
"1736","5c55f418e4194c47a14f6909",4,"Development","8d703246-39e0-4ff5-aef9-ec166f84d182","JG4 UX4",183,"2019-02-02 07:48:33","WindowsPlayer",NA,11,"TaskEvent",0,"0.11.141",673.658142089844,1125.44970703125,98.1905746459961,0.529446959495544,-0.848343253135681,0,"Find Toppo's Posters,What just happened?,Crash Diagnostics - Mountains","49,poster1;49,poster2;49,poster3;49,poster4;49,poster5;49,poster6;51,pod","U2,U2_Collectibles,U2_Quests","0.11.141","TaskCompleteEvent",0,"Convince Bill the pollutant is nearby",NA
"1737","5c55f422e4194c47a14f6935",4,"Development","8d703246-39e0-4ff5-aef9-ec166f84d182","JG4 UX4",183,"2019-02-02 07:48:48","WindowsPlayer",NA,11,"TaskEvent",0,"0.11.141",675.017150878906,1124.24658203125,98.0517959594727,0.538301587104797,-0.842752456665039,0,"Find Toppo's Posters,What just happened?,Crash Diagnostics - Mountains","49,poster1;49,poster2;49,poster3;49,poster4;49,poster5;49,poster6;51,pod;44,your pod","U2,U2_Collectibles,U2_Quests","0.11.141","TaskActiveEvent",0,"Identify pollutant",NA
"1738","5c55f422e4194c47a14f6937",4,"Development","8d703246-39e0-4ff5-aef9-ec166f84d182","JG4 UX4",183,"2019-02-02 07:48:48","WindowsPlayer",NA,11,"TaskEvent",0,"0.11.141",675.017150878906,1124.24658203125,98.0517959594727,0.538301587104797,-0.842752456665039,0,"Find Toppo's Posters,What just happened?","49,poster1;49,poster2;49,poster3;49,poster4;49,poster5;49,poster6;51,pod","U2,U2_Collectibles,U2_Quests","0.11.141","TaskCompleteEvent",0,"Identify pollutant",NA
"1739","5c55f44fe4194c47a14f697a",4,"Development","8d703246-39e0-4ff5-aef9-ec166f84d182","JG4 UX4",183,"2019-02-02 07:49:24","WindowsPlayer",NA,11,"TaskEvent",0,"0.11.141",675.017150878906,1124.24658203125,98.0517959594727,0.930852472782135,-0.365395069122314,0,"Find Toppo's Posters,What just happened?","49,poster1;49,poster2;49,poster3;49,poster4;49,poster5;49,poster6;51,pod","U2,U2_Collectibles,U2_Quests","0.11.141","TaskActiveEvent",0,"Talk with Sam",NA
"1740","5c55f44fe4194c47a14f697b",4,"Development","8d703246-39e0-4ff5-aef9-ec166f84d182","JG4 UX4",183,"2019-02-02 07:49:24","WindowsPlayer",NA,11,"TaskEvent",0,"0.11.141",675.017150878906,1124.24658203125,98.0517959594727,0.930852472782135,-0.365395069122314,0,"Find Toppo's Posters,What just happened?","49,poster1;49,poster2;49,poster3;49,poster4;49,poster5;49,poster6;51,pod","U2,U2_Collectibles,U2_Quests","0.11.141","TaskProgressEvent",0,"Identify pollutant",1
"1741","5c55f44fe4194c47a14f697c",4,"Development","8d703246-39e0-4ff5-aef9-ec166f84d182","JG4 UX4",183,"2019-02-02 07:49:24","WindowsPlayer",NA,11,"TaskEvent",0,"0.11.141",675.017150878906,1124.24658203125,98.0517959594727,0.930852472782135,-0.365395069122314,0,"Find Toppo's Posters,What just happened?","49,poster1;49,poster2;49,poster3;49,poster4;49,poster5;49,poster6;51,pod;51,scrap","U2,U2_Collectibles,U2_Quests","0.11.141","TaskCompleteEvent",0,"Talk with Sam",NA
"1742","5c55f463e4194c47a14f69d0",4,"Development","8d703246-39e0-4ff5-aef9-ec166f84d182","JG4 UX4",183,"2019-02-02 07:49:40","WindowsPlayer",NA,11,"TaskEvent",0,"0.11.141",642.718078613281,1207.79235839844,108.075294494629,-0.90727835893631,-0.420530557632446,0,"Find Toppo's Posters,What just happened?","49,poster1;49,poster2;49,poster3;49,poster4;49,poster5;49,poster6;51,scrap","U2,U2_Collectibles,U2_Quests","0.11.141","TaskProgressEvent",0,"Talk with Sam",1
"1743","5c55f468e4194c47a14f69d9",4,"Development","8d703246-39e0-4ff5-aef9-ec166f84d182","JG4 UX4",183,"2019-02-02 07:49:50","WindowsPlayer",NA,11,"TaskEvent",0,"0.11.141",656.461181640625,1241.11376953125,107.767524719238,0.240768909454346,0.970582485198975,0,"Find Toppo's Posters,What just happened?","49,poster1;49,poster2;49,poster3;49,poster4;49,poster5;49,poster6;51,scrap","U2,U2_Collectibles,U2_Quests","0.11.141","TaskActiveEvent",86,"Talk to Sam",NA
"1744","5c55f468e4194c47a14f69ea",4,"Development","8d703246-39e0-4ff5-aef9-ec166f84d182","JG4 UX4",183,"2019-02-02 07:49:59","WindowsPlayer",NA,11,"TaskEvent",0,"0.11.141",710.634338378906,1217.6787109375,107.155220031738,0.954594910144806,-0.297906637191772,0,"Find Toppo's Posters,What just happened?","49,poster1;49,poster2;49,poster3;49,poster4;49,poster5;49,poster6;51,scrap","U2,U2_Collectibles,U2_Quests","0.11.141","TaskProgressEvent",86,"Talk to Sam",1
"1745","5c55f468e4194c47a14f69eb",4,"Development","8d703246-39e0-4ff5-aef9-ec166f84d182","JG4 UX4",183,"2019-02-02 07:49:59","WindowsPlayer",NA,11,"TaskEvent",0,"0.11.141",710.634338378906,1217.6787109375,107.155220031738,0.954594910144806,-0.297906637191772,0,"Find Toppo's Posters,What just happened?","49,poster1;49,poster2;49,poster3;49,poster4;49,poster5;49,poster6;51,scrap","U2,U2_Collectibles,U2_Quests","0.11.141","TaskActiveEvent",86,"Examine a Garden",NA
"1746","5c55f468e4194c47a14f69ee",4,"Development","8d703246-39e0-4ff5-aef9-ec166f84d182","JG4 UX4",183,"2019-02-02 07:49:59","WindowsPlayer",NA,11,"TaskEvent",0,"0.11.141",710.634338378906,1217.6787109375,107.155220031738,0.954594910144806,-0.297906637191772,0,"Find Toppo's Posters,What just happened?","49,poster1;49,poster2;49,poster3;49,poster4;49,poster5;49,poster6;51,scrap;51,hoverboard","U2,U2_Collectibles,U2_Quests","0.11.141","TaskCompleteEvent",86,"Talk to Sam",NA
"1747","5c55f4aee4194c47a14f6a44",4,"Development","8d703246-39e0-4ff5-aef9-ec166f84d182","JG4 UX4",183,"2019-02-02 07:50:59","WindowsPlayer",NA,11,"TaskEvent",0,"0.11.141",674.463623046875,1124.29895019531,98.0726928710938,0.790882587432861,-0.611968159675598,0,"Find Toppo's Posters,What just happened?","49,poster1;49,poster2;49,poster3;49,poster4;49,poster5;49,poster6;51,hoverboard","U2,U2_Collectibles,U2_Quests","0.11.141","TaskProgressEvent",86,"Examine a Garden",1
"1748","5c55f4aee4194c47a14f6a45",4,"Development","8d703246-39e0-4ff5-aef9-ec166f84d182","JG4 UX4",183,"2019-02-02 07:50:59","WindowsPlayer",NA,11,"TaskEvent",0,"0.11.141",674.463623046875,1124.29895019531,98.0726928710938,0.790882587432861,-0.611968159675598,0,"Find Toppo's Posters,What just happened?","49,poster1;49,poster2;49,poster3;49,poster4;49,poster5;49,poster6;51,hoverboard","U2,U2_Collectibles,U2_Quests","0.11.141","TaskActiveEvent",86,"Check out the Supertree",NA
"1749","5c55f4aee4194c47a14f6a46",4,"Development","8d703246-39e0-4ff5-aef9-ec166f84d182","JG4 UX4",183,"2019-02-02 07:50:59","WindowsPlayer",NA,11,"TaskEvent",0,"0.11.141",674.463623046875,1124.29895019531,98.0726928710938,0.790882587432861,-0.611968159675598,0,"Find Toppo's Posters,What just happened?","49,poster1;49,poster2;49,poster3;49,poster4;49,poster5;49,poster6;51,hoverboard;51,communications","U2,U2_Collectibles,U2_Quests","0.11.141","TaskCompleteEvent",86,"Examine a Garden",NA
"1750","5c55f4ffe4194c47a14f6b92",4,"Development","8d703246-39e0-4ff5-aef9-ec166f84d182","JG4 UX4",183,"2019-02-02 07:52:28","WindowsPlayer",NA,11,"TaskEvent",0,"0.11.141",726.471496582031,1513.96459960938,125.502021789551,0.944559335708618,0.328340828418732,0,"Find Toppo's Posters,What just happened?","49,poster1;49,poster2;49,poster3;49,poster4;49,poster5;49,poster6;51,communications","U2,U2_Collectibles,U2_Quests","0.11.141","TaskCompleteEvent",86,"Check out the Supertree",NA
"1751","5c55f4ffe4194c47a14f6b93",4,"Development","8d703246-39e0-4ff5-aef9-ec166f84d182","JG4 UX4",183,"2019-02-02 07:52:28","WindowsPlayer",NA,11,"TaskEvent",0,"0.11.141",726.471496582031,1513.96459960938,125.502021789551,0.944559335708618,0.328340828418732,0,"Find Toppo's Posters,What just happened?","49,poster1;49,poster2;49,poster3;49,poster4;49,poster5;49,poster6;51,communications","U2,U2_Collectibles,U2_Quests","0.11.141","TaskActiveEvent",87,"Gain Acces to the Ruins",NA
"1752","5c55f518e4194c47a14f6bf8",4,"Development","8d703246-39e0-4ff5-aef9-ec166f84d182","JG4 UX4",183,"2019-02-02 07:52:52","WindowsPlayer",NA,11,"TaskEvent",0,"0.11.141",722.961364746094,1514.66784667969,126.207160949707,0.999999344348907,0.00118821859359741,0,"Find Toppo's Posters,What just happened?","49,poster1;49,poster3;49,poster4;49,poster5;49,poster6;51,communications","U2,U2_Collectibles,U2_Quests","0.11.141","TaskProgressEvent",86,"Check out the Supertree",1
"1753","5c55f518e4194c47a14f6bfa",4,"Development","8d703246-39e0-4ff5-aef9-ec166f84d182","JG4 UX4",183,"2019-02-02 07:52:52","WindowsPlayer",NA,11,"TaskEvent",0,"0.11.141",722.961364746094,1514.66784667969,126.207160949707,0.999999344348907,0.00118821859359741,0,"Find Toppo's Posters,What just happened?,Find the Team","49,poster1;49,poster3;49,poster4;49,poster5;49,poster6","U2,U2_Collectibles,U2_Quests","0.11.141","TaskProgressEvent",87,"Gain Acces to the Ruins",1
"1754","5c55f518e4194c47a14f6bff",4,"Development","8d703246-39e0-4ff5-aef9-ec166f84d182","JG4 UX4",183,"2019-02-02 07:52:52","WindowsPlayer",NA,11,"TaskEvent",0,"0.11.141",722.961364746094,1514.66784667969,126.207160949707,0.999999344348907,0.00118821859359741,0,"Find Toppo's Posters,Find the Team","49,poster1;49,poster3;49,poster4;49,poster5;49,poster6;20,Find the team","U2,U2_Collectibles,U2_Quests","0.11.141","TaskCompleteEvent",87,"Gain Acces to the Ruins",NA
"1755","5c55f56de4194c47a14f6d4d",4,"Development","8d703246-39e0-4ff5-aef9-ec166f84d182","JG4 UX4",183,"2019-02-02 07:54:13","WindowsPlayer",NA,11,"TaskEvent",0,"0.11.141",1061.87475585938,1758.0693359375,105.304878234863,0.573119640350342,-0.819471716880798,0,"Find Toppo's Posters,Find the Team","49,poster1;49,poster3;49,poster4;49,poster5;49,poster6;20,Talk with Dr. Topo","U2,U2_Collectibles,U2_Quests","0.11.141","TaskActiveEvent",87,"Pickup the Key",NA
"1756","5c55f56de4194c47a14f6d4f",4,"Development","8d703246-39e0-4ff5-aef9-ec166f84d182","JG4 UX4",183,"2019-02-02 07:54:13","WindowsPlayer",NA,11,"TaskEvent",0,"0.11.141",1061.87475585938,1758.0693359375,105.304878234863,0.573119640350342,-0.819471716880798,0,"Find Toppo's Posters,Find the Team,Settling WAT247","49,poster1;49,poster3;49,poster4;49,poster5;49,poster6","U2,U2_Collectibles,U2_Quests","0.11.141","TaskProgressEvent",50,"dissolved materials",1
"1757","5c55f56de4194c47a14f6d51",4,"Development","8d703246-39e0-4ff5-aef9-ec166f84d182","JG4 UX4",183,"2019-02-02 07:54:13","WindowsPlayer",NA,11,"TaskEvent",0,"0.11.141",1061.87475585938,1758.0693359375,105.304878234863,0.573119640350342,-0.819471716880798,0,"Find Toppo's Posters,Settling WAT247","49,poster1;49,poster3;49,poster4;49,poster5;49,poster6;22,Talk to Anderson","U2,U2_Collectibles,U2_Quests","0.11.141","TaskCompleteEvent",50,"dissolved materials",NA
"1758","5c55f57ce4194c47a14f6d94",4,"Development","8d703246-39e0-4ff5-aef9-ec166f84d182","JG4 UX4",183,"2019-02-02 07:54:31","WindowsPlayer",NA,11,"TaskEvent",0,"0.11.141",1061.87475585938,1758.0693359375,105.304878234863,0.573119640350342,-0.819471716880798,0,"Find Toppo's Posters,Settling WAT247,Crash Diagnostics - Mountains","49,poster1;49,poster3;49,poster4;49,poster5;49,poster6;22,Talk to Anderson","U2,U2_Collectibles,U2_Quests","0.11.141","TaskProgressEvent",87,"Pickup the Key",1
"1759","5c55f5a4e4194c47a14f6e29",4,"Development","8d703246-39e0-4ff5-aef9-ec166f84d182","JG4 UX4",183,"2019-02-02 07:54:08","WindowsPlayer",NA,11,"TaskEvent",0,"0.11.141",1007.57580566406,1767.08972167969,121.456176757812,0.765686333179474,-0.643214464187622,0,"Find Toppo's Posters,Find the Team","49,poster1;49,poster3;49,poster4;49,poster5;49,poster6;20,Find the team","U2,U2_Collectibles,U2_Quests","0.11.141","TaskCompleteEvent",87,"Pickup the Key",NA
"1760","5c55f5a4e4194c47a14f6e2a",4,"Development","8d703246-39e0-4ff5-aef9-ec166f84d182","JG4 UX4",183,"2019-02-02 07:54:08","WindowsPlayer",NA,11,"TaskEvent",0,"0.11.141",1007.57580566406,1767.08972167969,121.456176757812,0.765686333179474,-0.643214464187622,0,"Find Toppo's Posters,Find the Team","49,poster1;49,poster3;49,poster4;49,poster5;49,poster6;20,Find the team","U2,U2_Collectibles,U2_Quests","0.11.141","TaskActiveEvent",87,"Unlock the door",NA
"1761","5c55f5a4e4194c47a14f6e2b",4,"Development","8d703246-39e0-4ff5-aef9-ec166f84d182","JG4 UX4",183,"2019-02-02 07:54:08","WindowsPlayer",NA,11,"TaskEvent",0,"0.11.141",1007.57580566406,1767.08972167969,121.456176757812,0.765686333179474,-0.643214464187622,0,"Find Toppo's Posters,Find the Team","49,poster1;49,poster3;49,poster4;49,poster5;49,poster6;20,Find the team;20,Talk with Dr. Topo","U2,U2_Collectibles,U2_Quests","0.11.141","TaskProgressEvent",87,"Unlock the door",1
"1762","5c55f64ee4194c47a14f6fa3",4,"Development","8d703246-39e0-4ff5-aef9-ec166f84d182","JG4 UX4",183,"2019-02-02 07:57:35","WindowsPlayer",NA,11,"TaskEvent",0,"0.11.141",1043.84838867188,1739.76696777344,104.679870605469,-0.641877889633179,-0.766807198524475,0,"Find Toppo's Posters,Settling WAT247,Crash Diagnostics - Mountains","49,poster1;49,poster3;49,poster4;49,poster5;49,poster6;22,Talk to Anderson;46,jasper","U2,U2_Collectibles,U2_Quests","0.11.141","TaskCompleteEvent",87,"Unlock the door",NA
"1763","5c55f64ee4194c47a14f6fa4",4,"Development","8d703246-39e0-4ff5-aef9-ec166f84d182","JG4 UX4",183,"2019-02-02 07:57:35","WindowsPlayer",NA,11,"TaskEvent",0,"0.11.141",1043.84838867188,1739.76696777344,104.679870605469,-0.641877889633179,-0.766807198524475,0,"Find Toppo's Posters,Settling WAT247,Crash Diagnostics - Mountains","49,poster1;49,poster3;49,poster4;49,poster5;49,poster6;22,Talk to Anderson;46,jasper","U2,U2_Collectibles,U2_Quests","0.11.141","TaskActiveEvent",87,"Enter the ruins",NA
"1764","5c55f64ee4194c47a14f6fa5",4,"Development","8d703246-39e0-4ff5-aef9-ec166f84d182","JG4 UX4",183,"2019-02-02 07:57:35","WindowsPlayer",NA,11,"TaskEvent",0,"0.11.141",1043.84838867188,1739.76696777344,104.679870605469,-0.641877889633179,-0.766807198524475,0,"Find Toppo's Posters,Settling WAT247,Crash Diagnostics - Mountains","49,poster1;49,poster3;49,poster4;49,poster5;49,poster6;22,Talk to Anderson;46,jasper;22,Talk to Sam","U2,U2_Collectibles,U2_Quests","0.11.141","TaskProgressEvent",87,"Pickup the Key",1
"1765","5c55f694e4194c47a14f70b8",4,"Development","8d703246-39e0-4ff5-aef9-ec166f84d182","JG4 UX4",183,"2019-02-02 07:59:04","WindowsPlayer",NA,11,"TaskEvent",0,"0.11.141",1051.83129882812,1729.68664550781,100.317268371582,-0.660421371459961,-0.750895142555237,0,"Find Toppo's Posters,Settling WAT247,Crash Diagnostics - Mountains","49,poster1;49,poster3;49,poster4;49,poster5;49,poster6;46,jasper;22,Talk to Bill","U2,U2_Collectibles,U2_Quests","0.11.141","TaskCompleteEvent",87,"Pickup the Key",NA
"1766","5c55f694e4194c47a14f70b9",4,"Development","8d703246-39e0-4ff5-aef9-ec166f84d182","JG4 UX4",183,"2019-02-02 07:59:04","WindowsPlayer",NA,11,"TaskEvent",0,"0.11.141",1051.83129882812,1729.68664550781,100.317268371582,-0.660421371459961,-0.750895142555237,0,"Find Toppo's Posters,Settling WAT247,Crash Diagnostics - Mountains","49,poster1;49,poster3;49,poster4;49,poster5;49,poster6;46,jasper;22,Talk to Bill","U2,U2_Collectibles,U2_Quests","0.11.141","TaskActiveEvent",87,"Unlock the door",NA
"1767","5c55f694e4194c47a14f70ba",4,"Development","8d703246-39e0-4ff5-aef9-ec166f84d182","JG4 UX4",183,"2019-02-02 07:59:04","WindowsPlayer",NA,11,"TaskEvent",0,"0.11.141",1051.83129882812,1729.68664550781,100.317268371582,-0.660421371459961,-0.750895142555237,0,"Find Toppo's Posters,Settling WAT247,Crash Diagnostics - Mountains","49,poster1;49,poster3;49,poster4;49,poster5;49,poster6;46,jasper;22,Talk to Bill;22,Sample the east waterfall","U2,U2_Collectibles,U2_Quests","0.11.141","TaskCompleteEvent",87,"Unlock the door",NA
"1768","5c55f749e4194c47a14f7398",4,"Development","8d703246-39e0-4ff5-aef9-ec166f84d182","JG4 UX4",183,"2019-02-02 08:01:33","WindowsPlayer",NA,11,"TaskEvent",0,"0.11.141",1666.51733398438,287.911651611328,52.0562782287598,0.451935887336731,-0.892050504684448,0,"Find Toppo's Posters,Settling WAT247,Crash Diagnostics - Mountains","49,poster1;49,poster3;49,poster4;49,poster5;49,poster6;46,jasper;22,Sample the east waterfall","U2,U2_Collectibles,U2_Quests,U2_LeftWaterfall","0.11.141","TaskProgressEvent",87,"Unlock the door",1
"1769","5c55f749e4194c47a14f7399",4,"Development","8d703246-39e0-4ff5-aef9-ec166f84d182","JG4 UX4",183,"2019-02-02 08:01:33","WindowsPlayer",NA,11,"TaskEvent",0,"0.11.141",1666.51733398438,287.911651611328,52.0562782287598,0.451935887336731,-0.892050504684448,0,"Find Toppo's Posters,Settling WAT247,Crash Diagnostics - Mountains","49,poster1;49,poster3;49,poster4;49,poster5;49,poster6;46,jasper;22,Sample the east waterfall","U2,U2_Collectibles,U2_Quests,U2_LeftWaterfall","0.11.141","TaskActiveEvent",87,"Enter the ruins",NA
"1770","5c55f749e4194c47a14f739a",4,"Development","8d703246-39e0-4ff5-aef9-ec166f84d182","JG4 UX4",183,"2019-02-02 08:01:33","WindowsPlayer",NA,11,"TaskEvent",0,"0.11.141",1666.51733398438,287.911651611328,52.0562782287598,0.451935887336731,-0.892050504684448,0,"Find Toppo's Posters,Settling WAT247,Crash Diagnostics - Mountains","49,poster1;49,poster3;49,poster4;49,poster5;49,poster6;46,jasper;22,Sample the east waterfall;22,Sample the west waterfall","U2,U2_Collectibles,U2_Quests,U2_LeftWaterfall","0.11.141","TaskCompleteEvent",87,"Enter the ruins",NA
"1771","5c55f768e4194c47a14f7414",4,"Development","8d703246-39e0-4ff5-aef9-ec166f84d182","JG4 UX4",183,"2019-02-02 07:58:41","WindowsPlayer",NA,11,"TaskEvent",0,"0.11.141",1058.9912109375,1735.22229003906,100.212608337402,0.434728145599365,-0.900561809539795,0,"Find Toppo's Posters,Settling WAT247,Crash Diagnostics - Mountains","49,poster1;49,poster3;49,poster4;49,poster5;49,poster6;46,jasper;22,Talk to Sam","U2,U2_Collectibles,U2_Quests","0.11.141","TaskProgressEvent",87,"Enter the ruins",1
"1772","5c55f768e4194c47a14f7415",4,"Development","8d703246-39e0-4ff5-aef9-ec166f84d182","JG4 UX4",183,"2019-02-02 07:58:41","WindowsPlayer",NA,11,"TaskEvent",0,"0.11.141",1058.9912109375,1735.22229003906,100.212608337402,0.434728145599365,-0.900561809539795,0,"Find Toppo's Posters,Settling WAT247,Crash Diagnostics - Mountains","49,poster1;49,poster3;49,poster4;49,poster5;49,poster6;46,jasper;22,Talk to Sam","U2,U2_Collectibles,U2_Quests","0.11.141","TaskActiveEvent",75,"Pump1",NA
"1773","5c55f768e4194c47a14f7416",4,"Development","8d703246-39e0-4ff5-aef9-ec166f84d182","JG4 UX4",183,"2019-02-02 07:58:41","WindowsPlayer",NA,11,"TaskEvent",0,"0.11.141",1058.9912109375,1735.22229003906,100.212608337402,0.434728145599365,-0.900561809539795,0,"Find Toppo's Posters,Settling WAT247,Crash Diagnostics - Mountains","49,poster1;49,poster3;49,poster4;49,poster5;49,poster6;46,jasper;22,Talk to Sam;22,Talk to Bill","U2,U2_Collectibles,U2_Quests","0.11.141","TaskCompleteEvent",75,"Pump1",NA
"1774","5c55f772e4194c47a14f7435",4,"Development","8d703246-39e0-4ff5-aef9-ec166f84d182","JG4 UX4",183,"2019-02-02 08:02:46","WindowsPlayer",NA,11,"TaskEvent",0,"0.11.141",0,-50,0.980000019073486,0.223250404000282,-0.974761247634888,0,"Find Toppo's Posters,Settling WAT247,Crash Diagnostics - Mountains,Welcome to CREi","49,poster1;49,poster3;49,poster4;49,poster5;49,poster6;46,jasper;22,Sample the west waterfall","CREi","0.11.141","TaskProgressEvent",75,"Pump1",1
"1775","5c55f7d1e4194c47a14f75a3",4,"Development","8d703246-39e0-4ff5-aef9-ec166f84d182","JG4 UX4",183,"2019-02-02 08:04:13","WindowsPlayer",NA,11,"TaskEvent",0,"0.11.141",1.0128458738327,-39.2498474121094,0.980000019073486,0.994337916374207,0.106264591217041,0,"Find Toppo's Posters,Settling WAT247,Crash Diagnostics - Mountains,Welcome to CREi","49,poster1;49,poster3;49,poster4;49,poster5;49,poster6;46,jasper;22,Sample the west waterfall;84,Spawn a Component","CREi","0.11.141","TaskActiveEvent",75,"Pump2",NA
"1776","5c55f7d1e4194c47a14f75a4",4,"Development","8d703246-39e0-4ff5-aef9-ec166f84d182","JG4 UX4",183,"2019-02-02 08:04:13","WindowsPlayer",NA,11,"TaskEvent",0,"0.11.141",1.0128458738327,-39.2498474121094,0.980000019073486,0.994337916374207,0.106264591217041,0,"Find Toppo's Posters,Settling WAT247,Crash Diagnostics - Mountains,Welcome to CREi","49,poster1;49,poster3;49,poster4;49,poster5;49,poster6;46,jasper;22,Sample the west waterfall;84,Spawn a Component","CREi","0.11.141","TaskProgressEvent",75,"Pump2",1
"1777","5c55f7d1e4194c47a14f75a5",4,"Development","8d703246-39e0-4ff5-aef9-ec166f84d182","JG4 UX4",183,"2019-02-02 08:04:13","WindowsPlayer",NA,11,"TaskEvent",0,"0.11.141",1.0128458738327,-39.2498474121094,0.980000019073486,0.994337916374207,0.106264591217041,0,"Find Toppo's Posters,Settling WAT247,Crash Diagnostics - Mountains,Welcome to CREi","49,poster1;49,poster3;49,poster4;49,poster5;49,poster6;46,jasper;22,Sample the west waterfall;84,Spawn a Component;84,Identify a Component","CREi","0.11.141","TaskActiveEvent",75,"Pump3",NA
"1778","5c55f876e4194c47a14f77e7",4,"Development","8d703246-39e0-4ff5-aef9-ec166f84d182","JG4 UX4",183,"2019-02-02 08:07:12","WindowsPlayer",NA,11,"TaskEvent",0,"0.11.141",-0.488073855638504,-37.5114479064941,0.980000078678131,0.501509547233582,0.86515212059021,0,"Find Toppo's Posters,Settling WAT247,Crash Diagnostics - Mountains,Welcome to CREi","49,poster1;49,poster3;49,poster4;49,poster5;49,poster6;46,jasper;22,Sample the west waterfall;84,Identify a Component","CREi","0.11.141","TaskCompleteEvent",75,"Pump2",NA
"1779","5c55f876e4194c47a14f77e8",4,"Development","8d703246-39e0-4ff5-aef9-ec166f84d182","JG4 UX4",183,"2019-02-02 08:07:12","WindowsPlayer",NA,11,"TaskEvent",0,"0.11.141",-0.488073855638504,-37.5114479064941,0.980000078678131,0.501509547233582,0.86515212059021,0,"Find Toppo's Posters,Settling WAT247,Crash Diagnostics - Mountains,Welcome to CREi","49,poster1;49,poster3;49,poster4;49,poster5;49,poster6;46,jasper;22,Sample the west waterfall;84,Identify a Component","CREi","0.11.141","TaskActiveEvent",75,"Pump4",NA
"1780","5c55f876e4194c47a14f77e9",4,"Development","8d703246-39e0-4ff5-aef9-ec166f84d182","JG4 UX4",183,"2019-02-02 08:07:12","WindowsPlayer",NA,11,"TaskEvent",0,"0.11.141",-0.488073855638504,-37.5114479064941,0.980000078678131,0.501509547233582,0.86515212059021,0,"Find Toppo's Posters,Settling WAT247,Crash Diagnostics - Mountains,Welcome to CREi","49,poster1;49,poster3;49,poster4;49,poster5;49,poster6;46,jasper;22,Sample the west waterfall;84,Identify a Component;84,And all the rest","CREi","0.11.141","TaskProgressEvent",75,"Pump3",1
"1781","5c55f88fe4194c47a14f7819",4,"Development","8d703246-39e0-4ff5-aef9-ec166f84d182","JG4 UX4",183,"2019-02-02 08:07:39","WindowsPlayer",NA,11,"TaskEvent",0,"0.11.141",0.170000001788139,-38.7799987792969,0.980000019073486,0.0122156776487827,0.999925374984741,0,"Find Toppo's Posters,Settling WAT247,Crash Diagnostics - Mountains,Welcome to CREi","49,poster1;49,poster3;49,poster4;49,poster5;49,poster6;46,jasper;22,Sample the west waterfall;84,And all the rest","CREi","0.11.141","TaskCompleteEvent",75,"Pump3",NA
"1782","5c55f88fe4194c47a14f781a",4,"Development","8d703246-39e0-4ff5-aef9-ec166f84d182","JG4 UX4",183,"2019-02-02 08:07:39","WindowsPlayer",NA,11,"TaskEvent",0,"0.11.141",0.170000001788139,-38.7799987792969,0.980000019073486,0.0122156776487827,0.999925374984741,0,"Find Toppo's Posters,Settling WAT247,Crash Diagnostics - Mountains,Welcome to CREi","49,poster1;49,poster3;49,poster4;49,poster5;49,poster6;46,jasper;22,Sample the west waterfall;84,And all the rest","CREi","0.11.141","TaskProgressEvent",75,"Pump4",1
"1783","5c55f88fe4194c47a14f781b",4,"Development","8d703246-39e0-4ff5-aef9-ec166f84d182","JG4 UX4",183,"2019-02-02 08:07:39","WindowsPlayer",NA,11,"TaskEvent",0,"0.11.141",0.170000001788139,-38.7799987792969,0.980000019073486,0.0122156776487827,0.999925374984741,0,"Find Toppo's Posters,Settling WAT247,Crash Diagnostics - Mountains,Welcome to CREi","49,poster1;49,poster3;49,poster4;49,poster5;49,poster6;46,jasper;22,Sample the west waterfall;84,And all the rest;84,Finish fixing ARF","CREi","0.11.141","TaskActiveEvent",75,"BackToGardens",NA
"1784","5c55f916e4194c47a14f78d4",4,"Development","8d703246-39e0-4ff5-aef9-ec166f84d182","JG4 UX4",183,"2019-02-02 08:09:48","WindowsPlayer",NA,11,"TaskEvent",0,"0.11.141",0.170000001788139,-38.7799987792969,0.980000019073486,-0.0122177824378014,0.999925374984741,0,"Find Toppo's Posters,Settling WAT247,Crash Diagnostics - Mountains,Welcome to CREi","49,poster1;49,poster3;49,poster4;49,poster5;49,poster6;46,jasper;22,Sample the west waterfall;84,Finish fixing ARF","CREi","0.11.141","TaskCompleteEvent",75,"Pump4",NA
"1785","5c55f916e4194c47a14f78d6",4,"Development","8d703246-39e0-4ff5-aef9-ec166f84d182","JG4 UX4",183,"2019-02-02 08:09:48","WindowsPlayer",NA,11,"TaskEvent",0,"0.11.141",0.170000001788139,-38.7799987792969,0.980000019073486,-0.0122177824378014,0.999925374984741,0,"Find Toppo's Posters,Settling WAT247,Crash Diagnostics - Mountains","49,poster1;49,poster3;49,poster4;49,poster5;49,poster6;46,jasper;22,Sample the west waterfall","CREi","0.11.141","TaskProgressEvent",75,"BackToGardens",1
"1786","5c55fa1ae4194c47a14f7c53",4,"Development","8d703246-39e0-4ff5-aef9-ec166f84d182","JG4 UX4",183,"2019-02-02 08:14:13","WindowsPlayer",NA,11,"TaskEvent",0,"0.11.141",268.287445068359,294.559417724609,51.9249534606934,0.830985426902771,0.556294083595276,0,"Find Toppo's Posters,Settling WAT247,Crash Diagnostics - Mountains","49,poster1;49,poster3;49,poster4;49,poster5;49,poster6;46,jasper;22,Sample the west waterfall","U2,U2_Collectibles,U2_Quests,U2_RightWaterfall","0.11.141","TaskCompleteEvent",75,"BackToGardens",NA
"1787","5c55fa1ae4194c47a14f7c58",4,"Development","8d703246-39e0-4ff5-aef9-ec166f84d182","JG4 UX4",183,"2019-02-02 08:14:13","WindowsPlayer",NA,11,"TaskEvent",0,"0.11.141",268.287445068359,294.559417724609,51.9249534606934,0.830985426902771,0.556294083595276,0,"Find Toppo's Posters,Settling WAT247,Crash Diagnostics - Mountains,The Largest Watershed","49,poster1;49,poster3;49,poster4;49,poster5;49,poster6;46,jasper","U2,U2_Collectibles,U2_Quests,U2_RightWaterfall","0.11.141","TaskActiveEvent",25,"Install Pumps",NA
"1788","5c55fa1ae4194c47a14f7c5a",4,"Development","8d703246-39e0-4ff5-aef9-ec166f84d182","JG4 UX4",183,"2019-02-02 08:14:13","WindowsPlayer",NA,11,"TaskEvent",0,"0.11.141",268.287445068359,294.559417724609,51.9249534606934,0.830985426902771,0.556294083595276,0,"Find Toppo's Posters,Crash Diagnostics - Mountains,The Largest Watershed","49,poster1;49,poster3;49,poster4;49,poster5;49,poster6;46,jasper;28,Talk to Holo-Toppo","U2,U2_Collectibles,U2_Quests,U2_RightWaterfall","0.11.141","TaskProgressEvent",25,"Install Pumps",1
"1789","5c55facae4194c47a14f7f11",4,"Development","8d703246-39e0-4ff5-aef9-ec166f84d182","JG4 UX4",183,"2019-02-02 08:17:08","WindowsPlayer",NA,11,"TaskEvent",0,"0.11.141",259.616424560547,294.162445068359,54.3893432617188,0.860743343830109,0.509039282798767,0,"Find Toppo's Posters,Crash Diagnostics - Mountains,The Largest Watershed","49,poster1;49,poster3;49,poster4;49,poster5;49,poster6;46,jasper;28,Talk to Holo-Toppo","U2,U2_Collectibles,U2_Quests,U2_RightWaterfall","0.11.141","TaskProgressEvent",25,"Install Pumps",2
"1790","5c55facae4194c47a14f7f12",4,"Development","8d703246-39e0-4ff5-aef9-ec166f84d182","JG4 UX4",183,"2019-02-02 08:17:08","WindowsPlayer",NA,11,"TaskEvent",0,"0.11.141",259.616424560547,294.162445068359,54.3893432617188,0.860743343830109,0.509039282798767,0,"Find Toppo's Posters,Crash Diagnostics - Mountains,The Largest Watershed","49,poster1;49,poster3;49,poster4;49,poster5;49,poster6;46,jasper;28,Talk to Holo-Toppo","U2,U2_Collectibles,U2_Quests,U2_RightWaterfall","0.11.141","TaskProgressEvent",25,"Install Pumps",3
"1791","5c55facae4194c47a14f7f15",4,"Development","8d703246-39e0-4ff5-aef9-ec166f84d182","JG4 UX4",183,"2019-02-02 08:17:08","WindowsPlayer",NA,11,"TaskEvent",0,"0.11.141",259.616424560547,294.162445068359,54.3893432617188,0.860743343830109,0.509039282798767,0,"Find Toppo's Posters,Crash Diagnostics - Mountains,The Largest Watershed","49,poster1;49,poster3;49,poster4;49,poster5;49,poster6;46,jasper;28,Talk to Holo-Toppo;28,Argue which watershed is bigger","U2,U2_Collectibles,U2_Quests,U2_RightWaterfall","0.11.141","TaskCompleteEvent",25,"Install Pumps",NA
"1792","5c55fb24e4194c47a14f8053",4,"Development","8d703246-39e0-4ff5-aef9-ec166f84d182","JG4 UX4",183,"2019-02-02 08:18:39","WindowsPlayer",NA,11,"TaskEvent",0,"0.11.141",259.616424560547,294.162445068359,54.3893432617188,0.77162629365921,0.636076211929321,0,"Find Toppo's Posters,Crash Diagnostics - Mountains,The Largest Watershed","49,poster1;49,poster3;49,poster4;49,poster5;49,poster6;46,jasper;28,Argue which watershed is bigger","U2,U2_Collectibles,U2_Quests,U2_RightWaterfall","0.11.141","TaskActiveEvent",56,"Head to bed",NA
"1793","5c55fb24e4194c47a14f8055",4,"Development","8d703246-39e0-4ff5-aef9-ec166f84d182","JG4 UX4",183,"2019-02-02 08:18:39","WindowsPlayer",NA,11,"TaskEvent",0,"0.11.141",259.616424560547,294.162445068359,54.3893432617188,0.77162629365921,0.636076211929321,0,"Find Toppo's Posters,Crash Diagnostics - Mountains,The Largest Watershed,Welcome home","49,poster1;49,poster3;49,poster4;49,poster5;49,poster6;46,jasper","U2,U2_Collectibles,U2_Quests,U2_RightWaterfall","0.11.141","TaskProgressEvent",25,"Install Pumps",4
"1794","5c55fb24e4194c47a14f805a",4,"Development","8d703246-39e0-4ff5-aef9-ec166f84d182","JG4 UX4",183,"2019-02-02 08:18:39","WindowsPlayer",NA,11,"TaskEvent",0,"0.11.141",259.616424560547,294.162445068359,54.3893432617188,0.77162629365921,0.636076211929321,0,"Find Toppo's Posters,Crash Diagnostics - Mountains,Welcome home","49,poster1;49,poster3;49,poster4;49,poster5;49,poster6;46,jasper;58,Speak with Toppo","U2,U2_Collectibles,U2_Quests,U2_RightWaterfall","0.11.141","TaskCompleteEvent",56,"Head to bed",NA
"1795","5c55fbace4194c47a14f8151",4,"Development","8d703246-39e0-4ff5-aef9-ec166f84d182","JG4 UX4",183,"2019-02-02 08:20:48","WindowsPlayer",NA,11,"TaskEvent",0,"0.11.141",92.3274078369141,103.887077331543,77.9801177978516,-0.996040940284729,0.0888944864273071,0,"Find Toppo's Posters,Crash Diagnostics - Mountains,Welcome home","49,poster1;49,poster3;49,poster4;49,poster5;49,poster6;46,jasper;58,Speak with Toppo","Player_Base","0.11.141","TaskProgressEvent",56,"Head to bed",1
"1796","5c55fbace4194c47a14f8152",4,"Development","8d703246-39e0-4ff5-aef9-ec166f84d182","JG4 UX4",183,"2019-02-02 08:20:48","WindowsPlayer",NA,11,"TaskEvent",0,"0.11.141",92.3274078369141,103.887077331543,77.9801177978516,-0.996040940284729,0.0888944864273071,0,"Find Toppo's Posters,Crash Diagnostics - Mountains,Welcome home","49,poster1;49,poster3;49,poster4;49,poster5;49,poster6;46,jasper;58,Speak with Toppo","Player_Base","0.11.141","TaskActiveEvent",59,"Get Ready",NA
"1797","5c55fbace4194c47a14f8153",4,"Development","8d703246-39e0-4ff5-aef9-ec166f84d182","JG4 UX4",183,"2019-02-02 08:20:48","WindowsPlayer",NA,11,"TaskEvent",0,"0.11.141",92.3274078369141,103.887077331543,77.9801177978516,-0.996040940284729,0.0888944864273071,0,"Find Toppo's Posters,Crash Diagnostics - Mountains,Welcome home","49,poster1;49,poster3;49,poster4;49,poster5;49,poster6;46,jasper;58,Speak with Toppo;58,Jasper's Proposal","Player_Base","0.11.141","TaskActiveEvent",59,"Head to the Desert",NA
"1798","5c55fbf3e4194c47a14f81e6",4,"Development","8d703246-39e0-4ff5-aef9-ec166f84d182","JG4 UX4",183,"2019-02-02 08:22:06","WindowsPlayer",NA,11,"TaskEvent",0,"0.11.141",134.252090454102,130.220504760742,77.9805450439453,-0.987959623336792,0.154711484909058,0,"Find Toppo's Posters,Crash Diagnostics - Mountains,Welcome home","49,poster1;49,poster3;49,poster4;49,poster5;49,poster6;46,jasper;58,Head to bed","Player_Base","0.11.141","TaskCompleteEvent",59,"Get Ready",NA
"1799","5c55fbf3e4194c47a14f81e8",4,"Development","8d703246-39e0-4ff5-aef9-ec166f84d182","JG4 UX4",183,"2019-02-02 08:22:06","WindowsPlayer",NA,11,"TaskEvent",0,"0.11.141",134.252090454102,130.220504760742,77.9805450439453,-0.987959623336792,0.154711484909058,0,"Find Toppo's Posters,Crash Diagnostics - Mountains","49,poster1;49,poster3;49,poster4;49,poster5;49,poster6;46,jasper","Player_Base","0.11.141","TaskProgressEvent",59,"Get Ready",1
"1800","5c55fbf3e4194c47a14f81ea",4,"Development","8d703246-39e0-4ff5-aef9-ec166f84d182","JG4 UX4",183,"2019-02-02 08:22:06","WindowsPlayer",NA,11,"TaskEvent",0,"0.11.141",134.252090454102,130.220504760742,77.9805450439453,-0.987959623336792,0.154711484909058,0,"Find Toppo's Posters,Crash Diagnostics - Mountains,Good Morning!","49,poster1;49,poster3;49,poster4;49,poster5;49,poster6;46,jasper","Player_Base","0.11.141","TaskActiveEvent",59,"Talk To Anderson",NA
"1801","5c55fbf8e4194c47a14f81f8",4,"Development","8d703246-39e0-4ff5-aef9-ec166f84d182","JG4 UX4",183,"2019-02-02 08:21:50","WindowsPlayer",NA,11,"TaskEvent",0,"0.11.141",92.5936813354492,106.649742126465,77.9805526733398,-0.118403531610966,0.992965579032898,0,"Find Toppo's Posters,Crash Diagnostics - Mountains,Welcome home","49,poster1;49,poster3;49,poster4;49,poster5;49,poster6;46,jasper;58,Jasper's Proposal","Player_Base","0.11.141","TaskProgressEvent",59,"Head to the Desert",1
"1802","5c55fbf8e4194c47a14f81f9",4,"Development","8d703246-39e0-4ff5-aef9-ec166f84d182","JG4 UX4",183,"2019-02-02 08:21:50","WindowsPlayer",NA,11,"TaskEvent",0,"0.11.141",92.5936813354492,106.649742126465,77.9805526733398,-0.118403531610966,0.992965579032898,0,"Find Toppo's Posters,Crash Diagnostics - Mountains,Welcome home","49,poster1;49,poster3;49,poster4;49,poster5;49,poster6;46,jasper;58,Jasper's Proposal","Player_Base","0.11.141","TaskCompleteEvent",59,"Head to the Desert",NA
"1803","5c55fbf8e4194c47a14f81fa",4,"Development","8d703246-39e0-4ff5-aef9-ec166f84d182","JG4 UX4",183,"2019-02-02 08:21:50","WindowsPlayer",NA,11,"TaskEvent",0,"0.11.141",92.5936813354492,106.649742126465,77.9805526733398,-0.118403531610966,0.992965579032898,0,"Find Toppo's Posters,Crash Diagnostics - Mountains,Welcome home","49,poster1;49,poster3;49,poster4;49,poster5;49,poster6;46,jasper;58,Jasper's Proposal;58,Head to bed","Player_Base","0.11.141","TaskActiveEvent",2,"Find the Ruins",NA
"1804","5c72ed04e4194c47a159ebdb",4,"Development","8d703246-39e0-4ff5-aef9-ec166f84d182","JG4 UX4",183,"2019-02-24 07:13:48","WindowsPlayer",NA,11,"TaskEvent",0,"0.11.141",6.34999990463257,616.760009765625,55.9760322570801,-0.507538080215454,0.86162930727005,0,"Find Toppo's Posters,Crash Diagnostics - Mountains,Sam’s supplies,History of WAT247","49,poster1;49,poster3;49,poster4;49,poster5;49,poster6;46,jasper;27,Talk with Sam;50,watershed","U3,U3_Collectibles,U3_Quests,U3_RiverSpline","0.11.141","TaskCompleteEvent",59,"Talk To Anderson",NA
"1805","5c72ed04e4194c47a159ebdc",4,"Development","8d703246-39e0-4ff5-aef9-ec166f84d182","JG4 UX4",183,"2019-02-24 07:13:48","WindowsPlayer",NA,11,"TaskEvent",0,"0.11.141",6.34999990463257,616.760009765625,55.9760322570801,-0.507538080215454,0.86162930727005,0,"Find Toppo's Posters,Crash Diagnostics - Mountains,Sam’s supplies,History of WAT247","49,poster1;49,poster3;49,poster4;49,poster5;49,poster6;46,jasper;27,Talk with Sam;50,watershed;50,dissolved materials","U3,U3_Collectibles,U3_Quests,U3_RiverSpline","0.11.141","TaskProgressEvent",59,"Talk To Anderson",1
"1806","5c72ed04e4194c47a159ebe1",4,"Development","8d703246-39e0-4ff5-aef9-ec166f84d182","JG4 UX4",183,"2019-02-24 07:13:48","WindowsPlayer",NA,11,"TaskEvent",0,"0.11.141",6.34999990463257,616.760009765625,55.9760322570801,-0.507538080215454,0.86162930727005,0,"Good Morning!,Find Toppo's Posters,Crash Diagnostics - Mountains","57,Meet up with Sam;49,poster1;49,poster3;49,poster4;49,poster5;49,poster6;46,jasper","U3,U3_Collectibles,U3_Quests,U3_RiverSpline","0.11.141","TaskProgressEvent",49,"poster4",1
"1807","5c72ed04e4194c47a159ebe2",4,"Development","8d703246-39e0-4ff5-aef9-ec166f84d182","JG4 UX4",183,"2019-02-24 07:13:48","WindowsPlayer",NA,11,"TaskEvent",0,"0.11.141",6.34999990463257,616.760009765625,55.9760322570801,-0.507538080215454,0.86162930727005,0,"Good Morning!,Find Toppo's Posters,Crash Diagnostics - Mountains,Sam’s supplies","49,poster1;49,poster3;49,poster4;49,poster5;49,poster6;46,jasper","U3,U3_Collectibles,U3_Quests,U3_RiverSpline","0.11.141","TaskCompleteEvent",49,"poster4",NA
"1808","5c72ed04e4194c47a159ebe4",4,"Development","8d703246-39e0-4ff5-aef9-ec166f84d182","JG4 UX4",183,"2019-02-24 07:13:48","WindowsPlayer",NA,11,"TaskEvent",0,"0.11.141",6.34999990463257,616.760009765625,55.9760322570801,-0.507538080215454,0.86162930727005,0,"Find Toppo's Posters,Crash Diagnostics - Mountains,Sam’s supplies,History of WAT247","49,poster1;49,poster3;49,poster4;49,poster5;49,poster6;46,jasper;27,Talk with Sam","U3,U3_Collectibles,U3_Quests,U3_RiverSpline","0.11.141","TaskProgressEvent",2,"Find the Ruins",1
"1809","5c72ed05e4194c47a159ebec",4,"Development","8d703246-39e0-4ff5-aef9-ec166f84d182","JG4 UX4",183,"2019-02-24 07:13:48","WindowsPlayer",NA,11,"TaskEvent",0,"0.11.141",6.34999990463257,616.760009765625,55.9760322570801,-0.507538080215454,0.86162930727005,0,"Find Toppo's Posters,Crash Diagnostics - Mountains,Sam’s supplies","49,poster1;49,poster3;49,poster4;49,poster5;49,poster6;46,jasper;27,Talk with Sam","U3,U3_Collectibles,U3_Quests,U3_RiverSpline","0.11.141","TaskActiveEvent",2,"Unlock the Door",NA
"1810","5c72ed05e4194c47a159ebed",4,"Development","8d703246-39e0-4ff5-aef9-ec166f84d182","JG4 UX4",183,"2019-02-24 07:13:48","WindowsPlayer",NA,11,"TaskEvent",0,"0.11.141",6.34999990463257,616.760009765625,55.9760322570801,-0.507538080215454,0.86162930727005,0,"Find Toppo's Posters,Crash Diagnostics - Mountains,Sam’s supplies,History of WAT247","49,poster1;49,poster3;49,poster4;49,poster5;49,poster6;46,jasper;27,Talk with Sam;50,watershed;50,dissolved materials;50,infiltration","U3,U3_Collectibles,U3_Quests,U3_RiverSpline","0.11.141","TaskCompleteEvent",2,"Find the Ruins",NA
"1811","5c72ed59e4194c47a159edb2",4,"Development","8d703246-39e0-4ff5-aef9-ec166f84d182","JG4 UX4",183,"2019-02-24 07:14:41","WindowsPlayer",NA,11,"TaskEvent",0,"0.11.141",-3.92545795440674,616.374755859375,55.9760322570801,-0.772733569145203,-0.634730696678162,0,"Find Toppo's Posters,Crash Diagnostics - Mountains,Sam’s supplies,History of WAT247","49,poster1;49,poster3;49,poster4;49,poster5;49,poster6;46,jasper;27,Talk with Sam;50,watershed;50,dissolved materials;50,infiltration;50,energy","U3,U3_Collectibles,U3_Quests,U3_RiverSpline","0.11.141","TaskActiveEvent",2,"Enter the Building",NA
"1812","5c72ed59e4194c47a159edb5",4,"Development","8d703246-39e0-4ff5-aef9-ec166f84d182","JG4 UX4",183,"2019-02-24 07:14:41","WindowsPlayer",NA,11,"TaskEvent",0,"0.11.141",-3.92545795440674,616.374755859375,55.9760322570801,-0.772733569145203,-0.634730696678162,0,"Find Toppo's Posters,Crash Diagnostics - Mountains,Sam’s supplies,History of WAT247","49,poster1;49,poster3;49,poster4;49,poster5;49,poster6;46,jasper;27,Talk with Sam;50,watershed;50,dissolved materials;50,infiltration;50,energy","U3,U3_Collectibles,U3_Quests,U3_RiverSpline","0.11.141","TaskProgressEvent",2,"Unlock the Door",1
"1813","5c72ed59e4194c47a159edb6",4,"Development","8d703246-39e0-4ff5-aef9-ec166f84d182","JG4 UX4",183,"2019-02-24 07:14:41","WindowsPlayer",NA,11,"TaskEvent",0,"0.11.141",-3.92545795440674,616.374755859375,55.9760322570801,-0.772733569145203,-0.634730696678162,0,"Find Toppo's Posters,Crash Diagnostics - Mountains,Sam’s supplies,History of WAT247","49,poster1;49,poster3;49,poster4;49,poster5;49,poster6;46,jasper;27,Talk with Sam;50,watershed;50,dissolved materials;50,infiltration;50,energy;27,Find the supplies","U3,U3_Collectibles,U3_Quests,U3_RiverSpline","0.11.141","TaskCompleteEvent",2,"Unlock the Door",NA
"1814","5c72ed5ee4194c47a159ede4",4,"Development","8d703246-39e0-4ff5-aef9-ec166f84d182","JG4 UX4",183,"2019-02-24 07:15:40","WindowsPlayer",NA,11,"TaskEvent",0,"0.11.141",-180.042633056641,139.567474365234,94.5038375854492,-0.12360081076622,-0.992331981658936,0,"Find Toppo's Posters,Crash Diagnostics - Mountains,Sam’s supplies,History of WAT247","49,poster1;49,poster3;49,poster4;49,poster5;49,poster6;46,jasper;50,watershed;50,dissolved materials;50,infiltration;50,energy;27,Find the supplies","U3,U3_Collectibles,U3_Quests,U3_RiverSpline","0.11.141","TaskProgressEvent",50,"infiltration",1
"1815","5c72ed5ee4194c47a159ede5",4,"Development","8d703246-39e0-4ff5-aef9-ec166f84d182","JG4 UX4",183,"2019-02-24 07:15:40","WindowsPlayer",NA,11,"TaskEvent",0,"0.11.141",-180.042633056641,139.567474365234,94.5038375854492,-0.12360081076622,-0.992331981658936,0,"Find Toppo's Posters,Crash Diagnostics - Mountains,Sam’s supplies,History of WAT247","49,poster1;49,poster3;49,poster4;49,poster5;49,poster6;46,jasper;50,watershed;50,dissolved materials;50,infiltration;50,energy;27,Find the supplies;27,Deliver crates","U3,U3_Collectibles,U3_Quests,U3_RiverSpline","0.11.141","TaskCompleteEvent",50,"infiltration",NA
"1816","5c72ed5fe4194c47a159edec",4,"Development","8d703246-39e0-4ff5-aef9-ec166f84d182","JG4 UX4",183,"2019-02-24 07:15:40","WindowsPlayer",NA,11,"TaskEvent",0,"0.11.141",-180.042633056641,139.567474365234,94.5038375854492,-0.12360081076622,-0.992331981658936,0,"Find Toppo's Posters,Crash Diagnostics - Mountains,Sam’s supplies,History of WAT247","49,poster1;49,poster3;49,poster4;49,poster5;49,poster6;46,jasper;50,watershed;50,dissolved materials;50,infiltration;50,energy;27,Find the supplies","U3,U3_Collectibles,U3_Quests,U3_RiverSpline","0.11.141","TaskProgressEvent",2,"Enter the Building",1
"1817","5c72ed91e4194c47a159ef05",4,"Development","8d703246-39e0-4ff5-aef9-ec166f84d182","JG4 UX4",183,"2019-02-24 07:16:23","WindowsPlayer",NA,11,"TaskEvent",0,"0.11.141",-25.94944190979,115.141258239746,61.4458236694336,0.890212774276733,0.455545127391815,0,"Find Toppo's Posters,Crash Diagnostics - Mountains,Sam’s supplies,History of WAT247","49,poster1;49,poster3;49,poster4;49,poster5;49,poster6;46,jasper;50,watershed;50,dissolved materials;50,infiltration;50,energy;27,Deliver crates","U3,U3_Collectibles,U3_Quests,U3_RiverSpline","0.11.141","TaskActiveEvent",2,"Try the Controls",NA
"1818","5c72edcce4194c47a159f056",4,"Development","8d703246-39e0-4ff5-aef9-ec166f84d182","JG4 UX4",183,"2019-02-24 07:16:59","WindowsPlayer",NA,11,"TaskEvent",0,"0.11.141",115.614326477051,108.233551025391,56.9059181213379,0.587785542011261,0.809016764163971,0,"Find Toppo's Posters,Crash Diagnostics - Mountains,Sam’s supplies,History of WAT247","49,poster1;49,poster3;49,poster4;49,poster5;49,poster6;46,jasper;50,watershed;50,dissolved materials;50,infiltration;50,energy;27,Deliver crates","U3,U3_Collectibles,U3_Quests,U3_RiverSpline","0.11.141","TaskCompleteEvent",2,"Enter the Building",NA
"1819","5c72edfee4194c47a159f168",4,"Development","8d703246-39e0-4ff5-aef9-ec166f84d182","JG4 UX4",183,"2019-02-24 07:18:18","WindowsPlayer",NA,11,"TaskEvent",0,"0.11.141",110.235748291016,16.7819919586182,63.8433074951172,0.842453122138977,0.538769781589508,0,"Find Toppo's Posters,Crash Diagnostics - Mountains,Sam’s supplies,History of WAT247","49,poster1;49,poster3;49,poster4;49,poster5;49,poster6;46,jasper;50,watershed;50,dissolved materials;50,infiltration;50,energy;27,Deliver crates","U3,U3_Collectibles,U3_Quests,U3_RiverSpline","0.11.141","TaskCompleteEvent",2,"Try the Controls",NA
"1820","5c72ee95e4194c47a159f405",4,"Development","8d703246-39e0-4ff5-aef9-ec166f84d182","JG4 UX4",183,"2019-02-24 07:20:24","WindowsPlayer",NA,11,"TaskEvent",0,"0.11.141",111.596313476562,-15.36732006073,55.1754913330078,0.829038023948669,0.559192299842834,0,"Find Toppo's Posters,Crash Diagnostics - Mountains,Sam’s supplies,History of WAT247,Sam’s base is polluted!","49,poster1;49,poster3;49,poster4;49,poster5;49,poster6;46,jasper;50,watershed;50,dissolved materials;50,infiltration;50,energy","U3,U3_Collectibles,U3_Quests,U3_RiverSpline","0.11.141","TaskProgressEvent",2,"Try the Controls",1
"1821","5c72ee95e4194c47a159f410",4,"Development","8d703246-39e0-4ff5-aef9-ec166f84d182","JG4 UX4",183,"2019-02-24 07:20:24","WindowsPlayer",NA,11,"TaskEvent",0,"0.11.141",111.596313476562,-15.36732006073,55.1754913330078,0.829038023948669,0.559192299842834,0,"Find Toppo's Posters,Crash Diagnostics - Mountains,Sam’s supplies,History of WAT247","49,poster1;49,poster3;49,poster4;49,poster5;49,poster6;46,jasper;50,watershed;50,dissolved materials;50,infiltration;50,energy;27,Deliver crates","U3,U3_Collectibles,U3_Quests,U3_RiverSpline","0.11.141","TaskActiveEvent",3,"Restore Power to B5",NA
"1822","5c72ee95e4194c47a159f411",4,"Development","8d703246-39e0-4ff5-aef9-ec166f84d182","JG4 UX4",183,"2019-02-24 07:20:24","WindowsPlayer",NA,11,"TaskEvent",0,"0.11.141",111.596313476562,-15.36732006073,55.1754913330078,0.829038023948669,0.559192299842834,0,"Find Toppo's Posters,Crash Diagnostics - Mountains,History of WAT247,Sam’s base is polluted!","49,poster1;49,poster3;49,poster4;49,poster5;49,poster6;46,jasper;50,watershed;50,dissolved materials;50,infiltration;50,energy;24,Return to Sam","U3,U3_Collectibles,U3_Quests,U3_RiverSpline","0.11.141","TaskProgressEvent",3,"Restore Power to B5",1
"1823","5c72ee9ae4194c47a159f434",4,"Development","8d703246-39e0-4ff5-aef9-ec166f84d182","JG4 UX4",183,"2019-02-24 07:20:52","WindowsPlayer",NA,11,"TaskEvent",0,"0.11.141",0.258000195026398,615.307434082031,55.9760322570801,0.0871550217270851,-0.996194958686829,0,"Find Toppo's Posters,Crash Diagnostics - Mountains,History of WAT247,Sam’s base is polluted!","49,poster1;49,poster3;49,poster4;49,poster5;49,poster6;46,jasper;50,watershed;50,dissolved materials;50,infiltration;50,energy;24,Return to Sam","U3,U3_Collectibles,U3_Quests,U3_RiverSpline","0.11.141","TaskActiveEvent",3,"Restore Power to B4",NA
"1824","5c72ee9ae4194c47a159f438",4,"Development","8d703246-39e0-4ff5-aef9-ec166f84d182","JG4 UX4",183,"2019-02-24 07:20:52","WindowsPlayer",NA,11,"TaskEvent",0,"0.11.141",0.258000195026398,615.307434082031,55.9760322570801,0.0871550217270851,-0.996194958686829,0,"Find Toppo's Posters,Crash Diagnostics - Mountains,History of WAT247,Sam’s base is polluted!","49,poster1;49,poster3;49,poster4;49,poster5;49,poster6;46,jasper;50,watershed;50,dissolved materials;50,infiltration;50,energy;24,Return to Sam","U3,U3_Collectibles,U3_Quests,U3_RiverSpline","0.11.141","TaskCompleteEvent",3,"Restore Power to B5",NA
"1825","5c72ef2be4194c47a159f71f",4,"Development","8d703246-39e0-4ff5-aef9-ec166f84d182","JG4 UX4",183,"2019-02-24 07:23:15","WindowsPlayer",NA,11,"TaskEvent",0,"0.11.141",129.575057983398,565.279907226562,54.9799995422363,0.73254132270813,-0.68072235584259,0,"Find Toppo's Posters,Crash Diagnostics - Mountains,History of WAT247,Sam’s base is polluted!","49,poster1;49,poster4;49,poster5;49,poster6;46,jasper;50,watershed;50,dissolved materials;50,infiltration;50,energy;24,Test the base's water;24,Trace the pollutant","U3,U3_Collectibles,U3_Quests,U3_RiverSpline","0.11.141","TaskProgressEvent",3,"Restore Power to B4",1
"1826","5c72ef2be4194c47a159f725",4,"Development","8d703246-39e0-4ff5-aef9-ec166f84d182","JG4 UX4",183,"2019-02-24 07:23:15","WindowsPlayer",NA,11,"TaskEvent",0,"0.11.141",129.575057983398,565.279907226562,54.9799995422363,0.73254132270813,-0.68072235584259,0,"Find Toppo's Posters,Crash Diagnostics - Mountains,History of WAT247,Sam’s base is polluted!","49,poster1;49,poster4;49,poster5;49,poster6;46,jasper;50,watershed;50,dissolved materials;50,infiltration;50,energy;24,Test the base's water","U3,U3_Collectibles,U3_Quests,U3_RiverSpline","0.11.141","TaskCompleteEvent",3,"Restore Power to B4",NA
"1827","5c72ef2be4194c47a159f726",4,"Development","8d703246-39e0-4ff5-aef9-ec166f84d182","JG4 UX4",183,"2019-02-24 07:23:15","WindowsPlayer",NA,11,"TaskEvent",0,"0.11.141",129.575057983398,565.279907226562,54.9799995422363,0.73254132270813,-0.68072235584259,0,"Find Toppo's Posters,Crash Diagnostics - Mountains,History of WAT247,Sam’s base is polluted!","49,poster1;49,poster4;49,poster5;49,poster6;46,jasper;50,watershed;50,dissolved materials;50,infiltration;50,energy;24,Test the base's water","U3,U3_Collectibles,U3_Quests,U3_RiverSpline","0.11.141","TaskActiveEvent",3,"Restore Power to B3",NA
"1828","5c72f048e4194c47a159fd10",4,"Development","8d703246-39e0-4ff5-aef9-ec166f84d182","JG4 UX4",183,"2019-02-24 07:28:01","WindowsPlayer",NA,11,"TaskEvent",0,"0.11.141",671.714538574219,-262.750274658203,63.1481170654297,0.376225531101227,0.926528096199036,0,"Find Toppo's Posters,Crash Diagnostics - Mountains,History of WAT247,Sam’s base is polluted!","49,poster1;49,poster4;49,poster5;49,poster6;46,jasper;50,watershed;50,dissolved materials;50,infiltration;50,energy;24,Open the Claimer System","U3,U3_Collectibles,U3_Quests,U3_RiverSpline","0.11.141","TaskCompleteEvent",3,"Restore Power to B3",NA
"1829","5c72f048e4194c47a159fd19",4,"Development","8d703246-39e0-4ff5-aef9-ec166f84d182","JG4 UX4",183,"2019-02-24 07:28:01","WindowsPlayer",NA,11,"TaskEvent",0,"0.11.141",671.714538574219,-262.750274658203,63.1481170654297,0.376225531101227,0.926528096199036,0,"Find Toppo's Posters,Crash Diagnostics - Mountains,History of WAT247,Sam’s base is polluted!,The Pollutant","49,poster1;49,poster4;49,poster5;49,poster6;46,jasper;50,watershed;50,dissolved materials;50,infiltration;50,energy","U3,U3_Collectibles,U3_Quests,U3_RiverSpline","0.11.141","TaskActiveEvent",3,"Restore Power to B2",NA
"1830","5c72f048e4194c47a159fd1b",4,"Development","8d703246-39e0-4ff5-aef9-ec166f84d182","JG4 UX4",183,"2019-02-24 07:28:01","WindowsPlayer",NA,11,"TaskEvent",0,"0.11.141",671.714538574219,-262.750274658203,63.1481170654297,0.376225531101227,0.926528096199036,0,"Find Toppo's Posters,Crash Diagnostics - Mountains,History of WAT247,The Pollutant","49,poster1;49,poster4;49,poster5;49,poster6;46,jasper;50,watershed;50,dissolved materials;50,infiltration;50,energy;0,Convince Bill the pollutant is nearby","U3,U3_Collectibles,U3_Quests,U3_RiverSpline","0.11.141","TaskProgressEvent",3,"Restore Power to B3",1
"1831","5c72f0f8e4194c47a159ffe5",4,"Development","8d703246-39e0-4ff5-aef9-ec166f84d182","JG4 UX4",183,"2019-02-24 07:30:56","WindowsPlayer",NA,11,"TaskEvent",0,"0.11.141",616.080749511719,-226.467956542969,64.6528778076172,-0.96501612663269,0.262190282344818,0,"Find Toppo's Posters,Crash Diagnostics - Mountains,History of WAT247,The Pollutant","49,poster1;49,poster4;49,poster5;49,poster6;46,jasper;50,watershed;50,dissolved materials;50,infiltration;50,energy;0,Convince Bill the pollutant is nearby","U3,U3_Collectibles,U3_Quests,U3_RiverSpline","0.11.141","TaskProgressEvent",3,"Restore Power to B2",1
"1832","5c72f0f8e4194c47a159ffe6",4,"Development","8d703246-39e0-4ff5-aef9-ec166f84d182","JG4 UX4",183,"2019-02-24 07:30:56","WindowsPlayer",NA,11,"TaskEvent",0,"0.11.141",616.080749511719,-226.467956542969,64.6528778076172,-0.96501612663269,0.262190282344818,0,"Find Toppo's Posters,Crash Diagnostics - Mountains,History of WAT247,The Pollutant","49,poster1;49,poster4;49,poster5;49,poster6;46,jasper;50,watershed;50,dissolved materials;50,infiltration;50,energy;0,Convince Bill the pollutant is nearby","U3,U3_Collectibles,U3_Quests,U3_RiverSpline","0.11.141","TaskActiveEvent",3,"Restore Power to B1",NA
"1833","5c72f0f8e4194c47a159ffea",4,"Development","8d703246-39e0-4ff5-aef9-ec166f84d182","JG4 UX4",183,"2019-02-24 07:30:56","WindowsPlayer",NA,11,"TaskEvent",0,"0.11.141",616.080749511719,-226.467956542969,64.6528778076172,-0.96501612663269,0.262190282344818,0,"Find Toppo's Posters,Crash Diagnostics - Mountains,History of WAT247,The Pollutant","49,poster1;49,poster4;49,poster5;49,poster6;46,jasper;50,watershed;50,dissolved materials;50,infiltration;50,energy;0,Convince Bill the pollutant is nearby;0,Identify pollutant","U3,U3_Collectibles,U3_Quests,U3_RiverSpline","0.11.141","TaskCompleteEvent",3,"Restore Power to B2",NA
"1834","5c72f12ae4194c47a15a00d2",4,"Development","8d703246-39e0-4ff5-aef9-ec166f84d182","JG4 UX4",183,"2019-02-24 07:31:46","WindowsPlayer",NA,11,"TaskEvent",0,"0.11.141",616.080749511719,-226.467956542969,64.6528778076172,-0.96501612663269,0.262190282344818,0,"Find Toppo's Posters,Crash Diagnostics - Mountains,History of WAT247,The Pollutant","49,poster1;49,poster4;49,poster5;49,poster6;46,jasper;50,watershed;50,dissolved materials;50,infiltration;50,energy;0,Identify pollutant","U3,U3_Collectibles,U3_Quests,U3_RiverSpline","0.11.141","TaskCompleteEvent",3,"Restore Power to B1",NA
"1835","5c72f12ae4194c47a15a00d6",4,"Development","8d703246-39e0-4ff5-aef9-ec166f84d182","JG4 UX4",183,"2019-02-24 07:31:46","WindowsPlayer",NA,11,"TaskEvent",0,"0.11.141",616.080749511719,-226.467956542969,64.6528778076172,-0.96501612663269,0.262190282344818,0,"Find Toppo's Posters,Crash Diagnostics - Mountains,History of WAT247,The Pollutant","49,poster1;49,poster4;49,poster5;49,poster6;46,jasper;50,watershed;50,dissolved materials;50,infiltration;50,energy;0,Identify pollutant","U3,U3_Collectibles,U3_Quests,U3_RiverSpline","0.11.141","TaskActiveEvent",5,"Retry the Controls",NA
"1836","5c72f12ae4194c47a15a00d8",4,"Development","8d703246-39e0-4ff5-aef9-ec166f84d182","JG4 UX4",183,"2019-02-24 07:31:46","WindowsPlayer",NA,11,"TaskEvent",0,"0.11.141",616.080749511719,-226.467956542969,64.6528778076172,-0.96501612663269,0.262190282344818,0,"Find Toppo's Posters,Crash Diagnostics - Mountains,History of WAT247,The Pollutant","49,poster1;49,poster4;49,poster5;49,poster6;46,jasper;50,watershed;50,dissolved materials;50,infiltration;50,energy;0,Identify pollutant;0,Talk with Sam","U3,U3_Collectibles,U3_Quests,U3_RiverSpline","0.11.141","TaskProgressEvent",3,"Restore Power to B1",1
"1837","5c72f18ee4194c47a15a02c1",4,"Development","8d703246-39e0-4ff5-aef9-ec166f84d182","JG4 UX4",183,"2019-02-24 07:33:22","WindowsPlayer",NA,11,"TaskEvent",0,"0.11.141",0.354362607002258,618.901733398438,55.9760322570801,-0.904083073139191,-0.427356600761414,0,"Find Toppo's Posters,Crash Diagnostics - Mountains,History of WAT247,Alien Gardens","49,poster1;49,poster4;49,poster5;49,poster6;46,jasper;50,watershed;50,dissolved materials;50,infiltration;50,energy;86,Talk to Sam","U3,U3_Collectibles,U3_Quests,U3_RiverSpline","0.11.141","TaskCompleteEvent",5,"Retry the Controls",NA
"1838","5c72f18ee4194c47a15a02ca",4,"Development","8d703246-39e0-4ff5-aef9-ec166f84d182","JG4 UX4",183,"2019-02-24 07:33:22","WindowsPlayer",NA,11,"TaskEvent",0,"0.11.141",0.354362607002258,618.901733398438,55.9760322570801,-0.904083073139191,-0.427356600761414,0,"Find Toppo's Posters,Crash Diagnostics - Mountains,History of WAT247,Alien Gardens","49,poster1;49,poster4;49,poster5;49,poster6;46,jasper;50,watershed;50,dissolved materials;50,infiltration;50,energy;86,Talk to Sam;86,Examine a Garden","U3,U3_Collectibles,U3_Quests,U3_RiverSpline","0.11.141","TaskProgressEvent",5,"Retry the Controls",1
"1839","5c72f18fe4194c47a15a02cf",4,"Development","8d703246-39e0-4ff5-aef9-ec166f84d182","JG4 UX4",183,"2019-02-24 07:33:22","WindowsPlayer",NA,11,"TaskEvent",0,"0.11.141",0.354362607002258,618.901733398438,55.9760322570801,-0.904083073139191,-0.427356600761414,0,"Find Toppo's Posters,Crash Diagnostics - Mountains,History of WAT247,Alien Gardens","49,poster1;49,poster4;49,poster5;49,poster6;46,jasper;50,watershed;50,dissolved materials;50,infiltration;50,energy;86,Talk to Sam","U3,U3_Collectibles,U3_Quests,U3_RiverSpline","0.11.141","TaskActiveEvent",5,"Drill to the Water Table",NA
"1840","5c72f238e4194c47a15a0566",4,"Development","8d703246-39e0-4ff5-aef9-ec166f84d182","JG4 UX4",183,"2019-02-24 07:36:16","WindowsPlayer",NA,11,"TaskEvent",0,"0.11.141",-633.857543945312,-366.013214111328,73.3886260986328,-0.848972737789154,-0.528436660766602,0,"Find Toppo's Posters,Crash Diagnostics - Mountains,History of WAT247,Alien Gardens","49,poster1;49,poster4;49,poster5;49,poster6;46,jasper;50,watershed;50,dissolved materials;50,infiltration;50,energy;86,Check out the Supertree","U3,U3_Collectibles,U3_Quests,U3_RiverSpline","0.11.141","TaskProgressEvent",5,"Drill to the Water Table",1
"1841","5c72f238e4194c47a15a056c",4,"Development","8d703246-39e0-4ff5-aef9-ec166f84d182","JG4 UX4",183,"2019-02-24 07:36:16","WindowsPlayer",NA,11,"TaskEvent",0,"0.11.141",-633.857543945312,-366.013214111328,73.3886260986328,-0.848972737789154,-0.528436660766602,0,"Find Toppo's Posters,Crash Diagnostics - Mountains,History of WAT247,Alien Gardens,The Ruins","49,poster1;49,poster4;49,poster5;49,poster6;46,jasper;50,watershed;50,dissolved materials;50,infiltration;50,energy","U3,U3_Collectibles,U3_Quests,U3_RiverSpline","0.11.141","TaskActiveEvent",5,"Direct the irrigation",NA
"1842","5c72f238e4194c47a15a056e",4,"Development","8d703246-39e0-4ff5-aef9-ec166f84d182","JG4 UX4",183,"2019-02-24 07:36:16","WindowsPlayer",NA,11,"TaskEvent",0,"0.11.141",-633.857543945312,-366.013214111328,73.3886260986328,-0.848972737789154,-0.528436660766602,0,"Find Toppo's Posters,Crash Diagnostics - Mountains,History of WAT247,The Ruins","49,poster1;49,poster4;49,poster5;49,poster6;46,jasper;50,watershed;50,dissolved materials;50,infiltration;50,energy;87,Gain Acces to the Ruins","U3,U3_Collectibles,U3_Quests,U3_RiverSpline","0.11.141","TaskCompleteEvent",5,"Drill to the Water Table",NA
"1843","5c72f275e4194c47a15a0666",4,"Development","8d703246-39e0-4ff5-aef9-ec166f84d182","JG4 UX4",183,"2019-02-24 07:37:21","WindowsPlayer",NA,11,"TaskEvent",0,"0.11.141",-558.578491210938,-459.897918701172,74.4055252075195,0.972775399684906,-0.231750249862671,0,"Find Toppo's Posters,Crash Diagnostics - Mountains,History of WAT247,The Ruins","49,poster1;49,poster4;49,poster5;49,poster6;46,jasper;50,watershed;50,dissolved materials;50,infiltration;50,energy;87,Pickup the Key;87,Unlock the door","U3,U3_Collectibles,U3_Quests,U3_RiverSpline","0.11.141","TaskCompleteEvent",5,"Direct the irrigation",NA
"1844","5c72f275e4194c47a15a0668",4,"Development","8d703246-39e0-4ff5-aef9-ec166f84d182","JG4 UX4",183,"2019-02-24 07:37:21","WindowsPlayer",NA,11,"TaskEvent",0,"0.11.141",-558.578491210938,-459.897918701172,74.4055252075195,0.972775399684906,-0.231750249862671,0,"Find Toppo's Posters,Crash Diagnostics - Mountains,History of WAT247,The Ruins","49,poster1;49,poster4;49,poster5;49,poster6;46,jasper;50,watershed;50,dissolved materials;50,infiltration;50,energy;87,Pickup the Key","U3,U3_Collectibles,U3_Quests,U3_RiverSpline","0.11.141","TaskActiveEvent",6,"Head Inside the Bunker",NA
"1845","5c72f275e4194c47a15a0669",4,"Development","8d703246-39e0-4ff5-aef9-ec166f84d182","JG4 UX4",183,"2019-02-24 07:37:21","WindowsPlayer",NA,11,"TaskEvent",0,"0.11.141",-558.578491210938,-459.897918701172,74.4055252075195,0.972775399684906,-0.231750249862671,0,"Find Toppo's Posters,Crash Diagnostics - Mountains,History of WAT247,The Ruins","49,poster1;49,poster4;49,poster5;49,poster6;46,jasper;50,watershed;50,dissolved materials;50,infiltration;50,energy;87,Pickup the Key","U3,U3_Collectibles,U3_Quests,U3_RiverSpline","0.11.141","TaskProgressEvent",5,"Direct the irrigation",1
"1846","5c72f307e4194c47a15a07b6",4,"Development","8d703246-39e0-4ff5-aef9-ec166f84d182","JG4 UX4",183,"2019-02-24 07:38:17","WindowsPlayer",NA,11,"TaskEvent",0,"0.11.141",-561.108276367188,-462.155944824219,75.1838073730469,-0.21303229033947,-0.97704553604126,0,"Find Toppo's Posters,Crash Diagnostics - Mountains,History of WAT247,The Ruins","49,poster1;49,poster4;49,poster5;49,poster6;46,jasper;50,watershed;50,infiltration;50,energy;87,Enter the ruins","U3,U3_Collectibles,U3_Quests,U3_RiverSpline","0.11.141","TaskProgressEvent",6,"Head Inside the Bunker",1
"1847","5c72f307e4194c47a15a07b8",4,"Development","8d703246-39e0-4ff5-aef9-ec166f84d182","JG4 UX4",183,"2019-02-24 07:38:17","WindowsPlayer",NA,11,"TaskEvent",0,"0.11.141",-561.108276367188,-462.155944824219,75.1838073730469,-0.21303229033947,-0.97704553604126,0,"Find Toppo's Posters,Crash Diagnostics - Mountains,History of WAT247,The Ruins,Collect all the Pumps in the Alien Facility","49,poster1;49,poster4;49,poster5;49,poster6;46,jasper;50,watershed;50,infiltration;50,energy","U3,U3_Collectibles,U3_Quests,U3_RiverSpline,U3_Dungeon_Side_Quest","0.11.141","TaskActiveEvent",6,"Investigate the Flood",NA
"1848","5c72f307e4194c47a15a07b9",4,"Development","8d703246-39e0-4ff5-aef9-ec166f84d182","JG4 UX4",183,"2019-02-24 07:38:17","WindowsPlayer",NA,11,"TaskEvent",0,"0.11.141",-561.108276367188,-462.155944824219,75.1838073730469,-0.21303229033947,-0.97704553604126,0,"Find Toppo's Posters,Crash Diagnostics - Mountains,History of WAT247,Collect all the Pumps in the Alien Facility","49,poster1;49,poster4;49,poster5;49,poster6;46,jasper;50,watershed;50,infiltration;50,energy;75,Pump1","U3,U3_Collectibles,U3_Quests,U3_RiverSpline,U3_Dungeon_Side_Quest","0.11.141","TaskCompleteEvent",6,"Head Inside the Bunker",NA
"1849","5c72f39ee4194c47a15a0a20",4,"Development","8d703246-39e0-4ff5-aef9-ec166f84d182","JG4 UX4",183,"2019-02-24 07:37:24","WindowsPlayer",NA,11,"TaskEvent",0,"0.11.141",-563.247192382812,-459.953735351562,73.6835784912109,-0.673013925552368,-0.739629864692688,0,"Find Toppo's Posters,Crash Diagnostics - Mountains,History of WAT247,The Ruins","49,poster1;49,poster4;49,poster5;49,poster6;46,jasper;50,watershed;50,dissolved materials;50,infiltration;50,energy;87,Unlock the door","U3,U3_Collectibles,U3_Quests,U3_RiverSpline","0.11.141","TaskCompleteEvent",6,"Investigate the Flood",NA
"1850","5c72f39ee4194c47a15a0a23",4,"Development","8d703246-39e0-4ff5-aef9-ec166f84d182","JG4 UX4",183,"2019-02-24 07:37:24","WindowsPlayer",NA,11,"TaskEvent",0,"0.11.141",-563.247192382812,-459.953735351562,73.6835784912109,-0.673013925552368,-0.739629864692688,0,"Find Toppo's Posters,Crash Diagnostics - Mountains,History of WAT247,The Ruins","49,poster1;49,poster4;49,poster5;49,poster6;46,jasper;50,watershed;50,dissolved materials;50,infiltration;50,energy;87,Unlock the door","U3,U3_Collectibles,U3_Quests,U3_RiverSpline","0.11.141","TaskActiveEvent",80,"Scan the Armory Ceiling",NA
"1851","5c72f521e4194c47a15a0feb",4,"Development","8d703246-39e0-4ff5-aef9-ec166f84d182","JG4 UX4",183,"2019-02-24 07:45:11","WindowsPlayer",NA,11,"TaskEvent",0,"0.11.141",-244.708389282227,-20.4697895050049,54.9799995422363,0.999876737594604,-0.0157077312469482,0,"Find Toppo's Posters,Crash Diagnostics - Mountains,History of WAT247,Strange Gardening","49,poster1;49,poster4;49,poster5;49,poster6;46,jasper;50,watershed;50,infiltration;50,energy;25,Install Pumps","U3,U3_Collectibles,U3_Quests,U3_RiverSpline","0.11.141","TaskProgressEvent",6,"Investigate the Flood",1
"1852","5c72f5e2e4194c47a15a126d",4,"Development","8d703246-39e0-4ff5-aef9-ec166f84d182","JG4 UX4",183,"2019-02-24 07:51:57","WindowsPlayer",NA,11,"TaskEvent",0,"0.11.141",-587.252014160156,758.656433105469,63.2577056884766,-0.119435258209705,-0.992838740348816,-0.00254691438749433,"Find Toppo's Posters,Crash Diagnostics - Mountains,History of WAT247,U3 - Crash Side Quest P3,Second Day at Base","49,poster1;49,poster4;49,poster5;49,poster6;46,jasper;50,watershed;50,infiltration;50,energy;40,Find the supplies crate;59,Head to the Desert","U4,U4_Collectibles,U4_Quests,U4_MilitaryBase","0.11.141","TaskActiveEvent",80,"Scan the Amory Floor",NA
"1853","5c72f5e2e4194c47a15a1273",4,"Development","8d703246-39e0-4ff5-aef9-ec166f84d182","JG4 UX4",183,"2019-02-24 07:51:57","WindowsPlayer",NA,11,"TaskEvent",0,"0.11.141",-587.252014160156,758.656433105469,63.2577056884766,-0.119435258209705,-0.992838740348816,-0.00254691438749433,"Find Toppo's Posters,Crash Diagnostics - Mountains,History of WAT247,U3 - Crash Side Quest P3,Second Day at Base","49,poster1;49,poster4;49,poster5;49,poster6;46,jasper;50,watershed;50,infiltration;50,energy;40,Find the supplies crate;59,Head to the Desert","U4,U4_Collectibles,U4_Quests,U4_MilitaryBase","0.11.141","TaskProgressEvent",80,"Scan the Armory Ceiling",1
"1854","5c72f5e2e4194c47a15a1274",4,"Development","8d703246-39e0-4ff5-aef9-ec166f84d182","JG4 UX4",183,"2019-02-24 07:51:57","WindowsPlayer",NA,11,"TaskEvent",0,"0.11.141",-587.252014160156,758.656433105469,63.2577056884766,-0.119435258209705,-0.992838740348816,-0.00254691438749433,"Find Toppo's Posters,Crash Diagnostics - Mountains,History of WAT247,U3 - Crash Side Quest P3,Second Day at Base","49,poster1;49,poster4;49,poster5;49,poster6;46,jasper;50,watershed;50,infiltration;50,energy;40,Find the supplies crate;59,Head to the Desert;59,Talk To Anderson","U4,U4_Collectibles,U4_Quests,U4_MilitaryBase","0.11.141","TaskCompleteEvent",80,"Scan the Armory Ceiling",NA
"1855","5c72f614e4194c47a15a133e",4,"Development","8d703246-39e0-4ff5-aef9-ec166f84d182","JG4 UX4",183,"2019-02-24 07:52:47","WindowsPlayer",NA,11,"TaskEvent",0,"0.11.141",-593.002563476562,736.034912109375,62.2058296203613,-0.951169192790985,-0.308003067970276,-0.0202834568917751,"Find Toppo's Posters,Crash Diagnostics - Mountains,History of WAT247,U3 - Crash Side Quest P3,Alien Village","49,poster1;49,poster4;49,poster5;49,poster6;46,jasper;50,watershed;50,infiltration;50,energy;40,Find the supplies crate;2,Find the Ruins","U4,U4_Collectibles,U4_Quests,U4_MilitaryBase","0.11.141","TaskActiveEvent",80,"Scan the Armory Depth",NA
"1856","5c72f615e4194c47a15a1344",4,"Development","8d703246-39e0-4ff5-aef9-ec166f84d182","JG4 UX4",183,"2019-02-24 07:52:47","WindowsPlayer",NA,11,"TaskEvent",0,"0.11.141",-593.002563476562,736.034912109375,62.2058296203613,-0.951169192790985,-0.308003067970276,-0.0202834568917751,"Find Toppo's Posters,Crash Diagnostics - Mountains,History of WAT247,U3 - Crash Side Quest P3,Alien Village","49,poster1;49,poster4;49,poster5;49,poster6;46,jasper;50,watershed;50,infiltration;50,energy;40,Find the supplies crate;2,Find the Ruins","U4,U4_Collectibles,U4_Quests,U4_MilitaryBase","0.11.141","TaskProgressEvent",80,"Scan the Amory Floor",1
"1857","5c72f646e4194c47a15a1403",4,"Development","8d703246-39e0-4ff5-aef9-ec166f84d182","JG4 UX4",183,"2019-02-24 07:43:53","WindowsPlayer",NA,11,"TaskEvent",0,"0.11.141",-200.822738647461,-122.842842102051,56.4889984130859,-0.752413988113403,-0.658690929412842,0,"Find Toppo's Posters,Crash Diagnostics - Mountains,History of WAT247,Collect all the Pumps in the Alien Facility","49,poster1;49,poster4;49,poster5;49,poster6;46,jasper;50,watershed;50,infiltration;50,energy;75,BackToGardens","U3_Dungeon_Side_Quest","0.11.141","TaskCompleteEvent",80,"Scan the Amory Floor",NA
"1858","5c72f647e4194c47a15a140f",4,"Development","8d703246-39e0-4ff5-aef9-ec166f84d182","JG4 UX4",183,"2019-02-24 07:43:53","WindowsPlayer",NA,11,"TaskEvent",0,"0.11.141",-200.822738647461,-122.842842102051,56.4889984130859,-0.752413988113403,-0.658690929412842,0,"Find Toppo's Posters,Crash Diagnostics - Mountains,History of WAT247,Collect all the Pumps in the Alien Facility,Strange Gardening","49,poster1;49,poster4;49,poster5;49,poster6;46,jasper;50,watershed;50,infiltration;50,energy","U3_Dungeon_Side_Quest","0.11.141","TaskCompleteEvent",80,"Scan the Armory Depth",NA
"1859","5c72f647e4194c47a15a1411",4,"Development","8d703246-39e0-4ff5-aef9-ec166f84d182","JG4 UX4",183,"2019-02-24 07:43:53","WindowsPlayer",NA,11,"TaskEvent",0,"0.11.141",-200.822738647461,-122.842842102051,56.4889984130859,-0.752413988113403,-0.658690929412842,0,"Find Toppo's Posters,Crash Diagnostics - Mountains,History of WAT247,Strange Gardening","49,poster1;49,poster4;49,poster5;49,poster6;46,jasper;50,watershed;50,infiltration;50,energy;25,Install Pumps","U3_Dungeon_Side_Quest","0.11.141","TaskProgressEvent",80,"Scan the Armory Depth",1
"1860","5c72f6fae4194c47a15a16e6",4,"Development","8d703246-39e0-4ff5-aef9-ec166f84d182","JG4 UX4",183,"2019-02-24 07:56:39","WindowsPlayer",NA,11,"TaskEvent",0,"0.11.141",749.506408691406,586.064819335938,63.1911506652832,0.020258404314518,0.999794661998749,0.000431970722274855,"Find Toppo's Posters,Crash Diagnostics - Mountains,History of WAT247,U3 - Crash Side Quest P3,Alien Village,U4 - Crash Side Quest P5,U4 - Crash Side Quest P6","49,poster1;49,poster5;49,poster6;46,jasper;50,watershed;50,infiltration;50,energy;40,Find the supplies crate;2,Find the Ruins","U4,U4_Collectibles,U4_Quests","0.11.141","TaskActiveEvent",81,"Scan the Living Quarters Ceiling",NA
"1861","5c72f6fae4194c47a15a16e7",4,"Development","8d703246-39e0-4ff5-aef9-ec166f84d182","JG4 UX4",183,"2019-02-24 07:56:39","WindowsPlayer",NA,11,"TaskEvent",0,"0.11.141",749.506408691406,586.064819335938,63.1911506652832,0.020258404314518,0.999794661998749,0.000431970722274855,"Find Toppo's Posters,Crash Diagnostics - Mountains,History of WAT247,U3 - Crash Side Quest P3,Alien Village,U4 - Crash Side Quest P6","49,poster1;49,poster5;49,poster6;46,jasper;50,watershed;50,infiltration;50,energy;40,Find the supplies crate;2,Find the Ruins;47,Locate the lab","U4,U4_Collectibles,U4_Quests","0.11.141","TaskProgressEvent",81,"Scan the Living Quarters Ceiling",1
"1862","5c72f6fbe4194c47a15a16e9",4,"Development","8d703246-39e0-4ff5-aef9-ec166f84d182","JG4 UX4",183,"2019-02-24 07:56:39","WindowsPlayer",NA,11,"TaskEvent",0,"0.11.141",749.506408691406,586.064819335938,63.1911506652832,0.020258404314518,0.999794661998749,0.000431970722274855,"Find Toppo's Posters,Crash Diagnostics - Mountains,History of WAT247,U3 - Crash Side Quest P3,Alien Village,U4 - Crash Side Quest P5","49,poster1;49,poster5;49,poster6;46,jasper;50,watershed;50,infiltration;50,energy;40,Find the supplies crate;2,Find the Ruins;42,Locate the Beacon","U4,U4_Collectibles,U4_Quests","0.11.141","TaskActiveEvent",81,"Scan the Living Quarters Floor",NA
"1863","5c72f704e4194c47a15a1709",4,"Development","8d703246-39e0-4ff5-aef9-ec166f84d182","JG4 UX4",183,"2019-02-24 07:39:59","WindowsPlayer",NA,11,"TaskEvent",0,"0.11.141",-167.054214477539,-106.141639709473,52.2377281188965,0.962217926979065,0.272280335426331,0,"Find Toppo's Posters,Crash Diagnostics - Mountains,History of WAT247,Collect all the Pumps in the Alien Facility","49,poster1;49,poster4;49,poster5;49,poster6;46,jasper;50,watershed;50,infiltration;50,energy;75,Pump1","U3_Dungeon_Side_Quest","0.11.141","TaskCompleteEvent",81,"Scan the Living Quarters Ceiling",NA
"1864","5c72f705e4194c47a15a1710",4,"Development","8d703246-39e0-4ff5-aef9-ec166f84d182","JG4 UX4",183,"2019-02-24 07:39:59","WindowsPlayer",NA,11,"TaskEvent",0,"0.11.141",-167.054214477539,-106.141639709473,52.2377281188965,0.962217926979065,0.272280335426331,0,"Find Toppo's Posters,Crash Diagnostics - Mountains,History of WAT247,Collect all the Pumps in the Alien Facility","49,poster1;49,poster4;49,poster5;49,poster6;46,jasper;50,watershed;50,infiltration;50,energy;75,Pump1","U3_Dungeon_Side_Quest","0.11.141","TaskActiveEvent",81,"Scan the Living Quarters Depth",NA
"1865","5c72f705e4194c47a15a1711",4,"Development","8d703246-39e0-4ff5-aef9-ec166f84d182","JG4 UX4",183,"2019-02-24 07:39:59","WindowsPlayer",NA,11,"TaskEvent",0,"0.11.141",-167.054214477539,-106.141639709473,52.2377281188965,0.962217926979065,0.272280335426331,0,"Find Toppo's Posters,Crash Diagnostics - Mountains,History of WAT247,Collect all the Pumps in the Alien Facility","49,poster1;49,poster4;49,poster5;49,poster6;46,jasper;50,watershed;50,infiltration;50,energy;75,Pump1;75,Pump2","U3_Dungeon_Side_Quest","0.11.141","TaskProgressEvent",81,"Scan the Living Quarters Floor",1
"1866","5c72f76ee4194c47a15a18b3",4,"Development","8d703246-39e0-4ff5-aef9-ec166f84d182","JG4 UX4",183,"2019-02-24 07:58:03","WindowsPlayer",NA,11,"TaskEvent",0,"0.11.141",866.216369628906,-223.834106445312,88.6916656494141,0.713565230369568,-0.700423359870911,0.0152166355401278,"Find Toppo's Posters,Crash Diagnostics - Mountains,History of WAT247,U3 - Crash Side Quest P3,Alien Village,U4 - Crash Side Quest P6","49,poster1;49,poster5;49,poster6;46,jasper;50,watershed;50,infiltration;50,energy;40,Find the supplies crate;2,Find the Ruins;47,Locate the lab","U4,U4_Collectibles,U4_Quests","0.11.141","TaskCompleteEvent",81,"Scan the Living Quarters Floor",NA
"1867","5c72f76ee4194c47a15a18b7",4,"Development","8d703246-39e0-4ff5-aef9-ec166f84d182","JG4 UX4",183,"2019-02-24 07:58:03","WindowsPlayer",NA,11,"TaskEvent",0,"0.11.141",866.216369628906,-223.834106445312,88.6916656494141,0.713565230369568,-0.700423359870911,0.0152166355401278,"Find Toppo's Posters,Crash Diagnostics - Mountains,History of WAT247,U3 - Crash Side Quest P3,Alien Village","49,poster1;49,poster5;49,poster6;46,jasper;50,watershed;50,infiltration;50,energy;40,Find the supplies crate;2,Find the Ruins","U4,U4_Collectibles,U4_Quests","0.11.141","TaskCompleteEvent",81,"Scan the Living Quarters Depth",NA
"1868","5c72f841e4194c47a15a1bf6",4,"Development","8d703246-39e0-4ff5-aef9-ec166f84d182","JG4 UX4",183,"2019-02-24 08:02:03","WindowsPlayer",NA,11,"TaskEvent",0,"0.11.141",169.295791625977,-648.168212890625,43.0693168640137,0.122516475617886,-0.992463171482086,0.00261269276961684,"Find Toppo's Posters,Crash Diagnostics - Mountains,History of WAT247,U3 - Crash Side Quest P3,Alien Village","49,poster1;49,poster5;49,poster6;46,jasper;50,watershed;50,infiltration;50,energy;40,Find the supplies crate;2,Find the Ruins","U4,U4_Collectibles,U4_Quests,U4_AlienRuins","0.11.141","TaskActiveEvent",82,"Scan the Mess Hall Ceiling",NA
"1869","5c72f841e4194c47a15a1bf7",4,"Development","8d703246-39e0-4ff5-aef9-ec166f84d182","JG4 UX4",183,"2019-02-24 08:02:03","WindowsPlayer",NA,11,"TaskEvent",0,"0.11.141",169.295791625977,-648.168212890625,43.0693168640137,0.122516475617886,-0.992463171482086,0.00261269276961684,"Find Toppo's Posters,Crash Diagnostics - Mountains,History of WAT247,U3 - Crash Side Quest P3,Alien Village","49,poster1;49,poster5;49,poster6;46,jasper;50,watershed;50,infiltration;50,energy;40,Find the supplies crate;2,Find the Ruins;2,Unlock the Door","U4,U4_Collectibles,U4_Quests,U4_AlienRuins","0.11.141","TaskProgressEvent",81,"Scan the Living Quarters Depth",1
"1870","5c72f841e4194c47a15a1bff",4,"Development","8d703246-39e0-4ff5-aef9-ec166f84d182","JG4 UX4",183,"2019-02-24 08:02:03","WindowsPlayer",NA,11,"TaskEvent",0,"0.11.141",169.295791625977,-648.168212890625,43.0693168640137,0.122516475617886,-0.992463171482086,0.00261269276961684,"Find Toppo's Posters,Crash Diagnostics - Mountains,History of WAT247,U3 - Crash Side Quest P3,Alien Village","49,poster1;49,poster5;49,poster6;46,jasper;50,watershed;50,infiltration;50,energy;40,Find the supplies crate;2,Find the Ruins","U4,U4_Collectibles,U4_Quests,U4_AlienRuins","0.11.141","TaskProgressEvent",82,"Scan the Mess Hall Ceiling",1
"1871","5c72f880e4194c47a15a1ce9",4,"Development","8d703246-39e0-4ff5-aef9-ec166f84d182","JG4 UX4",183,"2019-02-24 08:02:56","WindowsPlayer",NA,11,"TaskEvent",0,"0.11.141",171.719635009766,-686.695739746094,40.9909858703613,-0.258103489875793,-0.966101825237274,-0.0055039469152689,"Find Toppo's Posters,Crash Diagnostics - Mountains,History of WAT247,U3 - Crash Side Quest P3,Alien Village","49,poster1;49,poster5;49,poster6;46,jasper;50,watershed;50,infiltration;50,energy;40,Find the supplies crate;2,Unlock the Door","U4,U4_Collectibles,U4_Quests,U4_AlienRuins","0.11.141","TaskActiveEvent",82,"Scan the Mess Hall Floor",NA
"1872","5c72f881e4194c47a15a1cf0",4,"Development","8d703246-39e0-4ff5-aef9-ec166f84d182","JG4 UX4",183,"2019-02-24 08:02:56","WindowsPlayer",NA,11,"TaskEvent",0,"0.11.141",171.719635009766,-686.695739746094,40.9909858703613,-0.258103489875793,-0.966101825237274,-0.0055039469152689,"Find Toppo's Posters,Crash Diagnostics - Mountains,History of WAT247,U3 - Crash Side Quest P3,Alien Village","49,poster1;49,poster5;49,poster6;46,jasper;50,watershed;50,infiltration;50,energy;40,Find the supplies crate;2,Unlock the Door","U4,U4_Collectibles,U4_Quests,U4_AlienRuins","0.11.141","TaskCompleteEvent",82,"Scan the Mess Hall Ceiling",NA
"1873","5c72f881e4194c47a15a1cf1",4,"Development","8d703246-39e0-4ff5-aef9-ec166f84d182","JG4 UX4",183,"2019-02-24 08:02:56","WindowsPlayer",NA,11,"TaskEvent",0,"0.11.141",171.719635009766,-686.695739746094,40.9909858703613,-0.258103489875793,-0.966101825237274,-0.0055039469152689,"Find Toppo's Posters,Crash Diagnostics - Mountains,History of WAT247,U3 - Crash Side Quest P3,Alien Village","49,poster1;49,poster5;49,poster6;46,jasper;50,watershed;50,infiltration;50,energy;40,Find the supplies crate;2,Unlock the Door;2,Enter the Building","U4,U4_Collectibles,U4_Quests,U4_AlienRuins","0.11.141","TaskActiveEvent",82,"Scan the Mess Hall Depth",NA
"1874","5c72f88fe4194c47a15a1d21",4,"Development","8d703246-39e0-4ff5-aef9-ec166f84d182","JG4 UX4",183,"2019-02-24 08:03:19","WindowsPlayer",NA,11,"TaskEvent",0,"0.11.141",179.150512695312,-724.192504882812,-73.0407180786133,-0.796167373657227,-0.605076551437378,0,"Find Toppo's Posters,Crash Diagnostics - Mountains,History of WAT247,U3 - Crash Side Quest P3,Alien Village,The Ruins","49,poster1;49,poster5;49,poster6;46,jasper;50,watershed;50,infiltration;50,energy;40,Find the supplies crate","U4_DrillRoomV2,U4_DrillRoomV2_Quests","0.11.141","TaskCompleteEvent",82,"Scan the Mess Hall Floor",NA
"1875","5c72f88fe4194c47a15a1d22",4,"Development","8d703246-39e0-4ff5-aef9-ec166f84d182","JG4 UX4",183,"2019-02-24 08:03:19","WindowsPlayer",NA,11,"TaskEvent",0,"0.11.141",179.150512695312,-724.192504882812,-73.0407180786133,-0.796167373657227,-0.605076551437378,0,"Find Toppo's Posters,Crash Diagnostics - Mountains,History of WAT247,U3 - Crash Side Quest P3,The Ruins","49,poster1;49,poster5;49,poster6;46,jasper;50,watershed;50,infiltration;50,energy;40,Find the supplies crate;3,Restore Power to B5","U4_DrillRoomV2,U4_DrillRoomV2_Quests","0.11.141","TaskProgressEvent",82,"Scan the Mess Hall Floor",1
"1876","5c72f88fe4194c47a15a1d28",4,"Development","8d703246-39e0-4ff5-aef9-ec166f84d182","JG4 UX4",183,"2019-02-24 08:03:19","WindowsPlayer",NA,11,"TaskEvent",0,"0.11.141",179.150512695312,-724.192504882812,-73.0407180786133,-0.796167373657227,-0.605076551437378,0,"Find Toppo's Posters,Crash Diagnostics - Mountains,History of WAT247,U3 - Crash Side Quest P3,Alien Village","49,poster1;49,poster5;49,poster6;46,jasper;50,watershed;50,infiltration;50,energy;40,Find the supplies crate;2,Try the Controls","U4_DrillRoomV2,U4_DrillRoomV2_Quests","0.11.141","TaskCompleteEvent",82,"Scan the Mess Hall Depth",NA
"1877","5c72f8d0e4194c47a15a1de7",4,"Development","8d703246-39e0-4ff5-aef9-ec166f84d182","JG4 UX4",183,"2019-02-24 08:03:08","WindowsPlayer",NA,11,"TaskEvent",0,"0.11.141",164.583038330078,-691.125305175781,41.2843017578125,-0.198656424880028,-0.980060160160065,-0.00423624832183123,"Find Toppo's Posters,Crash Diagnostics - Mountains,History of WAT247,U3 - Crash Side Quest P3,Alien Village","49,poster1;49,poster5;49,poster6;46,jasper;50,watershed;50,infiltration;50,energy;40,Find the supplies crate;2,Enter the Building","U4,U4_Collectibles,U4_Quests,U4_AlienRuins,U4_DrillRoomV2","0.11.141","TaskProgressEvent",82,"Scan the Mess Hall Depth",1
"1878","5c72f8d0e4194c47a15a1df2",4,"Development","8d703246-39e0-4ff5-aef9-ec166f84d182","JG4 UX4",183,"2019-02-24 08:03:08","WindowsPlayer",NA,11,"TaskEvent",0,"0.11.141",164.583038330078,-691.125305175781,41.2843017578125,-0.198656424880028,-0.980060160160065,-0.00423624832183123,"Find Toppo's Posters,Crash Diagnostics - Mountains,History of WAT247,U3 - Crash Side Quest P3,Alien Village","49,poster1;49,poster5;49,poster6;46,jasper;50,watershed;50,infiltration;50,energy;40,Find the supplies crate;2,Enter the Building","U4,U4_Collectibles,U4_Quests,U4_AlienRuins,U4_DrillRoomV2","0.11.141","TaskActiveEvent",83,"Scan the Warehouse Ceiling",NA
"1879","5c72f8d0e4194c47a15a1df3",4,"Development","8d703246-39e0-4ff5-aef9-ec166f84d182","JG4 UX4",183,"2019-02-24 08:03:08","WindowsPlayer",NA,11,"TaskEvent",0,"0.11.141",164.583038330078,-691.125305175781,41.2843017578125,-0.198656424880028,-0.980060160160065,-0.00423624832183123,"Find Toppo's Posters,Crash Diagnostics - Mountains,History of WAT247,U3 - Crash Side Quest P3,Alien Village","49,poster1;49,poster5;49,poster6;46,jasper;50,watershed;50,infiltration;50,energy;40,Find the supplies crate;2,Enter the Building;2,Try the Controls","U4,U4_Collectibles,U4_Quests,U4_AlienRuins,U4_DrillRoomV2","0.11.141","TaskProgressEvent",83,"Scan the Warehouse Ceiling",1
"1880","5c72f97ae4194c47a15a209c",4,"Development","8d703246-39e0-4ff5-aef9-ec166f84d182","JG4 UX4",183,"2019-02-24 08:07:01","WindowsPlayer",NA,11,"TaskEvent",0,"0.11.141",59.1554908752441,32.9813041687012,14.4796266555786,-0.974761068820953,0.2232506275177,0,"Find Toppo's Posters,Crash Diagnostics - Mountains,History of WAT247,U3 - Crash Side Quest P3,The Ruins","49,poster1;49,poster5;49,poster6;46,jasper;50,watershed;50,infiltration;50,energy;40,Find the supplies crate;3,Restore Power to B3;3,Restore Power to B2","U4_Dungeon,U4_Dungeon_Quests","0.11.141","TaskActiveEvent",83,"Scan the Warehouse Floor",NA
"1881","5c72f97ae4194c47a15a20a5",4,"Development","8d703246-39e0-4ff5-aef9-ec166f84d182","JG4 UX4",183,"2019-02-24 08:07:01","WindowsPlayer",NA,11,"TaskEvent",0,"0.11.141",59.1554908752441,32.9813041687012,14.4796266555786,-0.974761068820953,0.2232506275177,0,"Find Toppo's Posters,Crash Diagnostics - Mountains,History of WAT247,U3 - Crash Side Quest P3,The Ruins","49,poster1;49,poster5;49,poster6;46,jasper;50,watershed;50,infiltration;50,energy;40,Find the supplies crate;3,Restore Power to B3","U4_Dungeon,U4_Dungeon_Quests","0.11.141","TaskCompleteEvent",83,"Scan the Warehouse Ceiling",NA
"1882","5c72f97ae4194c47a15a20a6",4,"Development","8d703246-39e0-4ff5-aef9-ec166f84d182","JG4 UX4",183,"2019-02-24 08:07:01","WindowsPlayer",NA,11,"TaskEvent",0,"0.11.141",59.1554908752441,32.9813041687012,14.4796266555786,-0.974761068820953,0.2232506275177,0,"Find Toppo's Posters,Crash Diagnostics - Mountains,History of WAT247,U3 - Crash Side Quest P3,The Ruins","49,poster1;49,poster5;49,poster6;46,jasper;50,watershed;50,infiltration;50,energy;40,Find the supplies crate;3,Restore Power to B3","U4_Dungeon,U4_Dungeon_Quests","0.11.141","TaskProgressEvent",83,"Scan the Warehouse Floor",1
"1883","5c72fa90e4194c47a15a24f1",4,"Development","8d703246-39e0-4ff5-aef9-ec166f84d182","JG4 UX4",183,"2019-02-24 08:11:55","WindowsPlayer",NA,11,"TaskEvent",0,"0.11.141",177.99674987793,-724.053161621094,-72.9268188476562,-0.808664500713348,-0.58827006816864,0,"Find Toppo's Posters,Crash Diagnostics - Mountains,History of WAT247,U3 - Crash Side Quest P3,The Fountain","49,poster1;49,poster5;49,poster6;46,jasper;50,watershed;50,infiltration;50,energy;40,Find the supplies crate;5,Retry the Controls;5,Drill to the Water Table","U4_DrillRoomV2,U4_DrillRoomV2_Quests","0.11.141","TaskActiveEvent",83,"Scan the Warehouse Depth",NA
"1884","5c72fa90e4194c47a15a24f8",4,"Development","8d703246-39e0-4ff5-aef9-ec166f84d182","JG4 UX4",183,"2019-02-24 08:11:55","WindowsPlayer",NA,11,"TaskEvent",0,"0.11.141",177.99674987793,-724.053161621094,-72.9268188476562,-0.808664500713348,-0.58827006816864,0,"Find Toppo's Posters,Crash Diagnostics - Mountains,History of WAT247,U3 - Crash Side Quest P3,The Fountain","49,poster1;49,poster5;49,poster6;46,jasper;50,watershed;50,infiltration;50,energy;40,Find the supplies crate;5,Retry the Controls","U4_DrillRoomV2,U4_DrillRoomV2_Quests","0.11.141","TaskCompleteEvent",83,"Scan the Warehouse Floor",NA
"1885","5c72fa90e4194c47a15a24f9",4,"Development","8d703246-39e0-4ff5-aef9-ec166f84d182","JG4 UX4",183,"2019-02-24 08:11:55","WindowsPlayer",NA,11,"TaskEvent",0,"0.11.141",177.99674987793,-724.053161621094,-72.9268188476562,-0.808664500713348,-0.58827006816864,0,"Find Toppo's Posters,Crash Diagnostics - Mountains,History of WAT247,U3 - Crash Side Quest P3,The Fountain","49,poster1;49,poster5;49,poster6;46,jasper;50,watershed;50,infiltration;50,energy;40,Find the supplies crate;5,Retry the Controls","U4_DrillRoomV2,U4_DrillRoomV2_Quests","0.11.141","TaskActiveEvent",12,"Who Flooded the Armory?",NA
"1886","5c72faf8e4194c47a15a2675",4,"Development","8d703246-39e0-4ff5-aef9-ec166f84d182","JG4 UX4",183,"2019-02-24 08:13:11","WindowsPlayer",NA,11,"TaskEvent",0,"0.11.141",152.570129394531,-603.189758300781,43.3043479919434,-0.894443392753601,0.447181284427643,0,"Find Toppo's Posters,Crash Diagnostics - Mountains,History of WAT247,U3 - Crash Side Quest P3,The Fountain,Flooding in the Bunker","49,poster1;49,poster5;49,poster6;46,jasper;50,watershed;50,infiltration;50,energy;40,Find the supplies crate","U4,U4_Collectibles,U4_Quests,U4_MilitaryBase,U4_AlienRuins","0.11.141","TaskProgressEvent",83,"Scan the Warehouse Depth",1
"1887","5c72faf8e4194c47a15a267a",4,"Development","8d703246-39e0-4ff5-aef9-ec166f84d182","JG4 UX4",183,"2019-02-24 08:13:11","WindowsPlayer",NA,11,"TaskEvent",0,"0.11.141",152.570129394531,-603.189758300781,43.3043479919434,-0.894443392753601,0.447181284427643,0,"Find Toppo's Posters,Crash Diagnostics - Mountains,History of WAT247,U3 - Crash Side Quest P3,The Fountain","49,poster1;49,poster5;49,poster6;46,jasper;50,watershed;50,infiltration;50,energy;40,Find the supplies crate;5,Direct the irrigation","U4,U4_Collectibles,U4_Quests,U4_MilitaryBase,U4_AlienRuins","0.11.141","TaskCompleteEvent",83,"Scan the Warehouse Depth",NA
"1888","5c72faf8e4194c47a15a267e",4,"Development","8d703246-39e0-4ff5-aef9-ec166f84d182","JG4 UX4",183,"2019-02-24 08:13:11","WindowsPlayer",NA,11,"TaskEvent",0,"0.11.141",152.570129394531,-603.189758300781,43.3043479919434,-0.894443392753601,0.447181284427643,0,"Find Toppo's Posters,Crash Diagnostics - Mountains,History of WAT247,U3 - Crash Side Quest P3,Flooding in the Bunker","49,poster1;49,poster5;49,poster6;46,jasper;50,watershed;50,infiltration;50,energy;40,Find the supplies crate;6,Head Inside the Bunker","U4,U4_Collectibles,U4_Quests,U4_MilitaryBase,U4_AlienRuins","0.11.141","TaskProgressEvent",12,"Who Flooded the Armory?",1
"1889","5c72fb43e4194c47a15a2799",4,"Development","8d703246-39e0-4ff5-aef9-ec166f84d182","JG4 UX4",183,"2019-02-24 08:12:17","WindowsPlayer",NA,11,"TaskEvent",0,"0.11.141",177.99674987793,-724.053161621094,-72.9268188476562,-0.808664500713348,-0.58827006816864,0,"Find Toppo's Posters,Crash Diagnostics - Mountains,History of WAT247,U3 - Crash Side Quest P3,The Fountain","49,poster1;49,poster5;49,poster6;46,jasper;50,watershed;50,infiltration;50,energy;40,Find the supplies crate;5,Drill to the Water Table","U4_DrillRoomV2,U4_DrillRoomV2_Quests","0.11.141","TaskActiveEvent",12,"Who Flooded the Warehouse?",NA
"1890","5c72fb43e4194c47a15a279a",4,"Development","8d703246-39e0-4ff5-aef9-ec166f84d182","JG4 UX4",183,"2019-02-24 08:12:17","WindowsPlayer",NA,11,"TaskEvent",0,"0.11.141",177.99674987793,-724.053161621094,-72.9268188476562,-0.808664500713348,-0.58827006816864,0,"Find Toppo's Posters,Crash Diagnostics - Mountains,History of WAT247,U3 - Crash Side Quest P3,The Fountain","49,poster1;49,poster5;49,poster6;46,jasper;50,watershed;50,infiltration;50,energy;40,Find the supplies crate;5,Drill to the Water Table","U4_DrillRoomV2,U4_DrillRoomV2_Quests","0.11.141","TaskCompleteEvent",12,"Who Flooded the Armory?",NA
"1891","5c72fb43e4194c47a15a279b",4,"Development","8d703246-39e0-4ff5-aef9-ec166f84d182","JG4 UX4",183,"2019-02-24 08:12:17","WindowsPlayer",NA,11,"TaskEvent",0,"0.11.141",177.99674987793,-724.053161621094,-72.9268188476562,-0.808664500713348,-0.58827006816864,0,"Find Toppo's Posters,Crash Diagnostics - Mountains,History of WAT247,U3 - Crash Side Quest P3,The Fountain","49,poster1;49,poster5;49,poster6;46,jasper;50,watershed;50,infiltration;50,energy;40,Find the supplies crate;5,Drill to the Water Table;5,Direct the irrigation","U4_DrillRoomV2,U4_DrillRoomV2_Quests","0.11.141","TaskProgressEvent",12,"Who Flooded the Warehouse?",1
"1892","5c72fb78e4194c47a15a2861",4,"Development","8d703246-39e0-4ff5-aef9-ec166f84d182","JG4 UX4",183,"2019-02-24 08:15:37","WindowsPlayer",NA,11,"TaskEvent",0,"0.11.141",-575.103515625,-15.7018394470215,27.2647151947021,0.03380012139678,-0.999428749084473,0,"Find Toppo's Posters,Crash Diagnostics - Mountains,History of WAT247,U3 - Crash Side Quest P3,Flooding in the Bunker","49,poster1;49,poster5;49,poster6;46,jasper;50,watershed;50,infiltration;50,energy;40,Find the supplies crate;6,Head Inside the Bunker","U4,U4_Collectibles,U4_Quests,U4_MilitaryBase,U4_Bunker","0.11.141","TaskActiveEvent",13,"deactivate",NA
"1893","5c72fb78e4194c47a15a2863",4,"Development","8d703246-39e0-4ff5-aef9-ec166f84d182","JG4 UX4",183,"2019-02-24 08:15:37","WindowsPlayer",NA,11,"TaskEvent",0,"0.11.141",-575.103515625,-15.7018394470215,27.2647151947021,0.03380012139678,-0.999428749084473,0,"Find Toppo's Posters,Crash Diagnostics - Mountains,History of WAT247,U3 - Crash Side Quest P3,Flooding in the Bunker","49,poster1;49,poster5;49,poster6;46,jasper;50,watershed;50,infiltration;50,energy;40,Find the supplies crate;6,Head Inside the Bunker","U4,U4_Collectibles,U4_Quests,U4_MilitaryBase,U4_Bunker","0.11.141","TaskCompleteEvent",12,"Who Flooded the Warehouse?",NA
"1894","5c72fb78e4194c47a15a2864",4,"Development","8d703246-39e0-4ff5-aef9-ec166f84d182","JG4 UX4",183,"2019-02-24 08:15:37","WindowsPlayer",NA,11,"TaskEvent",0,"0.11.141",-575.103515625,-15.7018394470215,27.2647151947021,0.03380012139678,-0.999428749084473,0,"Find Toppo's Posters,Crash Diagnostics - Mountains,History of WAT247,U3 - Crash Side Quest P3,Flooding in the Bunker","49,poster1;49,poster5;49,poster6;46,jasper;50,watershed;50,infiltration;50,energy;40,Find the supplies crate;6,Head Inside the Bunker;6,Investigate the Flood","U4,U4_Collectibles,U4_Quests,U4_MilitaryBase,U4_Bunker","0.11.141","TaskProgressEvent",13,"deactivate",1
"1895","5c72fb83e4194c47a15a288f",4,"Development","8d703246-39e0-4ff5-aef9-ec166f84d182","JG4 UX4",183,"2019-02-24 08:05:01","WindowsPlayer",NA,11,"TaskEvent",0,"0.11.141",52.9134292602539,-4.57241868972778,3.98000001907349,0.976296067237854,0.216439366340637,0,"Find Toppo's Posters,Crash Diagnostics - Mountains,History of WAT247,U3 - Crash Side Quest P3,The Ruins","49,poster1;49,poster5;49,poster6;46,jasper;50,watershed;50,infiltration;50,energy;40,Find the supplies crate;3,Restore Power to B5","U4_Dungeon,U4_Dungeon_Quests","0.11.141","TaskActiveEvent",13,"report",NA
"1896","5c72fb83e4194c47a15a2896",4,"Development","8d703246-39e0-4ff5-aef9-ec166f84d182","JG4 UX4",183,"2019-02-24 08:05:01","WindowsPlayer",NA,11,"TaskEvent",0,"0.11.141",52.9134292602539,-4.57241868972778,3.98000001907349,0.976296067237854,0.216439366340637,0,"Find Toppo's Posters,Crash Diagnostics - Mountains,History of WAT247,U3 - Crash Side Quest P3,The Ruins","49,poster1;49,poster5;49,poster6;46,jasper;50,watershed;50,infiltration;50,energy;40,Find the supplies crate;3,Restore Power to B5","U4_Dungeon,U4_Dungeon_Quests","0.11.141","TaskCompleteEvent",13,"deactivate",NA
"1897","5c72fb83e4194c47a15a2897",4,"Development","8d703246-39e0-4ff5-aef9-ec166f84d182","JG4 UX4",183,"2019-02-24 08:05:01","WindowsPlayer",NA,11,"TaskEvent",0,"0.11.141",52.9134292602539,-4.57241868972778,3.98000001907349,0.976296067237854,0.216439366340637,0,"Find Toppo's Posters,Crash Diagnostics - Mountains,History of WAT247,U3 - Crash Side Quest P3,The Ruins","49,poster1;49,poster5;49,poster6;46,jasper;50,watershed;50,infiltration;50,energy;40,Find the supplies crate;3,Restore Power to B5;3,Restore Power to B4","U4_Dungeon,U4_Dungeon_Quests","0.11.141","TaskActiveEvent",50,"dissolved materials",NA
"1898","5c72fb87e4194c47a15a28a0",4,"Development","8d703246-39e0-4ff5-aef9-ec166f84d182","JG4 UX4",183,"2019-02-24 08:11:47","WindowsPlayer",NA,11,"TaskEvent",0,"0.11.141",-81.2130813598633,167.192092895508,30.2296581268311,-0.0871526226401329,0.996194958686829,0,"Find Toppo's Posters,Crash Diagnostics - Mountains,History of WAT247,U3 - Crash Side Quest P3,The Ruins,The Fountain","49,poster1;49,poster5;49,poster6;46,jasper;50,watershed;50,infiltration;50,energy;40,Find the supplies crate","U4_Dungeon,U4_Dungeon_Quests","0.11.141","TaskActiveEvent",50,"infiltration",NA
"1899","5c72fb88e4194c47a15a28a1",4,"Development","8d703246-39e0-4ff5-aef9-ec166f84d182","JG4 UX4",183,"2019-02-24 08:11:47","WindowsPlayer",NA,11,"TaskEvent",0,"0.11.141",-81.2130813598633,167.192092895508,30.2296581268311,-0.0871526226401329,0.996194958686829,0,"Find Toppo's Posters,Crash Diagnostics - Mountains,History of WAT247,U3 - Crash Side Quest P3,The Fountain","49,poster1;49,poster5;49,poster6;46,jasper;50,watershed;50,infiltration;50,energy;40,Find the supplies crate;5,Retry the Controls","U4_Dungeon,U4_Dungeon_Quests","0.11.141","TaskCompleteEvent",57,"Meet up with Sam",NA
"1900","5c72fb88e4194c47a15a28ac",4,"Development","8d703246-39e0-4ff5-aef9-ec166f84d182","JG4 UX4",183,"2019-02-24 08:11:47","WindowsPlayer",NA,11,"TaskEvent",0,"0.11.141",-81.2130813598633,167.192092895508,30.2296581268311,-0.0871526226401329,0.996194958686829,0,"Find Toppo's Posters,Crash Diagnostics - Mountains,History of WAT247,U3 - Crash Side Quest P3,The Ruins","49,poster1;49,poster5;49,poster6;46,jasper;50,watershed;50,infiltration;50,energy;40,Find the supplies crate;3,Restore Power to B1","U4_Dungeon,U4_Dungeon_Quests","0.11.141","TaskActiveEvent",27,"Talk with Sam",NA
"1901","5c72fbc4e4194c47a15a2990",4,"Development","8d703246-39e0-4ff5-aef9-ec166f84d182","JG4 UX4",183,"2019-02-24 08:16:58","WindowsPlayer",NA,11,"TaskEvent",0,"0.11.141",31.9142608642578,14.6098327636719,-7.41999959945679,-0.898794174194336,0.438371002674103,0,"Find Toppo's Posters,Crash Diagnostics - Mountains,History of WAT247,U3 - Crash Side Quest P3,Checking the Armory","49,poster1;49,poster5;49,poster6;46,jasper;50,watershed;50,infiltration;50,energy;40,Find the supplies crate;80,Scan the Armory Ceiling","U4_Bunker,U4_Bunker_Quests","0.11.141","TaskActiveEvent",50,"watershed",NA
"1902","5c72fbc4e4194c47a15a2991",4,"Development","8d703246-39e0-4ff5-aef9-ec166f84d182","JG4 UX4",183,"2019-02-24 08:16:58","WindowsPlayer",NA,11,"TaskEvent",0,"0.11.141",31.9142608642578,14.6098327636719,-7.41999959945679,-0.898794174194336,0.438371002674103,0,"Find Toppo's Posters,Crash Diagnostics - Mountains,History of WAT247,U3 - Crash Side Quest P3,Checking the Armory","49,poster1;49,poster5;49,poster6;46,jasper;50,watershed;50,infiltration;50,energy;40,Find the supplies crate;80,Scan the Armory Ceiling","U4_Bunker,U4_Bunker_Quests","0.11.141","TaskProgressEvent",57,"Meet up with Sam",1
"1903","5c72fbc4e4194c47a15a299b",4,"Development","8d703246-39e0-4ff5-aef9-ec166f84d182","JG4 UX4",183,"2019-02-24 08:16:58","WindowsPlayer",NA,11,"TaskEvent",0,"0.11.141",31.9142608642578,14.6098327636719,-7.41999959945679,-0.898794174194336,0.438371002674103,0,"Find Toppo's Posters,Crash Diagnostics - Mountains,History of WAT247,U3 - Crash Side Quest P3,Checking the Armory","49,poster1;49,poster5;49,poster6;46,jasper;50,watershed;50,infiltration;50,energy;40,Find the supplies crate;80,Scan the Armory Ceiling;80,Scan the Amory Floor","U4_Bunker,U4_Bunker_Quests","0.11.141","TaskActiveEvent",50,"energy",NA
"1904","5c72fbdde4194c47a15a29fc",4,"Development","8d703246-39e0-4ff5-aef9-ec166f84d182","JG4 UX4",183,"2019-02-24 08:17:06","WindowsPlayer",NA,11,"TaskEvent",0,"0.11.141",43.9347267150879,14.5415344238281,-7.41999959945679,0.93232399225235,-0.361624717712402,0,"Find Toppo's Posters,Crash Diagnostics - Mountains,History of WAT247,U3 - Crash Side Quest P3,Checking the Armory","49,poster1;49,poster5;49,poster6;46,jasper;50,watershed;50,infiltration;50,energy;40,Find the supplies crate;80,Scan the Amory Floor","U4_Bunker,U4_Bunker_Quests","0.11.141","TaskProgressEvent",27,"Talk with Sam",1
"1905","5c72fbdee4194c47a15a2a08",4,"Development","8d703246-39e0-4ff5-aef9-ec166f84d182","JG4 UX4",183,"2019-02-24 08:17:06","WindowsPlayer",NA,11,"TaskEvent",0,"0.11.141",43.9347267150879,14.5415344238281,-7.41999959945679,0.93232399225235,-0.361624717712402,0,"Find Toppo's Posters,Crash Diagnostics - Mountains,History of WAT247,U3 - Crash Side Quest P3,Checking the Armory","49,poster1;49,poster5;49,poster6;46,jasper;50,watershed;50,infiltration;50,energy;40,Find the supplies crate;80,Scan the Amory Floor","U4_Bunker,U4_Bunker_Quests","0.11.141","TaskActiveEvent",27,"Find the supplies",NA
"1906","5c72fbdee4194c47a15a2a09",4,"Development","8d703246-39e0-4ff5-aef9-ec166f84d182","JG4 UX4",183,"2019-02-24 08:17:06","WindowsPlayer",NA,11,"TaskEvent",0,"0.11.141",43.9347267150879,14.5415344238281,-7.41999959945679,0.93232399225235,-0.361624717712402,0,"Find Toppo's Posters,Crash Diagnostics - Mountains,History of WAT247,U3 - Crash Side Quest P3,Checking the Armory","49,poster1;49,poster5;49,poster6;46,jasper;50,watershed;50,infiltration;50,energy;40,Find the supplies crate;80,Scan the Amory Floor;80,Scan the Armory Depth","U4_Bunker,U4_Bunker_Quests","0.11.141","TaskCompleteEvent",27,"Talk with Sam",NA
"1907","5c72fbf1e4194c47a15a2a4b",4,"Development","8d703246-39e0-4ff5-aef9-ec166f84d182","JG4 UX4",183,"2019-02-24 08:17:46","WindowsPlayer",NA,11,"TaskEvent",0,"0.11.141",-19.4371662139893,21.7557258605957,-13.0200004577637,-0.744311094284058,-0.66783332824707,0,"Find Toppo's Posters,Crash Diagnostics - Mountains,History of WAT247,U3 - Crash Side Quest P3,Checking the Living Quarters","49,poster1;49,poster5;49,poster6;46,jasper;50,watershed;50,infiltration;50,energy;40,Find the supplies crate;81,Scan the Living Quarters Floor","U4_Bunker,U4_Bunker_Quests","0.11.141","TaskActiveEvent",27,"Deliver crates",NA
"1908","5c72fbf1e4194c47a15a2a4c",4,"Development","8d703246-39e0-4ff5-aef9-ec166f84d182","JG4 UX4",183,"2019-02-24 08:17:46","WindowsPlayer",NA,11,"TaskEvent",0,"0.11.141",-19.4371662139893,21.7557258605957,-13.0200004577637,-0.744311094284058,-0.66783332824707,0,"Find Toppo's Posters,Crash Diagnostics - Mountains,History of WAT247,U3 - Crash Side Quest P3,Checking the Living Quarters","49,poster1;49,poster5;49,poster6;46,jasper;50,watershed;50,infiltration;50,energy;40,Find the supplies crate;81,Scan the Living Quarters Floor","U4_Bunker,U4_Bunker_Quests","0.11.141","TaskCompleteEvent",27,"Find the supplies",NA
"1909","5c72fbf2e4194c47a15a2a55",4,"Development","8d703246-39e0-4ff5-aef9-ec166f84d182","JG4 UX4",183,"2019-02-24 08:17:46","WindowsPlayer",NA,11,"TaskEvent",0,"0.11.141",-19.4371662139893,21.7557258605957,-13.0200004577637,-0.744311094284058,-0.66783332824707,0,"Find Toppo's Posters,Crash Diagnostics - Mountains,History of WAT247,U3 - Crash Side Quest P3,Checking the Living Quarters","49,poster1;49,poster5;49,poster6;46,jasper;50,watershed;50,infiltration;50,energy;40,Find the supplies crate;81,Scan the Living Quarters Floor;81,Scan the Living Quarters Depth","U4_Bunker,U4_Bunker_Quests","0.11.141","TaskProgressEvent",27,"Find the supplies",1
"1910","5c72fc19e4194c47a15a2aef",4,"Development","8d703246-39e0-4ff5-aef9-ec166f84d182","JG4 UX4",183,"2019-02-24 08:18:27","WindowsPlayer",NA,11,"TaskEvent",0,"0.11.141",37.2599639892578,38.0160827636719,-18.6200008392334,-0.999742448329926,-0.0226895809173584,0,"Find Toppo's Posters,Crash Diagnostics - Mountains,History of WAT247,U3 - Crash Side Quest P3,Checking the Mess Hall","49,poster1;49,poster5;49,poster6;46,jasper;50,watershed;50,infiltration;50,energy;40,Find the supplies crate;82,Scan the Mess Hall Depth","U4_Bunker,U4_Bunker_Quests","0.11.141","TaskProgressEvent",27,"Deliver crates",1
"1911","5c72fc19e4194c47a15a2af7",4,"Development","8d703246-39e0-4ff5-aef9-ec166f84d182","JG4 UX4",183,"2019-02-24 08:18:27","WindowsPlayer",NA,11,"TaskEvent",0,"0.11.141",37.2599639892578,38.0160827636719,-18.6200008392334,-0.999742448329926,-0.0226895809173584,0,"Find Toppo's Posters,Crash Diagnostics - Mountains,History of WAT247,U3 - Crash Side Quest P3,Checking the Warehouse","49,poster1;49,poster5;49,poster6;46,jasper;50,watershed;50,infiltration;50,energy;40,Find the supplies crate;83,Scan the Warehouse Ceiling","U4_Bunker,U4_Bunker_Quests","0.11.141","TaskProgressEvent",27,"Deliver crates",2
"1912","5c72fc1ae4194c47a15a2aff",4,"Development","8d703246-39e0-4ff5-aef9-ec166f84d182","JG4 UX4",183,"2019-02-24 08:18:27","WindowsPlayer",NA,11,"TaskEvent",0,"0.11.141",37.2599639892578,38.0160827636719,-18.6200008392334,-0.999742448329926,-0.0226895809173584,0,"Find Toppo's Posters,Crash Diagnostics - Mountains,History of WAT247,U3 - Crash Side Quest P3,Checking the Mess Hall,Checking the Warehouse","49,poster1;49,poster5;49,poster6;46,jasper;50,watershed;50,infiltration;50,energy;40,Find the supplies crate","U4_Bunker,U4_Bunker_Quests","0.11.141","TaskProgressEvent",27,"Deliver crates",3
"1913","5c72fc37e4194c47a15a2b6b",4,"Development","8d703246-39e0-4ff5-aef9-ec166f84d182","JG4 UX4",183,"2019-02-24 08:17:42","WindowsPlayer",NA,11,"TaskEvent",0,"0.11.141",-15.4527368545532,24.903190612793,-13.0199995040894,-0.999450325965881,0.0331544876098633,0,"Find Toppo's Posters,Crash Diagnostics - Mountains,History of WAT247,U3 - Crash Side Quest P3,Checking the Living Quarters","49,poster1;49,poster5;49,poster6;46,jasper;50,watershed;50,infiltration;50,energy;40,Find the supplies crate;81,Scan the Living Quarters Ceiling","U4_Bunker,U4_Bunker_Quests","0.11.141","TaskActiveEvent",24,"Return to Sam",NA
"1914","5c72fc37e4194c47a15a2b6c",4,"Development","8d703246-39e0-4ff5-aef9-ec166f84d182","JG4 UX4",183,"2019-02-24 08:17:42","WindowsPlayer",NA,11,"TaskEvent",0,"0.11.141",-15.4527368545532,24.903190612793,-13.0199995040894,-0.999450325965881,0.0331544876098633,0,"Find Toppo's Posters,Crash Diagnostics - Mountains,History of WAT247,U3 - Crash Side Quest P3,Checking the Living Quarters","49,poster1;49,poster5;49,poster6;46,jasper;50,watershed;50,infiltration;50,energy;40,Find the supplies crate;81,Scan the Living Quarters Ceiling;81,Scan the Living Quarters Floor","U4_Bunker,U4_Bunker_Quests","0.11.141","TaskCompleteEvent",27,"Deliver crates",NA
"1915","5c72fc37e4194c47a15a2b74",4,"Development","8d703246-39e0-4ff5-aef9-ec166f84d182","JG4 UX4",183,"2019-02-24 08:17:42","WindowsPlayer",NA,11,"TaskEvent",0,"0.11.141",-15.4527368545532,24.903190612793,-13.0199995040894,-0.999450325965881,0.0331544876098633,0,"Find Toppo's Posters,Crash Diagnostics - Mountains,History of WAT247,U3 - Crash Side Quest P3,Checking the Living Quarters","49,poster1;49,poster5;49,poster6;46,jasper;50,watershed;50,infiltration;50,energy;40,Find the supplies crate;81,Scan the Living Quarters Ceiling","U4_Bunker,U4_Bunker_Quests","0.11.141","TaskProgressEvent",27,"Deliver crates",4
"1916","5c72fc4be4194c47a15a2bba",4,"Development","8d703246-39e0-4ff5-aef9-ec166f84d182","JG4 UX4",183,"2019-02-24 08:16:43","WindowsPlayer",NA,11,"TaskEvent",0,"0.11.141",27.7142124176025,13.5325622558594,-3.8029477596283,0.99939090013504,-0.0348999500274658,0,"Find Toppo's Posters,Crash Diagnostics - Mountains,History of WAT247,U3 - Crash Side Quest P3,Flooding in the Bunker,Checking the Armory","49,poster1;49,poster5;49,poster6;46,jasper;50,watershed;50,infiltration;50,energy;40,Find the supplies crate","U4_Bunker,U4_Bunker_Quests","0.11.141","TaskProgressEvent",49,"poster3",1
"1917","5c72fc4be4194c47a15a2bbc",4,"Development","8d703246-39e0-4ff5-aef9-ec166f84d182","JG4 UX4",183,"2019-02-24 08:16:43","WindowsPlayer",NA,11,"TaskEvent",0,"0.11.141",27.7142124176025,13.5325622558594,-3.8029477596283,0.99939090013504,-0.0348999500274658,0,"Find Toppo's Posters,Crash Diagnostics - Mountains,History of WAT247,U3 - Crash Side Quest P3,Checking the Armory","49,poster1;49,poster5;49,poster6;46,jasper;50,watershed;50,infiltration;50,energy;40,Find the supplies crate;80,Scan the Armory Ceiling","U4_Bunker,U4_Bunker_Quests","0.11.141","TaskCompleteEvent",49,"poster3",NA
"1918","5c72fc4ce4194c47a15a2bc9",4,"Development","8d703246-39e0-4ff5-aef9-ec166f84d182","JG4 UX4",183,"2019-02-24 08:16:43","WindowsPlayer",NA,11,"TaskEvent",0,"0.11.141",27.7142124176025,13.5325622558594,-3.8029477596283,0.99939090013504,-0.0348999500274658,0,"Find Toppo's Posters,Crash Diagnostics - Mountains,History of WAT247,U3 - Crash Side Quest P3,Flooding in the Bunker","49,poster1;49,poster5;49,poster6;46,jasper;50,watershed;50,infiltration;50,energy;40,Find the supplies crate;6,Investigate the Flood","U4_Bunker,U4_Bunker_Quests","0.11.141","TaskCompleteEvent",24,"Test the base's water",NA
"1919","5c72fc50e4194c47a15a2bd0",4,"Development","8d703246-39e0-4ff5-aef9-ec166f84d182","JG4 UX4",183,"2019-02-24 08:19:28","WindowsPlayer",NA,11,"TaskEvent",0,"0.11.141",-9.25723743438721,46.0283584594727,-24.0799999237061,0.971960484981537,0.235144078731537,0,"Find Toppo's Posters,Crash Diagnostics - Mountains,History of WAT247,U3 - Crash Side Quest P3,Checking the Warehouse,Argue about the Flooded Bunker","49,poster1;49,poster5;49,poster6;46,jasper;50,watershed;50,infiltration;50,energy;40,Find the supplies crate","U4_Bunker,U4_Bunker_Quests","0.11.141","TaskProgressEvent",24,"Test the base's water",1
"1920","5c72fc50e4194c47a15a2bd6",4,"Development","8d703246-39e0-4ff5-aef9-ec166f84d182","JG4 UX4",183,"2019-02-24 08:19:28","WindowsPlayer",NA,11,"TaskEvent",0,"0.11.141",-9.25723743438721,46.0283584594727,-24.0799999237061,0.971960484981537,0.235144078731537,0,"Find Toppo's Posters,Crash Diagnostics - Mountains,History of WAT247,U3 - Crash Side Quest P3,Checking the Warehouse","49,poster1;49,poster5;49,poster6;46,jasper;50,watershed;50,infiltration;50,energy;40,Find the supplies crate;83,Scan the Warehouse Depth","U4_Bunker,U4_Bunker_Quests","0.11.141","TaskActiveEvent",24,"Trace the pollutant",NA
"1921","5c72fc50e4194c47a15a2bde",4,"Development","8d703246-39e0-4ff5-aef9-ec166f84d182","JG4 UX4",183,"2019-02-24 08:19:28","WindowsPlayer",NA,11,"TaskEvent",0,"0.11.141",-9.25723743438721,46.0283584594727,-24.0799999237061,0.971960484981537,0.235144078731537,0,"Find Toppo's Posters,Crash Diagnostics - Mountains,History of WAT247,U3 - Crash Side Quest P3,Argue about the Flooded Bunker","49,poster1;49,poster5;49,poster6;46,jasper;50,watershed;50,infiltration;50,energy;40,Find the supplies crate;12,Who Flooded the Armory?","U4_Bunker,U4_Bunker_Quests","0.11.141","TaskCompleteEvent",24,"Open the Claimer System",NA
"1922","5c72fca6e4194c47a15a2d33",4,"Development","8d703246-39e0-4ff5-aef9-ec166f84d182","JG4 UX4",183,"2019-02-24 08:19:08","WindowsPlayer",NA,11,"TaskEvent",0,"0.11.141",12.3922262191772,41.4975624084473,-19.0740165710449,0.63742583990097,-0.770511865615845,0,"Find Toppo's Posters,Crash Diagnostics - Mountains,History of WAT247,U3 - Crash Side Quest P3,Checking the Warehouse","49,poster1;49,poster5;49,poster6;46,jasper;50,watershed;50,infiltration;50,energy;40,Find the supplies crate;83,Scan the Warehouse Ceiling","U4_Bunker,U4_Bunker_Quests","0.11.141","TaskActiveEvent",0,"Convince Bill the pollutant is nearby",NA
"1923","5c72fca6e4194c47a15a2d34",4,"Development","8d703246-39e0-4ff5-aef9-ec166f84d182","JG4 UX4",183,"2019-02-24 08:19:08","WindowsPlayer",NA,11,"TaskEvent",0,"0.11.141",12.3922262191772,41.4975624084473,-19.0740165710449,0.63742583990097,-0.770511865615845,0,"Find Toppo's Posters,Crash Diagnostics - Mountains,History of WAT247,U3 - Crash Side Quest P3,Checking the Warehouse","49,poster1;49,poster5;49,poster6;46,jasper;50,watershed;50,infiltration;50,energy;40,Find the supplies crate;83,Scan the Warehouse Ceiling","U4_Bunker,U4_Bunker_Quests","0.11.141","TaskProgressEvent",24,"Open the Claimer System",1
"1924","5c72fca6e4194c47a15a2d35",4,"Development","8d703246-39e0-4ff5-aef9-ec166f84d182","JG4 UX4",183,"2019-02-24 08:19:08","WindowsPlayer",NA,11,"TaskEvent",0,"0.11.141",12.3922262191772,41.4975624084473,-19.0740165710449,0.63742583990097,-0.770511865615845,0,"Find Toppo's Posters,Crash Diagnostics - Mountains,History of WAT247,U3 - Crash Side Quest P3,Checking the Warehouse","49,poster1;49,poster5;49,poster6;46,jasper;50,watershed;50,infiltration;50,energy;40,Find the supplies crate;83,Scan the Warehouse Ceiling;83,Scan the Warehouse Floor","U4_Bunker,U4_Bunker_Quests","0.11.141","TaskProgressEvent",0,"Convince Bill the pollutant is nearby",1
"1925","5c72fcbfe4194c47a15a2d96",4,"Development","8d703246-39e0-4ff5-aef9-ec166f84d182","JG4 UX4",183,"2019-02-24 08:21:14","WindowsPlayer",NA,11,"TaskEvent",0,"0.11.141",-9.25723743438721,46.0283584594727,-24.0799999237061,0.731352388858795,0.681999802589417,0,"Find Toppo's Posters,Crash Diagnostics - Mountains,History of WAT247,U3 - Crash Side Quest P3,Argue about the Flooded Bunker","49,poster1;49,poster5;49,poster6;46,jasper;50,watershed;50,infiltration;50,energy;40,Find the supplies crate;12,Who Flooded the Armory?;12,Who Flooded the Warehouse?","U4_Bunker,U4_Bunker_Quests","0.11.141","TaskActiveEvent",0,"Identify pollutant",NA
"1926","5c72fcbfe4194c47a15a2d98",4,"Development","8d703246-39e0-4ff5-aef9-ec166f84d182","JG4 UX4",183,"2019-02-24 08:21:14","WindowsPlayer",NA,11,"TaskEvent",0,"0.11.141",-9.25723743438721,46.0283584594727,-24.0799999237061,0.731352388858795,0.681999802589417,0,"Find Toppo's Posters,Crash Diagnostics - Mountains,History of WAT247,U3 - Crash Side Quest P3,Argue about the Flooded Bunker","49,poster1;49,poster5;49,poster6;46,jasper;50,watershed;50,infiltration;50,energy;40,Find the supplies crate;12,Who Flooded the Armory?","U4_Bunker,U4_Bunker_Quests","0.11.141","TaskCompleteEvent",0,"Convince Bill the pollutant is nearby",NA
"1927","5c72fcbfe4194c47a15a2d9d",4,"Development","8d703246-39e0-4ff5-aef9-ec166f84d182","JG4 UX4",183,"2019-02-24 08:21:14","WindowsPlayer",NA,11,"TaskEvent",0,"0.11.141",-9.25723743438721,46.0283584594727,-24.0799999237061,0.731352388858795,0.681999802589417,0,"Find Toppo's Posters,Crash Diagnostics - Mountains,History of WAT247,U3 - Crash Side Quest P3,Argue about the Flooded Bunker","49,poster1;49,poster5;49,poster6;46,jasper;50,watershed;50,infiltration;50,energy;40,Find the supplies crate;12,Who Flooded the Armory?","U4_Bunker,U4_Bunker_Quests","0.11.141","TaskProgressEvent",0,"Identify pollutant",1
"1928","5c72fcd8e4194c47a15a2df5",4,"Development","8d703246-39e0-4ff5-aef9-ec166f84d182","JG4 UX4",183,"2019-02-24 08:19:18","WindowsPlayer",NA,11,"TaskEvent",0,"0.11.141",-15.9943294525146,52.2266311645508,-24.0799999237061,-0.829038619995117,0.559191524982452,0,"Find Toppo's Posters,Crash Diagnostics - Mountains,History of WAT247,U3 - Crash Side Quest P3,Checking the Warehouse","49,poster1;49,poster5;49,poster6;46,jasper;50,watershed;50,infiltration;50,energy;40,Find the supplies crate;83,Scan the Warehouse Floor","U4_Bunker,U4_Bunker_Quests","0.11.141","TaskActiveEvent",0,"Talk with Sam",NA
"1929","5c72fcd8e4194c47a15a2df6",4,"Development","8d703246-39e0-4ff5-aef9-ec166f84d182","JG4 UX4",183,"2019-02-24 08:19:18","WindowsPlayer",NA,11,"TaskEvent",0,"0.11.141",-15.9943294525146,52.2266311645508,-24.0799999237061,-0.829038619995117,0.559191524982452,0,"Find Toppo's Posters,Crash Diagnostics - Mountains,History of WAT247,U3 - Crash Side Quest P3,Checking the Warehouse","49,poster1;49,poster5;49,poster6;46,jasper;50,watershed;50,infiltration;50,energy;40,Find the supplies crate;83,Scan the Warehouse Floor;83,Scan the Warehouse Depth","U4_Bunker,U4_Bunker_Quests","0.11.141","TaskCompleteEvent",0,"Identify pollutant",NA
"1930","5c72fcd8e4194c47a15a2dfc",4,"Development","8d703246-39e0-4ff5-aef9-ec166f84d182","JG4 UX4",183,"2019-02-24 08:19:18","WindowsPlayer",NA,11,"TaskEvent",0,"0.11.141",-15.9943294525146,52.2266311645508,-24.0799999237061,-0.829038619995117,0.559191524982452,0,"Find Toppo's Posters,Crash Diagnostics - Mountains,History of WAT247,U3 - Crash Side Quest P3,Checking the Warehouse","49,poster1;49,poster5;49,poster6;46,jasper;50,watershed;50,infiltration;50,energy;40,Find the supplies crate;83,Scan the Warehouse Floor","U4_Bunker,U4_Bunker_Quests","0.11.141","TaskProgressEvent",86,"Talk to Sam",1
"1931","5c72fd5ae4194c47a15a3009",4,"Development","8d703246-39e0-4ff5-aef9-ec166f84d182","JG4 UX4",183,"2019-02-24 08:23:50","WindowsPlayer",NA,11,"TaskEvent",0,"0.11.141",-24.0186882019043,52.115161895752,-24.0799999237061,0.857168734073639,-0.51503586769104,0,"Find Toppo's Posters,Crash Diagnostics - Mountains,History of WAT247,U3 - Crash Side Quest P3,Argue about the Flooded Bunker","49,poster1;49,poster5;49,poster6;46,jasper;50,watershed;50,infiltration;50,energy;40,Find the supplies crate;12,Who Flooded the Warehouse?","U4_Bunker,U4_Bunker_Quests","0.11.141","TaskCompleteEvent",86,"Talk to Sam",NA
"1932","5c72fd5ae4194c47a15a300b",4,"Development","8d703246-39e0-4ff5-aef9-ec166f84d182","JG4 UX4",183,"2019-02-24 08:23:50","WindowsPlayer",NA,11,"TaskEvent",0,"0.11.141",-24.0186882019043,52.115161895752,-24.0799999237061,0.857168734073639,-0.51503586769104,0,"Find Toppo's Posters,Crash Diagnostics - Mountains,History of WAT247,U3 - Crash Side Quest P3,Fix the Leak","49,poster1;49,poster5;49,poster6;46,jasper;50,watershed;50,infiltration;50,energy;40,Find the supplies crate;13,deactivate","U4_Bunker,U4_Bunker_Quests","0.11.141","TaskActiveEvent",86,"Examine a Garden",NA
"1933","5c72fd5ae4194c47a15a300e",4,"Development","8d703246-39e0-4ff5-aef9-ec166f84d182","JG4 UX4",183,"2019-02-24 08:23:50","WindowsPlayer",NA,11,"TaskEvent",0,"0.11.141",-24.0186882019043,52.115161895752,-24.0799999237061,0.857168734073639,-0.51503586769104,0,"Find Toppo's Posters,Crash Diagnostics - Mountains,History of WAT247,U3 - Crash Side Quest P3,Argue about the Flooded Bunker,Fix the Leak","49,poster1;49,poster5;49,poster6;46,jasper;50,watershed;50,infiltration;50,energy;40,Find the supplies crate","U4_Bunker,U4_Bunker_Quests","0.11.141","TaskCompleteEvent",86,"Check out the Supertree",NA
"1934","5c72fdbce4194c47a15a3179",4,"Development","8d703246-39e0-4ff5-aef9-ec166f84d182","JG4 UX4",183,"2019-02-24 08:24:40","WindowsPlayer",NA,11,"TaskEvent",0,"0.11.141",-558.369995117188,-26.0277919769287,27.3780498504639,0.797584116458893,-0.603207945823669,0,"Find Toppo's Posters,Crash Diagnostics - Mountains,History of WAT247,U3 - Crash Side Quest P3,Fix the Leak","49,poster1;49,poster5;49,poster6;46,jasper;50,watershed;50,infiltration;50,energy;40,Find the supplies crate;13,deactivate;13,report","U4,U4_Collectibles,U4_Quests,U4_MilitaryBase","0.11.141","TaskActiveEvent",87,"Gain Acces to the Ruins",NA
"1935","5c72fdbde4194c47a15a317c",4,"Development","8d703246-39e0-4ff5-aef9-ec166f84d182","JG4 UX4",183,"2019-02-24 08:24:40","WindowsPlayer",NA,11,"TaskEvent",0,"0.11.141",-558.369995117188,-26.0277919769287,27.3780498504639,0.797584116458893,-0.603207945823669,0,"Find Toppo's Posters,Crash Diagnostics - Mountains,History of WAT247,U3 - Crash Side Quest P3,Fix the Leak","49,poster1;49,poster5;49,poster6;46,jasper;50,watershed;50,infiltration;50,energy;40,Find the supplies crate;13,deactivate","U4,U4_Collectibles,U4_Quests,U4_MilitaryBase","0.11.141","TaskProgressEvent",86,"Check out the Supertree",1
"1936","5c72fdbde4194c47a15a317d",4,"Development","8d703246-39e0-4ff5-aef9-ec166f84d182","JG4 UX4",183,"2019-02-24 08:24:40","WindowsPlayer",NA,11,"TaskEvent",0,"0.11.141",-558.369995117188,-26.0277919769287,27.3780498504639,0.797584116458893,-0.603207945823669,0,"Find Toppo's Posters,Crash Diagnostics - Mountains,History of WAT247,U3 - Crash Side Quest P3,Fix the Leak","49,poster1;49,poster5;49,poster6;46,jasper;50,watershed;50,infiltration;50,energy;40,Find the supplies crate;13,deactivate","U4,U4_Collectibles,U4_Quests,U4_MilitaryBase","0.11.141","TaskCompleteEvent",87,"Pickup the Key",NA
"1937","5c72fdc1e4194c47a15a3194",4,"Development","8d703246-39e0-4ff5-aef9-ec166f84d182","JG4 UX4",183,"2019-02-24 08:25:32","WindowsPlayer",NA,11,"TaskEvent",0,"0.11.141",-586.661010742188,751.704467773438,62.9705352783203,0.634731233119965,-0.772733449935913,0,"Find Toppo's Posters,Crash Diagnostics - Mountains,History of WAT247,U3 - Crash Side Quest P3,Fix the Leak,Riley’s request","49,poster1;49,poster5;49,poster6;46,jasper;50,watershed;50,infiltration;50,energy;40,Find the supplies crate","U4,U4_Collectibles,U4_Quests,U4_MilitaryBase","0.11.141","TaskProgressEvent",87,"Pickup the Key",1
"1938","5c72fdc1e4194c47a15a3196",4,"Development","8d703246-39e0-4ff5-aef9-ec166f84d182","JG4 UX4",183,"2019-02-24 08:25:32","WindowsPlayer",NA,11,"TaskEvent",0,"0.11.141",-586.661010742188,751.704467773438,62.9705352783203,0.634731233119965,-0.772733449935913,0,"Find Toppo's Posters,Crash Diagnostics - Mountains,History of WAT247,U3 - Crash Side Quest P3,Fix the Leak","49,poster1;49,poster5;49,poster6;46,jasper;50,watershed;50,infiltration;50,energy;40,Find the supplies crate;13,report","U4,U4_Collectibles,U4_Quests,U4_MilitaryBase","0.11.141","TaskActiveEvent",87,"Unlock the door",NA
"1939","5c72fdc2e4194c47a15a3198",4,"Development","8d703246-39e0-4ff5-aef9-ec166f84d182","JG4 UX4",183,"2019-02-24 08:25:32","WindowsPlayer",NA,11,"TaskEvent",0,"0.11.141",-586.661010742188,751.704467773438,62.9705352783203,0.634731233119965,-0.772733449935913,0,"Find Toppo's Posters,Crash Diagnostics - Mountains,History of WAT247,U3 - Crash Side Quest P3,Riley’s request","49,poster1;49,poster5;49,poster6;46,jasper;50,watershed;50,infiltration;50,energy;40,Find the supplies crate;14,fountain1","U4,U4_Collectibles,U4_Quests,U4_MilitaryBase","0.11.141","TaskCompleteEvent",87,"Enter the ruins",NA
"1940","5c72fe20e4194c47a15a3308",4,"Development","8d703246-39e0-4ff5-aef9-ec166f84d182","JG4 UX4",183,"2019-02-24 08:26:35","WindowsPlayer",NA,11,"TaskEvent",0,"0.11.141",-62.6457366943359,604.844665527344,32.7343444824219,0.916363298892975,-0.40034806728363,0,"Find Toppo's Posters,Crash Diagnostics - Mountains,History of WAT247,U3 - Crash Side Quest P3,Riley’s request","49,poster1;49,poster5;49,poster6;46,jasper;50,watershed;50,infiltration;50,energy;40,Find the supplies crate;14,fountain2","U4,U4_Collectibles,U4_Quests","0.11.141","TaskActiveEvent",75,"Pump1",NA
"1941","5c72fe20e4194c47a15a3309",4,"Development","8d703246-39e0-4ff5-aef9-ec166f84d182","JG4 UX4",183,"2019-02-24 08:26:35","WindowsPlayer",NA,11,"TaskEvent",0,"0.11.141",-62.6457366943359,604.844665527344,32.7343444824219,0.916363298892975,-0.40034806728363,0,"Find Toppo's Posters,Crash Diagnostics - Mountains,History of WAT247,U3 - Crash Side Quest P3,Riley’s request","49,poster1;49,poster5;49,poster6;46,jasper;50,watershed;50,infiltration;50,energy;40,Find the supplies crate;14,fountain2;14,fountain3","U4,U4_Collectibles,U4_Quests","0.11.141","TaskProgressEvent",87,"Enter the ruins",1
"1942","5c72fe20e4194c47a15a330c",4,"Development","8d703246-39e0-4ff5-aef9-ec166f84d182","JG4 UX4",183,"2019-02-24 08:26:35","WindowsPlayer",NA,11,"TaskEvent",0,"0.11.141",-62.6457366943359,604.844665527344,32.7343444824219,0.916363298892975,-0.40034806728363,0,"Find Toppo's Posters,Crash Diagnostics - Mountains,History of WAT247,U3 - Crash Side Quest P3,Riley’s request","49,poster1;49,poster5;49,poster6;46,jasper;50,watershed;50,infiltration;50,energy;40,Find the supplies crate;14,fountain2","U4,U4_Collectibles,U4_Quests","0.11.141","TaskProgressEvent",50,"dissolved materials",1
"1943","5c72fe94e4194c47a15a34c6",4,"Development","8d703246-39e0-4ff5-aef9-ec166f84d182","JG4 UX4",183,"2019-02-24 08:26:14","WindowsPlayer",NA,11,"TaskEvent",0,"0.11.141",-252.073837280273,713.647583007812,42.3860473632812,0.59060674905777,-0.806959509849548,0,"Find Toppo's Posters,Crash Diagnostics - Mountains,History of WAT247,U3 - Crash Side Quest P3,Riley’s request","49,poster1;49,poster5;49,poster6;46,jasper;50,watershed;50,infiltration;50,energy;40,Find the supplies crate;14,fountain1","U4,U4_Collectibles,U4_Quests","0.11.141","TaskCompleteEvent",50,"dissolved materials",NA
"1944","5c72fe94e4194c47a15a34cc",4,"Development","8d703246-39e0-4ff5-aef9-ec166f84d182","JG4 UX4",183,"2019-02-24 08:26:14","WindowsPlayer",NA,11,"TaskEvent",0,"0.11.141",-252.073837280273,713.647583007812,42.3860473632812,0.59060674905777,-0.806959509849548,0,"Find Toppo's Posters,Crash Diagnostics - Mountains,History of WAT247,U3 - Crash Side Quest P3,Riley’s request","49,poster1;49,poster5;49,poster6;46,jasper;50,watershed;50,infiltration;50,energy;40,Find the supplies crate;14,fountain1;14,fountain2","U4,U4_Collectibles,U4_Quests","0.11.141","TaskProgressEvent",25,"Install Pumps",2
"1945","5c72fe95e4194c47a15a34d2",4,"Development","8d703246-39e0-4ff5-aef9-ec166f84d182","JG4 UX4",183,"2019-02-24 08:26:14","WindowsPlayer",NA,11,"TaskEvent",0,"0.11.141",-252.073837280273,713.647583007812,42.3860473632812,0.59060674905777,-0.806959509849548,0,"Find Toppo's Posters,Crash Diagnostics - Mountains,History of WAT247,U3 - Crash Side Quest P3,Riley’s request","49,poster1;49,poster5;49,poster6;46,jasper;50,watershed;50,infiltration;50,energy;40,Find the supplies crate;14,fountain1","U4,U4_Collectibles,U4_Quests","0.11.141","TaskActiveEvent",59,"Talk To Anderson",NA
"1946","5c72feb1e4194c47a15a352b",4,"Development","8d703246-39e0-4ff5-aef9-ec166f84d182","JG4 UX4",183,"2019-02-24 08:29:30","WindowsPlayer",NA,11,"TaskEvent",0,"0.11.141",5.06606674194336,-6.35785007476807,0.981877028942108,0.902819514274597,0.430019676685333,0,"Find Toppo's Posters,Crash Diagnostics - Mountains,History of WAT247,U3 - Crash Side Quest P3,Third Night at Base","49,poster1;49,poster5;49,poster6;46,jasper;50,watershed;50,infiltration;50,energy;40,Find the supplies crate;61,Head to Bed","PB_PlayerRoom","0.11.141","TaskProgressEvent",59,"Head to the Desert",1
"1947","5c72feb1e4194c47a15a3532",4,"Development","8d703246-39e0-4ff5-aef9-ec166f84d182","JG4 UX4",183,"2019-02-24 08:29:30","WindowsPlayer",NA,11,"TaskEvent",0,"0.11.141",5.06606674194336,-6.35785007476807,0.981877028942108,0.902819514274597,0.430019676685333,0,"Find Toppo's Posters,Crash Diagnostics - Mountains,History of WAT247,U3 - Crash Side Quest P3","49,poster1;49,poster5;49,poster6;46,jasper;50,watershed;50,infiltration;50,energy;40,Find the supplies crate","PB_PlayerRoom","0.11.141","TaskCompleteEvent",59,"Head to the Desert",NA
"1948","5c72feb1e4194c47a15a3535",4,"Development","8d703246-39e0-4ff5-aef9-ec166f84d182","JG4 UX4",183,"2019-02-24 08:29:32","WindowsPlayer",NA,11,"TaskEvent",0,"0.11.141",5.06606674194336,-6.35785007476807,0.981877028942108,0.902819514274597,0.430019676685333,0,"Find Toppo's Posters,Crash Diagnostics - Mountains,History of WAT247,U3 - Crash Side Quest P3,U5 - Waking up on WAT247","49,poster1;49,poster5;49,poster6;46,jasper;50,watershed;50,infiltration;50,energy;40,Find the supplies crate","PB_PlayerRoom","0.11.141","TaskCompleteEvent",49,"poster4",NA
"1949","5c72feb6e4194c47a15a353a",4,"Development","8d703246-39e0-4ff5-aef9-ec166f84d182","JG4 UX4",183,"2019-02-24 08:28:04","WindowsPlayer",NA,11,"TaskEvent",0,"0.11.141",-585.949035644531,752.588745117188,63.0352249145508,0.954761266708374,-0.297373533248901,0,"Find Toppo's Posters,Crash Diagnostics - Mountains,History of WAT247,U3 - Crash Side Quest P3,Riley’s request","49,poster1;49,poster5;49,poster6;46,jasper;50,watershed;50,infiltration;50,energy;40,Find the supplies crate;14,Head back to Anderson","U4,U4_Collectibles,U4_Quests,U4_MilitaryBase","0.11.141","TaskProgressEvent",49,"poster4",1
"1950","5c72feb6e4194c47a15a353d",4,"Development","8d703246-39e0-4ff5-aef9-ec166f84d182","JG4 UX4",183,"2019-02-24 08:28:04","WindowsPlayer",NA,11,"TaskEvent",0,"0.11.141",-585.949035644531,752.588745117188,63.0352249145508,0.954761266708374,-0.297373533248901,0,"Find Toppo's Posters,Crash Diagnostics - Mountains,History of WAT247,U3 - Crash Side Quest P3,Riley’s request","49,poster1;49,poster5;49,poster6;46,jasper;50,watershed;50,infiltration;50,energy;40,Find the supplies crate;14,Head back to Anderson","U4,U4_Collectibles,U4_Quests,U4_MilitaryBase","0.11.141","TaskCompleteEvent",75,"BackToGardens",NA
"1951","5c72feb6e4194c47a15a3542",4,"Development","8d703246-39e0-4ff5-aef9-ec166f84d182","JG4 UX4",183,"2019-02-24 08:28:04","WindowsPlayer",NA,11,"TaskEvent",0,"0.11.141",-585.949035644531,752.588745117188,63.0352249145508,0.954761266708374,-0.297373533248901,0,"Find Toppo's Posters,Crash Diagnostics - Mountains,History of WAT247,U3 - Crash Side Quest P3,Riley’s request","49,poster1;49,poster5;49,poster6;46,jasper;50,watershed;50,infiltration;50,energy;40,Find the supplies crate;14,Head back to Anderson;14,overflow fountain","U4,U4_Collectibles,U4_Quests,U4_MilitaryBase","0.11.141","TaskActiveEvent",25,"Install Pumps",NA
"1952","5c72febde4194c47a15a3751",4,"Development","8d703246-39e0-4ff5-aef9-ec166f84d182","JG4 UX4",183,"2019-02-24 07:43:47","WindowsPlayer",NA,11,"TaskEvent",0,"0.11.141",-156.495376586914,-112.133270263672,51.7882118225098,-0.997564196586609,0.0697553157806396,0,"Find Toppo's Posters,Crash Diagnostics - Mountains,History of WAT247,Collect all the Pumps in the Alien Facility","49,poster1;49,poster4;49,poster5;49,poster6;46,jasper;50,watershed;50,infiltration;50,energy;75,Pump4","U3_Dungeon_Side_Quest","0.11.141","TaskProgressEvent",75,"BackToGardens",1
"1953","5c72febde4194c47a15a3752",4,"Development","8d703246-39e0-4ff5-aef9-ec166f84d182","JG4 UX4",183,"2019-02-24 07:43:47","WindowsPlayer",NA,11,"TaskEvent",0,"0.11.141",-156.495376586914,-112.133270263672,51.7882118225098,-0.997564196586609,0.0697553157806396,0,"Find Toppo's Posters,Crash Diagnostics - Mountains,History of WAT247,Collect all the Pumps in the Alien Facility","49,poster1;49,poster4;49,poster5;49,poster6;46,jasper;50,watershed;50,infiltration;50,energy;75,Pump4;75,BackToGardens","U3_Dungeon_Side_Quest","0.11.141","TaskActiveEvent",47,"Locate the lab",NA
"1954","5c72febde4194c47a15a3791",4,"Development","8d703246-39e0-4ff5-aef9-ec166f84d182","JG4 UX4",183,"2019-02-24 07:43:47","WindowsPlayer",NA,11,"TaskEvent",0,"0.11.141",-156.495376586914,-112.133270263672,51.7882118225098,-0.997564196586609,0.0697553157806396,0,"Find Toppo's Posters,Crash Diagnostics - Mountains,History of WAT247,Collect all the Pumps in the Alien Facility","49,poster1;49,poster4;49,poster5;49,poster6;46,jasper;50,watershed;50,infiltration;50,energy;75,Pump4","U3_Dungeon_Side_Quest","0.11.141","TaskProgressEvent",42,"Locate the Beacon",1
"1955","5c72febde4194c47a15a37e1",4,"Development","8d703246-39e0-4ff5-aef9-ec166f84d182","JG4 UX4",183,"2019-02-24 07:55:25","WindowsPlayer",NA,11,"TaskEvent",0,"0.11.141",77.8298034667969,325.215576171875,37.3579406738281,0.989146649837494,-0.145410656929016,0.0210932791233063,"Find Toppo's Posters,Crash Diagnostics - Mountains,History of WAT247,U3 - Crash Side Quest P3,Alien Village,U4 - Crash Side Quest P5","49,poster1;49,poster5;49,poster6;46,jasper;50,watershed;50,infiltration;50,energy;40,Find the supplies crate;2,Find the Ruins","U4,U4_Collectibles,U4_Quests","0.11.141","TaskCompleteEvent",42,"Locate the Beacon",NA
"1956","5c72febee4194c47a15a399d",4,"Development","8d703246-39e0-4ff5-aef9-ec166f84d182","JG4 UX4",183,"2019-02-24 07:42:18","WindowsPlayer",NA,11,"TaskEvent",0,"0.11.141",-142.091613769531,-105.072982788086,52.3483009338379,-0.872921943664551,-0.487859845161438,0,"Find Toppo's Posters,Crash Diagnostics - Mountains,History of WAT247,Collect all the Pumps in the Alien Facility","49,poster1;49,poster4;49,poster5;49,poster6;46,jasper;50,watershed;50,infiltration;50,energy;75,Pump3","U3_Dungeon_Side_Quest","0.11.141","TaskActiveEvent",75,"Pump2",NA
"1957","5c72febfe4194c47a15a3a7f",4,"Development","8d703246-39e0-4ff5-aef9-ec166f84d182","JG4 UX4",183,"2019-02-24 07:42:18","WindowsPlayer",NA,11,"TaskEvent",0,"0.11.141",-142.091613769531,-105.072982788086,52.3483009338379,-0.872921943664551,-0.487859845161438,0,"Find Toppo's Posters,Crash Diagnostics - Mountains,History of WAT247,Collect all the Pumps in the Alien Facility","49,poster1;49,poster4;49,poster5;49,poster6;46,jasper;50,watershed;50,infiltration;50,energy;75,Pump3","U3_Dungeon_Side_Quest","0.11.141","TaskProgressEvent",75,"Pump1",1
"1958","5c72febfe4194c47a15a3a80",4,"Development","8d703246-39e0-4ff5-aef9-ec166f84d182","JG4 UX4",183,"2019-02-24 07:42:18","WindowsPlayer",NA,11,"TaskEvent",0,"0.11.141",-142.091613769531,-105.072982788086,52.3483009338379,-0.872921943664551,-0.487859845161438,0,"Find Toppo's Posters,Crash Diagnostics - Mountains,History of WAT247,Collect all the Pumps in the Alien Facility","49,poster1;49,poster4;49,poster5;49,poster6;46,jasper;50,watershed;50,infiltration;50,energy;75,Pump3;75,Pump4","U3_Dungeon_Side_Quest","0.11.141","TaskCompleteEvent",75,"Pump1",NA
"1959","5c72fec0e4194c47a15a3cad",4,"Development","8d703246-39e0-4ff5-aef9-ec166f84d182","JG4 UX4",183,"2019-02-24 07:41:14","WindowsPlayer",NA,11,"TaskEvent",0,"0.11.141",-157.58073425293,-90.2059783935547,51.9216423034668,-0.763795018196106,-0.645458698272705,0,"Find Toppo's Posters,Crash Diagnostics - Mountains,History of WAT247,Collect all the Pumps in the Alien Facility","49,poster1;49,poster4;49,poster5;49,poster6;46,jasper;50,watershed;50,infiltration;50,energy;75,Pump2;75,Pump3","U3_Dungeon_Side_Quest","0.11.141","TaskCompleteEvent",47,"Locate the lab",NA
"1960","5c72fec1e4194c47a15a3dad",4,"Development","8d703246-39e0-4ff5-aef9-ec166f84d182","JG4 UX4",183,"2019-02-24 07:41:14","WindowsPlayer",NA,11,"TaskEvent",0,"0.11.141",-157.58073425293,-90.2059783935547,51.9216423034668,-0.763795018196106,-0.645458698272705,0,"Find Toppo's Posters,Crash Diagnostics - Mountains,History of WAT247,Collect all the Pumps in the Alien Facility","49,poster1;49,poster4;49,poster5;49,poster6;46,jasper;50,watershed;50,infiltration;50,energy;75,Pump2","U3_Dungeon_Side_Quest","0.11.141","TaskProgressEvent",47,"Locate the lab",1
"1961","5c72fec1e4194c47a15a3e5c",4,"Development","8d703246-39e0-4ff5-aef9-ec166f84d182","JG4 UX4",183,"2019-02-24 07:41:14","WindowsPlayer",NA,11,"TaskEvent",0,"0.11.141",-157.58073425293,-90.2059783935547,51.9216423034668,-0.763795018196106,-0.645458698272705,0,"Find Toppo's Posters,Crash Diagnostics - Mountains,History of WAT247,Collect all the Pumps in the Alien Facility","49,poster1;49,poster4;49,poster5;49,poster6;46,jasper;50,watershed;50,infiltration;50,energy;75,Pump2","U3_Dungeon_Side_Quest","0.11.141","TaskProgressEvent",2,"Find the Ruins",1
"1962","5c72fec1e4194c47a15a3ede",4,"Development","8d703246-39e0-4ff5-aef9-ec166f84d182","JG4 UX4",183,"2019-02-24 08:17:53","WindowsPlayer",NA,11,"TaskEvent",0,"0.11.141",-9.43753719329834,23.5041942596436,-13.0200004577637,0.87714672088623,-0.480222702026367,0,"Find Toppo's Posters,Crash Diagnostics - Mountains,History of WAT247,U3 - Crash Side Quest P3,Checking the Living Quarters","49,poster1;49,poster5;49,poster6;46,jasper;50,watershed;50,infiltration;50,energy;40,Find the supplies crate;81,Scan the Living Quarters Depth","U4_Bunker,U4_Bunker_Quests","0.11.141","TaskCompleteEvent",2,"Find the Ruins",NA
"1963","5c72fec1e4194c47a15a3edf",4,"Development","8d703246-39e0-4ff5-aef9-ec166f84d182","JG4 UX4",183,"2019-02-24 08:17:53","WindowsPlayer",NA,11,"TaskEvent",0,"0.11.141",-9.43753719329834,23.5041942596436,-13.0200004577637,0.87714672088623,-0.480222702026367,0,"Find Toppo's Posters,Crash Diagnostics - Mountains,History of WAT247,U3 - Crash Side Quest P3,Checking the Living Quarters,Checking the Mess Hall","49,poster1;49,poster5;49,poster6;46,jasper;50,watershed;50,infiltration;50,energy;40,Find the supplies crate","U4_Bunker,U4_Bunker_Quests","0.11.141","TaskActiveEvent",2,"Unlock the Door",NA
"1964","5c72fec1e4194c47a15a3f1c",4,"Development","8d703246-39e0-4ff5-aef9-ec166f84d182","JG4 UX4",183,"2019-02-24 08:26:57","WindowsPlayer",NA,11,"TaskEvent",0,"0.11.141",-203.785110473633,418.957336425781,23.9251899719238,-0.408329367637634,-0.912834763526917,0,"Find Toppo's Posters,Crash Diagnostics - Mountains,History of WAT247,U3 - Crash Side Quest P3,Riley’s request","49,poster1;49,poster5;49,poster6;46,jasper;50,watershed;50,infiltration;50,energy;40,Find the supplies crate;14,fountain3;14,Head back to Anderson","U4,U4_Collectibles,U4_Quests","0.11.141","TaskActiveEvent",2,"Enter the Building",NA
"1965","5c72fec2e4194c47a15a3f93",4,"Development","8d703246-39e0-4ff5-aef9-ec166f84d182","JG4 UX4",183,"2019-02-24 08:17:53","WindowsPlayer",NA,11,"TaskEvent",0,"0.11.141",-9.43753719329834,23.5041942596436,-13.0200004577637,0.87714672088623,-0.480222702026367,0,"Find Toppo's Posters,Crash Diagnostics - Mountains,History of WAT247,U3 - Crash Side Quest P3,Checking the Mess Hall","49,poster1;49,poster5;49,poster6;46,jasper;50,watershed;50,infiltration;50,energy;40,Find the supplies crate;82,Scan the Mess Hall Ceiling","U4_Bunker,U4_Bunker_Quests","0.11.141","TaskProgressEvent",2,"Unlock the Door",1
"1966","5c72fec2e4194c47a15a3fce",4,"Development","8d703246-39e0-4ff5-aef9-ec166f84d182","JG4 UX4",183,"2019-02-24 07:52:42","WindowsPlayer",NA,11,"TaskEvent",0,"0.11.141",-586.126525878906,753.165405273438,63.067569732666,0.106915220618248,-0.994265556335449,0.00227995542809367,"Find Toppo's Posters,Crash Diagnostics - Mountains,History of WAT247,U3 - Crash Side Quest P3,Second Day at Base,Alien Village","49,poster1;49,poster4;49,poster5;49,poster6;46,jasper;50,watershed;50,infiltration;50,energy;40,Find the supplies crate","U4,U4_Collectibles,U4_Quests,U4_MilitaryBase","0.11.141","TaskCompleteEvent",2,"Unlock the Door",NA
"1967","5c72fec2e4194c47a15a3fe3",4,"Development","8d703246-39e0-4ff5-aef9-ec166f84d182","JG4 UX4",183,"2019-02-24 08:28:57","WindowsPlayer",NA,11,"TaskEvent",0,"0.11.141",-584.162536621094,750.166931152344,62.8709945678711,0.0697582811117172,-0.99756383895874,0,"Find Toppo's Posters,Crash Diagnostics - Mountains,History of WAT247,U3 - Crash Side Quest P3,Riley’s request,Third Night at Base","49,poster1;49,poster5;49,poster6;46,jasper;50,watershed;50,infiltration;50,energy;40,Find the supplies crate","U4,U4_Collectibles,U4_Quests,U4_MilitaryBase","0.11.141","TaskActiveEvent",3,"Restore Power to B5",NA
"1968","5c72fec2e4194c47a15a40df",4,"Development","8d703246-39e0-4ff5-aef9-ec166f84d182","JG4 UX4",183,"2019-02-24 08:26:57","WindowsPlayer",NA,11,"TaskEvent",0,"0.11.141",-203.785110473633,418.957336425781,23.9251899719238,-0.408329367637634,-0.912834763526917,0,"Find Toppo's Posters,Crash Diagnostics - Mountains,History of WAT247,U3 - Crash Side Quest P3,Riley’s request","49,poster1;49,poster5;49,poster6;46,jasper;50,watershed;50,infiltration;50,energy;40,Find the supplies crate;14,fountain3","U4,U4_Collectibles,U4_Quests","0.11.141","TaskProgressEvent",2,"Try the Controls",1
"1969","5c72fec2e4194c47a15a40e0",4,"Development","8d703246-39e0-4ff5-aef9-ec166f84d182","JG4 UX4",183,"2019-02-24 08:26:57","WindowsPlayer",NA,11,"TaskEvent",0,"0.11.141",-203.785110473633,418.957336425781,23.9251899719238,-0.408329367637634,-0.912834763526917,0,"Find Toppo's Posters,Crash Diagnostics - Mountains,History of WAT247,U3 - Crash Side Quest P3,Riley’s request","49,poster1;49,poster5;49,poster6;46,jasper;50,watershed;50,infiltration;50,energy;40,Find the supplies crate;14,fountain3","U4,U4_Collectibles,U4_Quests","0.11.141","TaskCompleteEvent",2,"Try the Controls",NA
"1970","5c72fec2e4194c47a15a4105",4,"Development","8d703246-39e0-4ff5-aef9-ec166f84d182","JG4 UX4",183,"2019-02-24 07:46:08","WindowsPlayer",NA,11,"TaskEvent",0,"0.11.141",-565.132507324219,222.724990844727,57.9079399108887,-0.804894208908081,0.59341835975647,0,"Find Toppo's Posters,Crash Diagnostics - Mountains,History of WAT247,Strange Gardening","49,poster1;49,poster4;49,poster5;49,poster6;46,jasper;50,watershed;50,infiltration;50,energy;25,Install Pumps","U3,U3_Collectibles,U3_Quests,U3_RiverSpline","0.11.141","TaskActiveEvent",2,"Try the Controls",NA
"1971","5c72fec3e4194c47a15a4188",4,"Development","8d703246-39e0-4ff5-aef9-ec166f84d182","JG4 UX4",183,"2019-02-24 07:52:42","WindowsPlayer",NA,11,"TaskEvent",0,"0.11.141",-586.126525878906,753.165405273438,63.067569732666,0.106915220618248,-0.994265556335449,0.00227995542809367,"Find Toppo's Posters,Crash Diagnostics - Mountains,History of WAT247,U3 - Crash Side Quest P3,Alien Village","49,poster1;49,poster4;49,poster5;49,poster6;46,jasper;50,watershed;50,infiltration;50,energy;40,Find the supplies crate;2,Find the Ruins","U4,U4_Collectibles,U4_Quests,U4_MilitaryBase","0.11.141","TaskProgressEvent",2,"Enter the Building",1
"1972","5c72fec3e4194c47a15a4287",4,"Development","8d703246-39e0-4ff5-aef9-ec166f84d182","JG4 UX4",183,"2019-02-24 07:34:50","WindowsPlayer",NA,11,"TaskEvent",0,"0.11.141",-243.972839355469,-10.2116889953613,61.8106384277344,-0.579282939434052,-0.815126538276672,0,"Find Toppo's Posters,Crash Diagnostics - Mountains,History of WAT247,Alien Gardens","49,poster1;49,poster4;49,poster5;49,poster6;46,jasper;50,watershed;50,dissolved materials;50,infiltration;50,energy;86,Examine a Garden","U3,U3_Collectibles,U3_Quests,U3_RiverSpline","0.11.141","TaskCompleteEvent",2,"Enter the Building",NA
"1973","5c72fec3e4194c47a15a434f",4,"Development","8d703246-39e0-4ff5-aef9-ec166f84d182","JG4 UX4",183,"2019-02-24 07:52:42","WindowsPlayer",NA,11,"TaskEvent",0,"0.11.141",-586.126525878906,753.165405273438,63.067569732666,0.106915220618248,-0.994265556335449,0.00227995542809367,"Find Toppo's Posters,Crash Diagnostics - Mountains,History of WAT247,U3 - Crash Side Quest P3,Second Day at Base","49,poster1;49,poster4;49,poster5;49,poster6;46,jasper;50,watershed;50,infiltration;50,energy;40,Find the supplies crate;59,Talk To Anderson","U4,U4_Collectibles,U4_Quests,U4_MilitaryBase","0.11.141","TaskCompleteEvent",3,"Restore Power to B3",NA
"1974","5c72fec3e4194c47a15a435d",4,"Development","8d703246-39e0-4ff5-aef9-ec166f84d182","JG4 UX4",183,"2019-02-24 08:28:57","WindowsPlayer",NA,11,"TaskEvent",0,"0.11.141",-584.162536621094,750.166931152344,62.8709945678711,0.0697582811117172,-0.99756383895874,0,"Find Toppo's Posters,Crash Diagnostics - Mountains,History of WAT247,U3 - Crash Side Quest P3,Riley’s request","49,poster1;49,poster5;49,poster6;46,jasper;50,watershed;50,infiltration;50,energy;40,Find the supplies crate;14,overflow fountain","U4,U4_Collectibles,U4_Quests,U4_MilitaryBase","0.11.141","TaskProgressEvent",3,"Restore Power to B3",1
"1975","5c72fec3e4194c47a15a4360",4,"Development","8d703246-39e0-4ff5-aef9-ec166f84d182","JG4 UX4",183,"2019-02-24 08:28:57","WindowsPlayer",NA,11,"TaskEvent",0,"0.11.141",-584.162536621094,750.166931152344,62.8709945678711,0.0697582811117172,-0.99756383895874,0,"Find Toppo's Posters,Crash Diagnostics - Mountains,History of WAT247,U3 - Crash Side Quest P3,Third Night at Base","49,poster1;49,poster5;49,poster6;46,jasper;50,watershed;50,infiltration;50,energy;40,Find the supplies crate;61,Head to Bed","U4,U4_Collectibles,U4_Quests,U4_MilitaryBase","0.11.141","TaskActiveEvent",3,"Restore Power to B2",NA
"1976","5c72fec4e4194c47a15a441c",4,"Development","8d703246-39e0-4ff5-aef9-ec166f84d182","JG4 UX4",183,"2019-02-24 07:34:50","WindowsPlayer",NA,11,"TaskEvent",0,"0.11.141",-243.972839355469,-10.2116889953613,61.8106384277344,-0.579282939434052,-0.815126538276672,0,"Find Toppo's Posters,Crash Diagnostics - Mountains,History of WAT247,Alien Gardens","49,poster1;49,poster4;49,poster5;49,poster6;46,jasper;50,watershed;50,dissolved materials;50,infiltration;50,energy;86,Examine a Garden","U3,U3_Collectibles,U3_Quests,U3_RiverSpline","0.11.141","TaskCompleteEvent",5,"Retry the Controls",NA
"1977","5c72fec4e4194c47a15a441d",4,"Development","8d703246-39e0-4ff5-aef9-ec166f84d182","JG4 UX4",183,"2019-02-24 07:34:50","WindowsPlayer",NA,11,"TaskEvent",0,"0.11.141",-243.972839355469,-10.2116889953613,61.8106384277344,-0.579282939434052,-0.815126538276672,0,"Find Toppo's Posters,Crash Diagnostics - Mountains,History of WAT247,Alien Gardens","49,poster1;49,poster4;49,poster5;49,poster6;46,jasper;50,watershed;50,dissolved materials;50,infiltration;50,energy;86,Examine a Garden;86,Check out the Supertree","U3,U3_Collectibles,U3_Quests,U3_RiverSpline","0.11.141","TaskProgressEvent",5,"Retry the Controls",1
"1978","5c72fec4e4194c47a15a4459",4,"Development","8d703246-39e0-4ff5-aef9-ec166f84d182","JG4 UX4",183,"2019-02-24 07:46:34","WindowsPlayer",NA,11,"TaskEvent",0,"0.11.141",-429.345275878906,367.056579589844,54.9799995422363,0.697164595127106,0.71691107749939,0,"Find Toppo's Posters,Crash Diagnostics - Mountains,History of WAT247,Strange Gardening","49,poster1;49,poster4;49,poster5;49,poster6;46,jasper;50,watershed;50,infiltration;50,energy;25,Install Pumps","U3,U3_Collectibles,U3_Quests,U3_RiverSpline","0.11.141","TaskActiveEvent",5,"Drill to the Water Table",NA
"1979","5c72fec4e4194c47a15a445c",4,"Development","8d703246-39e0-4ff5-aef9-ec166f84d182","JG4 UX4",183,"2019-02-24 07:46:34","WindowsPlayer",NA,11,"TaskEvent",0,"0.11.141",-429.345275878906,367.056579589844,54.9799995422363,0.697164595127106,0.71691107749939,0,"Find Toppo's Posters,Crash Diagnostics - Mountains,History of WAT247,Back at your base","49,poster1;49,poster4;49,poster5;49,poster6;46,jasper;50,watershed;50,infiltration;50,energy;56,Head to bed","U3,U3_Collectibles,U3_Quests,U3_RiverSpline","0.11.141","TaskActiveEvent",6,"Head Inside the Bunker",NA
"1980","5c72fec4e4194c47a15a451f",4,"Development","8d703246-39e0-4ff5-aef9-ec166f84d182","JG4 UX4",183,"2019-02-24 07:46:34","WindowsPlayer",NA,11,"TaskEvent",0,"0.11.141",-429.345275878906,367.056579589844,54.9799995422363,0.697164595127106,0.71691107749939,0,"Find Toppo's Posters,Crash Diagnostics - Mountains,History of WAT247,Strange Gardening,Back at your base","49,poster1;49,poster4;49,poster5;49,poster6;46,jasper;50,watershed;50,infiltration;50,energy","U3,U3_Collectibles,U3_Quests,U3_RiverSpline","0.11.141","TaskCompleteEvent",5,"Direct the irrigation",NA
"1981","5c744306e4194c47a15a4760",4,"Development","8d703246-39e0-4ff5-aef9-ec166f84d182","JG4 UX4",183,"2019-02-24 07:43:47","WindowsPlayer",NA,11,"TaskEvent",0,"0.11.141",-156.495376586914,-112.133270263672,51.7882118225098,-0.997564196586609,0.0697553157806396,0,"Find Toppo's Posters,Crash Diagnostics - Mountains,History of WAT247,Collect all the Pumps in the Alien Facility","49,poster1;49,poster4;49,poster5;49,poster6;46,jasper;50,watershed;50,infiltration;50,energy;75,Pump4","U3_Dungeon_Side_Quest","0.11.141","TaskProgressEvent",5,"Direct the irrigation",1
"1982","5c744307e4194c47a15a4768",4,"Development","8d703246-39e0-4ff5-aef9-ec166f84d182","JG4 UX4",183,"2019-02-24 07:43:47","WindowsPlayer",NA,11,"TaskEvent",0,"0.11.141",-156.495376586914,-112.133270263672,51.7882118225098,-0.997564196586609,0.0697553157806396,0,"Find Toppo's Posters,Crash Diagnostics - Mountains,History of WAT247,Collect all the Pumps in the Alien Facility","49,poster1;49,poster4;49,poster5;49,poster6;46,jasper;50,watershed;50,infiltration;50,energy;75,Pump4","U3_Dungeon_Side_Quest","0.11.141","TaskActiveEvent",5,"Direct the irrigation",NA
"1983","5c744307e4194c47a15a4769",4,"Development","8d703246-39e0-4ff5-aef9-ec166f84d182","JG4 UX4",183,"2019-02-24 07:43:47","WindowsPlayer",NA,11,"TaskEvent",0,"0.11.141",-156.495376586914,-112.133270263672,51.7882118225098,-0.997564196586609,0.0697553157806396,0,"Find Toppo's Posters,Crash Diagnostics - Mountains,History of WAT247,Collect all the Pumps in the Alien Facility","49,poster1;49,poster4;49,poster5;49,poster6;46,jasper;50,watershed;50,infiltration;50,energy;75,Pump4;75,BackToGardens","U3_Dungeon_Side_Quest","0.11.141","TaskProgressEvent",5,"Drill to the Water Table",1
"1984","5c744377e4194c47a15a491b",4,"Development","8d703246-39e0-4ff5-aef9-ec166f84d182","JG4 UX4",183,"2019-02-24 07:55:25","WindowsPlayer",NA,11,"TaskEvent",0,"0.11.141",77.8298034667969,325.215576171875,37.3579406738281,0.989146649837494,-0.145410656929016,0.0210932791233063,"Find Toppo's Posters,Crash Diagnostics - Mountains,History of WAT247,U3 - Crash Side Quest P3,Alien Village,U4 - Crash Side Quest P5","49,poster1;49,poster5;49,poster6;46,jasper;50,watershed;50,infiltration;50,energy;40,Find the supplies crate;2,Find the Ruins","U4,U4_Collectibles,U4_Quests","0.11.141","TaskCompleteEvent",5,"Drill to the Water Table",NA
"1985","5c744521e4194c47a15a4fcb",4,"Development","8d703246-39e0-4ff5-aef9-ec166f84d182","JG4 UX4",183,"2019-02-24 07:42:18","WindowsPlayer",NA,11,"TaskEvent",0,"0.11.141",-142.091613769531,-105.072982788086,52.3483009338379,-0.872921943664551,-0.487859845161438,0,"Find Toppo's Posters,Crash Diagnostics - Mountains,History of WAT247,Collect all the Pumps in the Alien Facility","49,poster1;49,poster4;49,poster5;49,poster6;46,jasper;50,watershed;50,infiltration;50,energy;75,Pump3","U3_Dungeon_Side_Quest","0.11.141","TaskProgressEvent",6,"Head Inside the Bunker",1
"1986","5c744521e4194c47a15a4fcd",4,"Development","8d703246-39e0-4ff5-aef9-ec166f84d182","JG4 UX4",183,"2019-02-24 07:42:18","WindowsPlayer",NA,11,"TaskEvent",0,"0.11.141",-142.091613769531,-105.072982788086,52.3483009338379,-0.872921943664551,-0.487859845161438,0,"Find Toppo's Posters,Crash Diagnostics - Mountains,History of WAT247,Collect all the Pumps in the Alien Facility","49,poster1;49,poster4;49,poster5;49,poster6;46,jasper;50,watershed;50,infiltration;50,energy;75,Pump3;75,Pump4","U3_Dungeon_Side_Quest","0.11.141","TaskActiveEvent",6,"Investigate the Flood",NA
"1987","5c744521e4194c47a15a4fd2",4,"Development","8d703246-39e0-4ff5-aef9-ec166f84d182","JG4 UX4",183,"2019-02-24 07:42:18","WindowsPlayer",NA,11,"TaskEvent",0,"0.11.141",-142.091613769531,-105.072982788086,52.3483009338379,-0.872921943664551,-0.487859845161438,0,"Find Toppo's Posters,Crash Diagnostics - Mountains,History of WAT247,Collect all the Pumps in the Alien Facility","49,poster1;49,poster4;49,poster5;49,poster6;46,jasper;50,watershed;50,infiltration;50,energy;75,Pump3","U3_Dungeon_Side_Quest","0.11.141","TaskCompleteEvent",6,"Head Inside the Bunker",NA
"1988","5c744928e4194c47a15a607e",4,"Development","8d703246-39e0-4ff5-aef9-ec166f84d182","JG4 UX4",183,"2019-02-24 07:41:14","WindowsPlayer",NA,11,"TaskEvent",0,"0.11.141",-157.58073425293,-90.2059783935547,51.9216423034668,-0.763795018196106,-0.645458698272705,0,"Find Toppo's Posters,Crash Diagnostics - Mountains,History of WAT247,Collect all the Pumps in the Alien Facility","49,poster1;49,poster4;49,poster5;49,poster6;46,jasper;50,watershed;50,infiltration;50,energy;75,Pump2","U3_Dungeon_Side_Quest","0.11.141","TaskActiveEvent",3,"Restore Power to B4",NA
"1989","5c744928e4194c47a15a607f",4,"Development","8d703246-39e0-4ff5-aef9-ec166f84d182","JG4 UX4",183,"2019-02-24 07:41:14","WindowsPlayer",NA,11,"TaskEvent",0,"0.11.141",-157.58073425293,-90.2059783935547,51.9216423034668,-0.763795018196106,-0.645458698272705,0,"Find Toppo's Posters,Crash Diagnostics - Mountains,History of WAT247,Collect all the Pumps in the Alien Facility","49,poster1;49,poster4;49,poster5;49,poster6;46,jasper;50,watershed;50,infiltration;50,energy;75,Pump2;75,Pump3","U3_Dungeon_Side_Quest","0.11.141","TaskProgressEvent",3,"Restore Power to B5",1
"1990","5c744928e4194c47a15a6084",4,"Development","8d703246-39e0-4ff5-aef9-ec166f84d182","JG4 UX4",183,"2019-02-24 07:41:14","WindowsPlayer",NA,11,"TaskEvent",0,"0.11.141",-157.58073425293,-90.2059783935547,51.9216423034668,-0.763795018196106,-0.645458698272705,0,"Find Toppo's Posters,Crash Diagnostics - Mountains,History of WAT247,Collect all the Pumps in the Alien Facility","49,poster1;49,poster4;49,poster5;49,poster6;46,jasper;50,watershed;50,infiltration;50,energy;75,Pump2","U3_Dungeon_Side_Quest","0.11.141","TaskCompleteEvent",3,"Restore Power to B5",NA
"1991","5c744978e4194c47a15a61c8",4,"Development","8d703246-39e0-4ff5-aef9-ec166f84d182","JG4 UX4",183,"2019-02-24 08:26:57","WindowsPlayer",NA,11,"TaskEvent",0,"0.11.141",-203.785110473633,418.957336425781,23.9251899719238,-0.408329367637634,-0.912834763526917,0,"Find Toppo's Posters,Crash Diagnostics - Mountains,History of WAT247,U3 - Crash Side Quest P3,Riley’s request","49,poster1;49,poster5;49,poster6;46,jasper;50,watershed;50,infiltration;50,energy;40,Find the supplies crate;14,fountain3;14,Head back to Anderson","U4,U4_Collectibles,U4_Quests","0.11.141","TaskActiveEvent",5,"Retry the Controls",NA
"1992","5c744978e4194c47a15a61ce",4,"Development","8d703246-39e0-4ff5-aef9-ec166f84d182","JG4 UX4",183,"2019-02-24 08:26:57","WindowsPlayer",NA,11,"TaskEvent",0,"0.11.141",-203.785110473633,418.957336425781,23.9251899719238,-0.408329367637634,-0.912834763526917,0,"Find Toppo's Posters,Crash Diagnostics - Mountains,History of WAT247,U3 - Crash Side Quest P3,Riley’s request","49,poster1;49,poster5;49,poster6;46,jasper;50,watershed;50,infiltration;50,energy;40,Find the supplies crate;14,fountain3","U4,U4_Collectibles,U4_Quests","0.11.141","TaskProgressEvent",3,"Restore Power to B1",1
"1993","5c744978e4194c47a15a61d1",4,"Development","8d703246-39e0-4ff5-aef9-ec166f84d182","JG4 UX4",183,"2019-02-24 08:26:57","WindowsPlayer",NA,11,"TaskEvent",0,"0.11.141",-203.785110473633,418.957336425781,23.9251899719238,-0.408329367637634,-0.912834763526917,0,"Find Toppo's Posters,Crash Diagnostics - Mountains,History of WAT247,U3 - Crash Side Quest P3,Riley’s request","49,poster1;49,poster5;49,poster6;46,jasper;50,watershed;50,infiltration;50,energy;40,Find the supplies crate;14,fountain3","U4,U4_Collectibles,U4_Quests","0.11.141","TaskCompleteEvent",3,"Restore Power to B1",NA
"1994","5c74497de4194c47a15a61e7",4,"Development","8d703246-39e0-4ff5-aef9-ec166f84d182","JG4 UX4",183,"2019-02-24 08:17:53","WindowsPlayer",NA,11,"TaskEvent",0,"0.11.141",-9.43753719329834,23.5041942596436,-13.0200004577637,0.87714672088623,-0.480222702026367,0,"Find Toppo's Posters,Crash Diagnostics - Mountains,History of WAT247,U3 - Crash Side Quest P3,Checking the Living Quarters","49,poster1;49,poster5;49,poster6;46,jasper;50,watershed;50,infiltration;50,energy;40,Find the supplies crate;81,Scan the Living Quarters Depth","U4_Bunker,U4_Bunker_Quests","0.11.141","TaskProgressEvent",80,"Scan the Armory Ceiling",1
"1995","5c74497ee4194c47a15a61ec",4,"Development","8d703246-39e0-4ff5-aef9-ec166f84d182","JG4 UX4",183,"2019-02-24 08:17:53","WindowsPlayer",NA,11,"TaskEvent",0,"0.11.141",-9.43753719329834,23.5041942596436,-13.0200004577637,0.87714672088623,-0.480222702026367,0,"Find Toppo's Posters,Crash Diagnostics - Mountains,History of WAT247,U3 - Crash Side Quest P3,Checking the Living Quarters,Checking the Mess Hall","49,poster1;49,poster5;49,poster6;46,jasper;50,watershed;50,infiltration;50,energy;40,Find the supplies crate","U4_Bunker,U4_Bunker_Quests","0.11.141","TaskActiveEvent",80,"Scan the Amory Floor",NA
"1996","5c74497ee4194c47a15a61ee",4,"Development","8d703246-39e0-4ff5-aef9-ec166f84d182","JG4 UX4",183,"2019-02-24 08:17:53","WindowsPlayer",NA,11,"TaskEvent",0,"0.11.141",-9.43753719329834,23.5041942596436,-13.0200004577637,0.87714672088623,-0.480222702026367,0,"Find Toppo's Posters,Crash Diagnostics - Mountains,History of WAT247,U3 - Crash Side Quest P3,Checking the Mess Hall","49,poster1;49,poster5;49,poster6;46,jasper;50,watershed;50,infiltration;50,energy;40,Find the supplies crate;82,Scan the Mess Hall Ceiling","U4_Bunker,U4_Bunker_Quests","0.11.141","TaskCompleteEvent",80,"Scan the Armory Ceiling",NA
"1997","5c744b31e4194c47a15a68c1",4,"Development","8d703246-39e0-4ff5-aef9-ec166f84d182","JG4 UX4",183,"2019-02-24 07:46:08","WindowsPlayer",NA,11,"TaskEvent",0,"0.11.141",-565.132507324219,222.724990844727,57.9079399108887,-0.804894208908081,0.59341835975647,0,"Find Toppo's Posters,Crash Diagnostics - Mountains,History of WAT247,Strange Gardening","49,poster1;49,poster4;49,poster5;49,poster6;46,jasper;50,watershed;50,infiltration;50,energy;25,Install Pumps","U3,U3_Collectibles,U3_Quests,U3_RiverSpline","0.11.141","TaskActiveEvent",80,"Scan the Armory Depth",NA
"1998","5c745a00e4194c47a15ac274",4,"Development","8d703246-39e0-4ff5-aef9-ec166f84d182","JG4 UX4",183,"2019-02-24 07:38:15","WindowsPlayer",NA,11,"TaskEvent",0,"0.11.141",-557.17822265625,-460.908538818359,74.7739410400391,-0.275639235973358,-0.961261391639709,0,"Find Toppo's Posters,Crash Diagnostics - Mountains,History of WAT247,The Ruins","49,poster1;49,poster4;49,poster5;49,poster6;46,jasper;50,watershed;50,infiltration;50,energy;87,Unlock the door","U3,U3_Collectibles,U3_Quests,U3_RiverSpline","0.11.141","TaskProgressEvent",80,"Scan the Amory Floor",1
"1999","5c745a00e4194c47a15ac275",4,"Development","8d703246-39e0-4ff5-aef9-ec166f84d182","JG4 UX4",183,"2019-02-24 07:38:15","WindowsPlayer",NA,11,"TaskEvent",0,"0.11.141",-557.17822265625,-460.908538818359,74.7739410400391,-0.275639235973358,-0.961261391639709,0,"Find Toppo's Posters,Crash Diagnostics - Mountains,History of WAT247,The Ruins","49,poster1;49,poster4;49,poster5;49,poster6;46,jasper;50,watershed;50,infiltration;50,energy;87,Unlock the door","U3,U3_Collectibles,U3_Quests,U3_RiverSpline","0.11.141","TaskCompleteEvent",80,"Scan the Amory Floor",NA
"2000","5c745a00e4194c47a15ac316",4,"Development","8d703246-39e0-4ff5-aef9-ec166f84d182","JG4 UX4",183,"2019-02-24 07:38:15","WindowsPlayer",NA,11,"TaskEvent",0,"0.11.141",-557.17822265625,-460.908538818359,74.7739410400391,-0.275639235973358,-0.961261391639709,0,"Find Toppo's Posters,Crash Diagnostics - Mountains,History of WAT247,The Ruins","49,poster1;49,poster4;49,poster5;49,poster6;46,jasper;50,watershed;50,infiltration;50,energy;87,Unlock the door;87,Enter the ruins","U3,U3_Collectibles,U3_Quests,U3_RiverSpline","0.11.141","TaskProgressEvent",81,"Scan the Living Quarters Floor",1
"2001","5c745a04e4194c47a15ac9f9",4,"Development","8d703246-39e0-4ff5-aef9-ec166f84d182","JG4 UX4",183,"2019-02-24 08:28:57","WindowsPlayer",NA,11,"TaskEvent",0,"0.11.141",-584.162536621094,750.166931152344,62.8709945678711,0.0697582811117172,-0.99756383895874,0,"Find Toppo's Posters,Crash Diagnostics - Mountains,History of WAT247,U3 - Crash Side Quest P3,Riley’s request","49,poster1;49,poster5;49,poster6;46,jasper;50,watershed;50,infiltration;50,energy;40,Find the supplies crate;14,overflow fountain","U4,U4_Collectibles,U4_Quests,U4_MilitaryBase","0.11.141","TaskActiveEvent",81,"Scan the Living Quarters Depth",NA
"2002","5c745a04e4194c47a15acb37",4,"Development","8d703246-39e0-4ff5-aef9-ec166f84d182","JG4 UX4",183,"2019-02-24 08:28:57","WindowsPlayer",NA,11,"TaskEvent",0,"0.11.141",-584.162536621094,750.166931152344,62.8709945678711,0.0697582811117172,-0.99756383895874,0,"Find Toppo's Posters,Crash Diagnostics - Mountains,History of WAT247,U3 - Crash Side Quest P3,Third Night at Base","49,poster1;49,poster5;49,poster6;46,jasper;50,watershed;50,infiltration;50,energy;40,Find the supplies crate;61,Head to Bed","U4,U4_Collectibles,U4_Quests,U4_MilitaryBase","0.11.141","TaskCompleteEvent",81,"Scan the Living Quarters Floor",NA
"2003","5c745a05e4194c47a15acc5c",4,"Development","8d703246-39e0-4ff5-aef9-ec166f84d182","JG4 UX4",183,"2019-02-24 08:28:57","WindowsPlayer",NA,11,"TaskEvent",0,"0.11.141",-584.162536621094,750.166931152344,62.8709945678711,0.0697582811117172,-0.99756383895874,0,"Find Toppo's Posters,Crash Diagnostics - Mountains,History of WAT247,U3 - Crash Side Quest P3,Riley’s request,Third Night at Base","49,poster1;49,poster5;49,poster6;46,jasper;50,watershed;50,infiltration;50,energy;40,Find the supplies crate","U4,U4_Collectibles,U4_Quests,U4_MilitaryBase","0.11.141","TaskCompleteEvent",82,"Scan the Mess Hall Depth",NA
"2004","5c746bbae4194c47a15b355a",4,"Development","8d703246-39e0-4ff5-aef9-ec166f84d182","JG4 UX4",183,"2019-02-24 07:38:15","WindowsPlayer",NA,11,"TaskEvent",0,"0.11.141",-557.17822265625,-460.908538818359,74.7739410400391,-0.275639235973358,-0.961261391639709,0,"Find Toppo's Posters,Crash Diagnostics - Mountains,History of WAT247,The Ruins","49,poster1;49,poster4;49,poster5;49,poster6;46,jasper;50,watershed;50,infiltration;50,energy;87,Unlock the door","U3,U3_Collectibles,U3_Quests,U3_RiverSpline","0.11.141","TaskProgressEvent",82,"Scan the Mess Hall Depth",1
"2005","5c746bbae4194c47a15b355b",4,"Development","8d703246-39e0-4ff5-aef9-ec166f84d182","JG4 UX4",183,"2019-02-24 07:38:15","WindowsPlayer",NA,11,"TaskEvent",0,"0.11.141",-557.17822265625,-460.908538818359,74.7739410400391,-0.275639235973358,-0.961261391639709,0,"Find Toppo's Posters,Crash Diagnostics - Mountains,History of WAT247,The Ruins","49,poster1;49,poster4;49,poster5;49,poster6;46,jasper;50,watershed;50,infiltration;50,energy;87,Unlock the door;87,Enter the ruins","U3,U3_Collectibles,U3_Quests,U3_RiverSpline","0.11.141","TaskActiveEvent",83,"Scan the Warehouse Ceiling",NA
"2006","5c746bbae4194c47a15b3674",4,"Development","8d703246-39e0-4ff5-aef9-ec166f84d182","JG4 UX4",183,"2019-02-24 07:38:15","WindowsPlayer",NA,11,"TaskEvent",0,"0.11.141",-557.17822265625,-460.908538818359,74.7739410400391,-0.275639235973358,-0.961261391639709,0,"Find Toppo's Posters,Crash Diagnostics - Mountains,History of WAT247,The Ruins","49,poster1;49,poster4;49,poster5;49,poster6;46,jasper;50,watershed;50,infiltration;50,energy;87,Unlock the door","U3,U3_Collectibles,U3_Quests,U3_RiverSpline","0.11.141","TaskActiveEvent",81,"Scan the Living Quarters Floor",NA
"2007","5c746bbae4194c47a15b367f",4,"Development","8d703246-39e0-4ff5-aef9-ec166f84d182","JG4 UX4",183,"2019-02-24 07:52:42","WindowsPlayer",NA,11,"TaskEvent",0,"0.11.141",-586.126525878906,753.165405273438,63.067569732666,0.106915220618248,-0.994265556335449,0.00227995542809367,"Find Toppo's Posters,Crash Diagnostics - Mountains,History of WAT247,U3 - Crash Side Quest P3,Second Day at Base","49,poster1;49,poster4;49,poster5;49,poster6;46,jasper;50,watershed;50,infiltration;50,energy;40,Find the supplies crate;59,Talk To Anderson","U4,U4_Collectibles,U4_Quests,U4_MilitaryBase","0.11.141","TaskCompleteEvent",81,"Scan the Living Quarters Ceiling",NA
"2008","5c746bbae4194c47a15b3680",4,"Development","8d703246-39e0-4ff5-aef9-ec166f84d182","JG4 UX4",183,"2019-02-24 07:52:42","WindowsPlayer",NA,11,"TaskEvent",0,"0.11.141",-586.126525878906,753.165405273438,63.067569732666,0.106915220618248,-0.994265556335449,0.00227995542809367,"Find Toppo's Posters,Crash Diagnostics - Mountains,History of WAT247,U3 - Crash Side Quest P3,Alien Village","49,poster1;49,poster4;49,poster5;49,poster6;46,jasper;50,watershed;50,infiltration;50,energy;40,Find the supplies crate;2,Find the Ruins","U4,U4_Collectibles,U4_Quests,U4_MilitaryBase","0.11.141","TaskProgressEvent",81,"Scan the Living Quarters Ceiling",1
"2009","5c746bbbe4194c47a15b38ee",4,"Development","8d703246-39e0-4ff5-aef9-ec166f84d182","JG4 UX4",183,"2019-02-24 07:52:42","WindowsPlayer",NA,11,"TaskEvent",0,"0.11.141",-586.126525878906,753.165405273438,63.067569732666,0.106915220618248,-0.994265556335449,0.00227995542809367,"Find Toppo's Posters,Crash Diagnostics - Mountains,History of WAT247,U3 - Crash Side Quest P3,Second Day at Base,Alien Village","49,poster1;49,poster4;49,poster5;49,poster6;46,jasper;50,watershed;50,infiltration;50,energy;40,Find the supplies crate","U4,U4_Collectibles,U4_Quests,U4_MilitaryBase","0.11.141","TaskActiveEvent",80,"Scan the Armory Ceiling",NA
"2010","5c746c08e4194c47a15b48bb",4,"Development","8d703246-39e0-4ff5-aef9-ec166f84d182","JG4 UX4",183,"2019-02-24 07:34:50","WindowsPlayer",NA,11,"TaskEvent",0,"0.11.141",-243.972839355469,-10.2116889953613,61.8106384277344,-0.579282939434052,-0.815126538276672,0,"Find Toppo's Posters,Crash Diagnostics - Mountains,History of WAT247,Alien Gardens","49,poster1;49,poster4;49,poster5;49,poster6;46,jasper;50,watershed;50,dissolved materials;50,infiltration;50,energy;86,Examine a Garden","U3,U3_Collectibles,U3_Quests,U3_RiverSpline","0.11.141","TaskProgressEvent",6,"Investigate the Flood",1
"2011","5c746c09e4194c47a15b4941",4,"Development","8d703246-39e0-4ff5-aef9-ec166f84d182","JG4 UX4",183,"2019-02-24 07:34:50","WindowsPlayer",NA,11,"TaskEvent",0,"0.11.141",-243.972839355469,-10.2116889953613,61.8106384277344,-0.579282939434052,-0.815126538276672,0,"Find Toppo's Posters,Crash Diagnostics - Mountains,History of WAT247,Alien Gardens","49,poster1;49,poster4;49,poster5;49,poster6;46,jasper;50,watershed;50,dissolved materials;50,infiltration;50,energy;86,Examine a Garden","U3,U3_Collectibles,U3_Quests,U3_RiverSpline","0.11.141","TaskCompleteEvent",6,"Investigate the Flood",NA
"2012","5c746c09e4194c47a15b4942",4,"Development","8d703246-39e0-4ff5-aef9-ec166f84d182","JG4 UX4",183,"2019-02-24 07:34:50","WindowsPlayer",NA,11,"TaskEvent",0,"0.11.141",-243.972839355469,-10.2116889953613,61.8106384277344,-0.579282939434052,-0.815126538276672,0,"Find Toppo's Posters,Crash Diagnostics - Mountains,History of WAT247,Alien Gardens","49,poster1;49,poster4;49,poster5;49,poster6;46,jasper;50,watershed;50,dissolved materials;50,infiltration;50,energy;86,Examine a Garden;86,Check out the Supertree","U3,U3_Collectibles,U3_Quests,U3_RiverSpline","0.11.141","TaskActiveEvent",12,"Who Flooded the Armory?",NA
"2013","5c746c09e4194c47a15b4b5a",4,"Development","8d703246-39e0-4ff5-aef9-ec166f84d182","JG4 UX4",183,"2019-02-24 08:28:57","WindowsPlayer",NA,11,"TaskEvent",0,"0.11.141",-584.162536621094,750.166931152344,62.8709945678711,0.0697582811117172,-0.99756383895874,0,"Find Toppo's Posters,Crash Diagnostics - Mountains,History of WAT247,U3 - Crash Side Quest P3,Riley’s request","49,poster1;49,poster5;49,poster6;46,jasper;50,watershed;50,infiltration;50,energy;40,Find the supplies crate;14,overflow fountain","U4,U4_Collectibles,U4_Quests,U4_MilitaryBase","0.11.141","TaskCompleteEvent",83,"Scan the Warehouse Depth",NA
"2014","5c746c09e4194c47a15b4b5b",4,"Development","8d703246-39e0-4ff5-aef9-ec166f84d182","JG4 UX4",183,"2019-02-24 08:28:57","WindowsPlayer",NA,11,"TaskEvent",0,"0.11.141",-584.162536621094,750.166931152344,62.8709945678711,0.0697582811117172,-0.99756383895874,0,"Find Toppo's Posters,Crash Diagnostics - Mountains,History of WAT247,U3 - Crash Side Quest P3,Third Night at Base","49,poster1;49,poster5;49,poster6;46,jasper;50,watershed;50,infiltration;50,energy;40,Find the supplies crate;61,Head to Bed","U4,U4_Collectibles,U4_Quests,U4_MilitaryBase","0.11.141","TaskProgressEvent",83,"Scan the Warehouse Depth",1
"2015","5c746c09e4194c47a15b4b70",4,"Development","8d703246-39e0-4ff5-aef9-ec166f84d182","JG4 UX4",183,"2019-02-24 07:52:42","WindowsPlayer",NA,11,"TaskEvent",0,"0.11.141",-586.126525878906,753.165405273438,63.067569732666,0.106915220618248,-0.994265556335449,0.00227995542809367,"Find Toppo's Posters,Crash Diagnostics - Mountains,History of WAT247,U3 - Crash Side Quest P3,Second Day at Base","49,poster1;49,poster4;49,poster5;49,poster6;46,jasper;50,watershed;50,infiltration;50,energy;40,Find the supplies crate;59,Talk To Anderson","U4,U4_Collectibles,U4_Quests,U4_MilitaryBase","0.11.141","TaskProgressEvent",83,"Scan the Warehouse Ceiling",1
"2016","5c746c09e4194c47a15b4b72",4,"Development","8d703246-39e0-4ff5-aef9-ec166f84d182","JG4 UX4",183,"2019-02-24 07:52:42","WindowsPlayer",NA,11,"TaskEvent",0,"0.11.141",-586.126525878906,753.165405273438,63.067569732666,0.106915220618248,-0.994265556335449,0.00227995542809367,"Find Toppo's Posters,Crash Diagnostics - Mountains,History of WAT247,U3 - Crash Side Quest P3,Alien Village","49,poster1;49,poster4;49,poster5;49,poster6;46,jasper;50,watershed;50,infiltration;50,energy;40,Find the supplies crate;2,Find the Ruins","U4,U4_Collectibles,U4_Quests,U4_MilitaryBase","0.11.141","TaskActiveEvent",83,"Scan the Warehouse Floor",NA
"2017","5c746c0ae4194c47a15b4bde",4,"Development","8d703246-39e0-4ff5-aef9-ec166f84d182","JG4 UX4",183,"2019-02-24 07:52:42","WindowsPlayer",NA,11,"TaskEvent",0,"0.11.141",-586.126525878906,753.165405273438,63.067569732666,0.106915220618248,-0.994265556335449,0.00227995542809367,"Find Toppo's Posters,Crash Diagnostics - Mountains,History of WAT247,U3 - Crash Side Quest P3,Second Day at Base,Alien Village","49,poster1;49,poster4;49,poster5;49,poster6;46,jasper;50,watershed;50,infiltration;50,energy;40,Find the supplies crate","U4,U4_Collectibles,U4_Quests,U4_MilitaryBase","0.11.141","TaskCompleteEvent",83,"Scan the Warehouse Ceiling",NA
"2018","5c746c0ae4194c47a15b4c2f",4,"Development","8d703246-39e0-4ff5-aef9-ec166f84d182","JG4 UX4",183,"2019-02-24 08:28:57","WindowsPlayer",NA,11,"TaskEvent",0,"0.11.141",-584.162536621094,750.166931152344,62.8709945678711,0.0697582811117172,-0.99756383895874,0,"Find Toppo's Posters,Crash Diagnostics - Mountains,History of WAT247,U3 - Crash Side Quest P3,Riley’s request,Third Night at Base","49,poster1;49,poster5;49,poster6;46,jasper;50,watershed;50,infiltration;50,energy;40,Find the supplies crate","U4,U4_Collectibles,U4_Quests,U4_MilitaryBase","0.11.141","TaskCompleteEvent",12,"Who Flooded the Armory?",NA
"2019","5cd704fae4194c2f5ff93217",4,"Development","8d703246-39e0-4ff5-aef9-ec166f84d182","JG4 UX4",183,"2019-02-24 07:34:50","WindowsPlayer",NA,11,"TaskEvent",0,"0.11.141",-243.972839355469,-10.2116889953613,61.8106384277344,-0.579282939434052,-0.815126538276672,0,"Find Toppo's Posters,Crash Diagnostics - Mountains,History of WAT247,Alien Gardens","49,poster1;49,poster4;49,poster5;49,poster6;46,jasper;50,watershed;50,dissolved materials;50,infiltration;50,energy;86,Examine a Garden","U3,U3_Collectibles,U3_Quests,U3_RiverSpline","0.11.141","TaskActiveEvent",12,"Who Flooded the Warehouse?",NA
"2020","5cd704fae4194c2f5ff9327b",4,"Development","8d703246-39e0-4ff5-aef9-ec166f84d182","JG4 UX4",183,"2019-02-24 07:34:50","WindowsPlayer",NA,11,"TaskEvent",0,"0.11.141",-243.972839355469,-10.2116889953613,61.8106384277344,-0.579282939434052,-0.815126538276672,0,"Find Toppo's Posters,Crash Diagnostics - Mountains,History of WAT247,Alien Gardens","49,poster1;49,poster4;49,poster5;49,poster6;46,jasper;50,watershed;50,dissolved materials;50,infiltration;50,energy;86,Examine a Garden","U3,U3_Collectibles,U3_Quests,U3_RiverSpline","0.11.141","TaskProgressEvent",12,"Who Flooded the Armory?",1
"2021","5cd704fae4194c2f5ff932ab",4,"Development","8d703246-39e0-4ff5-aef9-ec166f84d182","JG4 UX4",183,"2019-02-24 07:34:50","WindowsPlayer",NA,11,"TaskEvent",0,"0.11.141",-243.972839355469,-10.2116889953613,61.8106384277344,-0.579282939434052,-0.815126538276672,0,"Find Toppo's Posters,Crash Diagnostics - Mountains,History of WAT247,Alien Gardens","49,poster1;49,poster4;49,poster5;49,poster6;46,jasper;50,watershed;50,dissolved materials;50,infiltration;50,energy;86,Examine a Garden;86,Check out the Supertree","U3,U3_Collectibles,U3_Quests,U3_RiverSpline","0.11.141","TaskProgressEvent",83,"Scan the Warehouse Floor",1
"2022","5cd704fbe4194c2f5ff93586",4,"Development","8d703246-39e0-4ff5-aef9-ec166f84d182","JG4 UX4",183,"2019-02-24 07:52:42","WindowsPlayer",NA,11,"TaskEvent",0,"0.11.141",-586.126525878906,753.165405273438,63.067569732666,0.106915220618248,-0.994265556335449,0.00227995542809367,"Find Toppo's Posters,Crash Diagnostics - Mountains,History of WAT247,U3 - Crash Side Quest P3,Second Day at Base","49,poster1;49,poster4;49,poster5;49,poster6;46,jasper;50,watershed;50,infiltration;50,energy;40,Find the supplies crate;59,Talk To Anderson","U4,U4_Collectibles,U4_Quests,U4_MilitaryBase","0.11.141","TaskCompleteEvent",83,"Scan the Warehouse Floor",NA
"2023","5cd704fbe4194c2f5ff9358c",4,"Development","8d703246-39e0-4ff5-aef9-ec166f84d182","JG4 UX4",183,"2019-02-24 07:52:42","WindowsPlayer",NA,11,"TaskEvent",0,"0.11.141",-586.126525878906,753.165405273438,63.067569732666,0.106915220618248,-0.994265556335449,0.00227995542809367,"Find Toppo's Posters,Crash Diagnostics - Mountains,History of WAT247,U3 - Crash Side Quest P3,Second Day at Base,Alien Village","49,poster1;49,poster4;49,poster5;49,poster6;46,jasper;50,watershed;50,infiltration;50,energy;40,Find the supplies crate","U4,U4_Collectibles,U4_Quests,U4_MilitaryBase","0.11.141","TaskActiveEvent",83,"Scan the Warehouse Depth",NA
"2024","5cd704fbe4194c2f5ff9358f",4,"Development","8d703246-39e0-4ff5-aef9-ec166f84d182","JG4 UX4",183,"2019-02-24 07:52:42","WindowsPlayer",NA,11,"TaskEvent",0,"0.11.141",-586.126525878906,753.165405273438,63.067569732666,0.106915220618248,-0.994265556335449,0.00227995542809367,"Find Toppo's Posters,Crash Diagnostics - Mountains,History of WAT247,U3 - Crash Side Quest P3,Alien Village","49,poster1;49,poster4;49,poster5;49,poster6;46,jasper;50,watershed;50,infiltration;50,energy;40,Find the supplies crate;2,Find the Ruins","U4,U4_Collectibles,U4_Quests,U4_MilitaryBase","0.11.141","TaskCompleteEvent",12,"Who Flooded the Warehouse?",NA
"2025","5cd704fde4194c2f5ff937e6",4,"Development","8d703246-39e0-4ff5-aef9-ec166f84d182","JG4 UX4",183,"2019-02-24 07:38:15","WindowsPlayer",NA,11,"TaskEvent",0,"0.11.141",-557.17822265625,-460.908538818359,74.7739410400391,-0.275639235973358,-0.961261391639709,0,"Find Toppo's Posters,Crash Diagnostics - Mountains,History of WAT247,The Ruins","49,poster1;49,poster4;49,poster5;49,poster6;46,jasper;50,watershed;50,infiltration;50,energy;87,Unlock the door","U3,U3_Collectibles,U3_Quests,U3_RiverSpline","0.11.141","TaskProgressEvent",12,"Who Flooded the Warehouse?",1
"2026","5cd704fde4194c2f5ff93824",4,"Development","8d703246-39e0-4ff5-aef9-ec166f84d182","JG4 UX4",183,"2019-02-24 07:38:15","WindowsPlayer",NA,11,"TaskEvent",0,"0.11.141",-557.17822265625,-460.908538818359,74.7739410400391,-0.275639235973358,-0.961261391639709,0,"Find Toppo's Posters,Crash Diagnostics - Mountains,History of WAT247,The Ruins","49,poster1;49,poster4;49,poster5;49,poster6;46,jasper;50,watershed;50,infiltration;50,energy;87,Unlock the door","U3,U3_Collectibles,U3_Quests,U3_RiverSpline","0.11.141","TaskActiveEvent",13,"deactivate",NA
"2027","5cd704fde4194c2f5ff9387b",4,"Development","8d703246-39e0-4ff5-aef9-ec166f84d182","JG4 UX4",183,"2019-02-24 07:38:15","WindowsPlayer",NA,11,"TaskEvent",0,"0.11.141",-557.17822265625,-460.908538818359,74.7739410400391,-0.275639235973358,-0.961261391639709,0,"Find Toppo's Posters,Crash Diagnostics - Mountains,History of WAT247,The Ruins","49,poster1;49,poster4;49,poster5;49,poster6;46,jasper;50,watershed;50,infiltration;50,energy;87,Unlock the door;87,Enter the ruins","U3,U3_Collectibles,U3_Quests,U3_RiverSpline","0.11.141","TaskCompleteEvent",13,"deactivate",NA
"2028","5cd70500e4194c2f5ff93e84",4,"Development","8d703246-39e0-4ff5-aef9-ec166f84d182","JG4 UX4",183,"2019-02-24 08:28:57","WindowsPlayer",NA,11,"TaskEvent",0,"0.11.141",-584.162536621094,750.166931152344,62.8709945678711,0.0697582811117172,-0.99756383895874,0,"Find Toppo's Posters,Crash Diagnostics - Mountains,History of WAT247,U3 - Crash Side Quest P3,Riley’s request,Third Night at Base","49,poster1;49,poster5;49,poster6;46,jasper;50,watershed;50,infiltration;50,energy;40,Find the supplies crate","U4,U4_Collectibles,U4_Quests,U4_MilitaryBase","0.11.141","TaskProgressEvent",13,"deactivate",1
"2029","5cd70501e4194c2f5ff93ec0",4,"Development","8d703246-39e0-4ff5-aef9-ec166f84d182","JG4 UX4",183,"2019-02-24 08:28:57","WindowsPlayer",NA,11,"TaskEvent",0,"0.11.141",-584.162536621094,750.166931152344,62.8709945678711,0.0697582811117172,-0.99756383895874,0,"Find Toppo's Posters,Crash Diagnostics - Mountains,History of WAT247,U3 - Crash Side Quest P3,Riley’s request","49,poster1;49,poster5;49,poster6;46,jasper;50,watershed;50,infiltration;50,energy;40,Find the supplies crate;14,overflow fountain","U4,U4_Collectibles,U4_Quests,U4_MilitaryBase","0.11.141","TaskActiveEvent",13,"report",NA
"2030","5cd70501e4194c2f5ff93ec2",4,"Development","8d703246-39e0-4ff5-aef9-ec166f84d182","JG4 UX4",183,"2019-02-24 08:28:57","WindowsPlayer",NA,11,"TaskEvent",0,"0.11.141",-584.162536621094,750.166931152344,62.8709945678711,0.0697582811117172,-0.99756383895874,0,"Find Toppo's Posters,Crash Diagnostics - Mountains,History of WAT247,U3 - Crash Side Quest P3,Third Night at Base","49,poster1;49,poster5;49,poster6;46,jasper;50,watershed;50,infiltration;50,energy;40,Find the supplies crate;61,Head to Bed","U4,U4_Collectibles,U4_Quests,U4_MilitaryBase","0.11.141","TaskActiveEvent",14,"fountain1",NA
"2031","5c5b7ea3e4194c47a15194c7",4,"Development","8d703246-39e0-4ff5-aef9-ec166f84d182","JG5 UX5",184,"2019-02-06 12:40:57","WindowsPlayer",NA,11,"TaskEvent",0,"0.11.141",66.7399978637695,-2.96000003814697,0.792359113693237,-1,5.96046447753906e-08,0,"U1 - Welcome to WAT247",NA,"U1,U1_Quest","0.11.141","TaskCompleteEvent",13,"report",NA
"2032","5c5b7f02e4194c47a1519553",4,"Development","8d703246-39e0-4ff5-aef9-ec166f84d182","JG5 UX5",184,"2019-02-06 12:42:34","WindowsPlayer",NA,11,"TaskEvent",0,"0.11.141",66.7399978637695,-2.96000003814697,0.792359113693237,0.995227515697479,-0.0975825786590576,0,"U1 - Welcome to WAT247","74,wakeup","U1,U1_Quest","0.11.141","TaskProgressEvent",13,"report",1
"2033","5c5b7f02e4194c47a1519559",4,"Development","8d703246-39e0-4ff5-aef9-ec166f84d182","JG5 UX5",184,"2019-02-06 12:42:34","WindowsPlayer",NA,11,"TaskEvent",0,"0.11.141",66.7399978637695,-2.96000003814697,0.792359113693237,0.995227515697479,-0.0975825786590576,0,"U1 - Welcome to WAT247","74,wakeup","U1,U1_Quest","0.11.141","TaskActiveEvent",14,"fountain3",NA
"2034","5c5b7f02e4194c47a151955a",4,"Development","8d703246-39e0-4ff5-aef9-ec166f84d182","JG5 UX5",184,"2019-02-06 12:42:34","WindowsPlayer",NA,11,"TaskEvent",0,"0.11.141",66.7399978637695,-2.96000003814697,0.792359113693237,0.995227515697479,-0.0975825786590576,0,"U1 - Welcome to WAT247","74,wakeup;74,arfRoom","U1,U1_Quest","0.11.141","TaskCompleteEvent",14,"fountain2",NA
"2035","5c5b7f2ae4194c47a1519597",4,"Development","8d703246-39e0-4ff5-aef9-ec166f84d182","JG5 UX5",184,"2019-02-06 12:43:18","WindowsPlayer",NA,11,"TaskEvent",0,"0.11.141",-0.00795380864292383,-54.3018951416016,0.984734416007996,-0.0923690125346184,-0.995725035667419,0,"U1 - An Amazing AI","77,collectARF","U1,U1_Quest","0.11.141","TaskProgressEvent",14,"fountain2",1
"2036","5c5b7f2ae4194c47a151959d",4,"Development","8d703246-39e0-4ff5-aef9-ec166f84d182","JG5 UX5",184,"2019-02-06 12:43:18","WindowsPlayer",NA,11,"TaskEvent",0,"0.11.141",-0.00795380864292383,-54.3018951416016,0.984734416007996,-0.0923690125346184,-0.995725035667419,0,"U1 - Welcome to WAT247,U1 - An Amazing AI",NA,"U1,U1_Quest","0.11.141","TaskActiveEvent",14,"fountain2",NA
"2037","5c5b7f2be4194c47a15195a0",4,"Development","8d703246-39e0-4ff5-aef9-ec166f84d182","JG5 UX5",184,"2019-02-06 12:43:18","WindowsPlayer",NA,11,"TaskEvent",0,"0.11.141",-0.00795380864292383,-54.3018951416016,0.984734416007996,-0.0923690125346184,-0.995725035667419,0,"U1 - Welcome to WAT247","74,arfRoom","U1,U1_Quest","0.11.141","TaskCompleteEvent",14,"fountain1",NA
"2038","5c5b7f99e4194c47a1519641",4,"Development","8d703246-39e0-4ff5-aef9-ec166f84d182","JG5 UX5",184,"2019-02-06 12:45:10","WindowsPlayer",NA,11,"TaskEvent",0,"0.11.141",0.238075852394104,-59.0147933959961,0.777678370475769,-0.0558199174702168,-0.998441100120544,0,"U1 - An Amazing AI","77,collectARF","U1,U1_Quest","0.11.141","TaskProgressEvent",14,"fountain1",1
"2039","5c5b7f99e4194c47a1519642",4,"Development","8d703246-39e0-4ff5-aef9-ec166f84d182","JG5 UX5",184,"2019-02-06 12:45:10","WindowsPlayer",NA,11,"TaskEvent",0,"0.11.141",0.238075852394104,-59.0147933959961,0.777678370475769,-0.0558199174702168,-0.998441100120544,0,"U1 - An Amazing AI","77,collectARF;77,checkPoster","U1,U1_Quest","0.11.141","TaskCompleteEvent",61,"Head to Bed",NA
"2040","5c5b7f99e4194c47a1519648",4,"Development","8d703246-39e0-4ff5-aef9-ec166f84d182","JG5 UX5",184,"2019-02-06 12:45:10","WindowsPlayer",NA,11,"TaskEvent",0,"0.11.141",0.238075852394104,-59.0147933959961,0.777678370475769,-0.0558199174702168,-0.998441100120544,0,"U1 - An Amazing AI","77,collectARF","U1,U1_Quest","0.11.141","TaskProgressEvent",61,"Head to Bed",1
"2041","5c5b7ff8e4194c47a15196c6",4,"Development","8d703246-39e0-4ff5-aef9-ec166f84d182","JG5 UX5",184,"2019-02-06 12:46:40","WindowsPlayer",NA,11,"TaskEvent",0,"0.11.141",-3.71305799484253,-62.0022964477539,0.777678370475769,-0.991894245147705,-0.127066016197205,0,"U1 - An Amazing AI","77,checkPoster","U1,U1_Quest","0.11.141","TaskActiveEvent",85,"teleport island",NA
"2042","5c5b7ff8e4194c47a15196cf",4,"Development","8d703246-39e0-4ff5-aef9-ec166f84d182","JG5 UX5",184,"2019-02-06 12:46:40","WindowsPlayer",NA,11,"TaskEvent",0,"0.11.141",-3.71305799484253,-62.0022964477539,0.777678370475769,-0.991894245147705,-0.127066016197205,0,"U1 - An Amazing AI","77,checkPoster","U1,U1_Quest","0.11.141","TaskProgressEvent",14,"Head back to Anderson",1
"2043","5c5b7ff8e4194c47a15196d2",4,"Development","8d703246-39e0-4ff5-aef9-ec166f84d182","JG5 UX5",184,"2019-02-06 12:46:40","WindowsPlayer",NA,11,"TaskEvent",0,"0.11.141",-3.71305799484253,-62.0022964477539,0.777678370475769,-0.991894245147705,-0.127066016197205,0,"U1 - An Amazing AI","77,checkPoster;77,trialArg","U1,U1_Quest","0.11.141","TaskActiveEvent",14,"overflow fountain",NA
"2044","5c5b8034e4194c47a1519730",4,"Development","8d703246-39e0-4ff5-aef9-ec166f84d182","JG5 UX5",184,"2019-02-06 12:47:43","WindowsPlayer",NA,11,"TaskEvent",0,"0.11.141",-3.71305799484253,-62.0022964477539,0.777678370475769,-0.991894245147705,-0.127066016197205,0,"U1 - An Amazing AI,U1 - Time to Argue!",NA,"U1,U1_Quest","0.11.141","TaskCompleteEvent",14,"Head back to Anderson",NA
"2045","5c5b8034e4194c47a1519731",4,"Development","8d703246-39e0-4ff5-aef9-ec166f84d182","JG5 UX5",184,"2019-02-06 12:47:43","WindowsPlayer",NA,11,"TaskEvent",0,"0.11.141",-3.71305799484253,-62.0022964477539,0.777678370475769,-0.991894245147705,-0.127066016197205,0,"U1 - Time to Argue!","78,toppoTalk","U1,U1_Quest","0.11.141","TaskProgressEvent",75,"Pump4",1
"2046","5c5b8034e4194c47a151973a",4,"Development","8d703246-39e0-4ff5-aef9-ec166f84d182","JG5 UX5",184,"2019-02-06 12:47:43","WindowsPlayer",NA,11,"TaskEvent",0,"0.11.141",-3.71305799484253,-62.0022964477539,0.777678370475769,-0.991894245147705,-0.127066016197205,0,"U1 - An Amazing AI","77,trialArg","U1,U1_Quest","0.11.141","TaskCompleteEvent",75,"Pump4",NA
"2047","5c5b8098e4194c47a15197ea",4,"Development","8d703246-39e0-4ff5-aef9-ec166f84d182","JG5 UX5",184,"2019-02-06 12:49:26","WindowsPlayer",NA,11,"TaskEvent",0,"0.11.141",-65.5197296142578,0.598407924175262,0.792359054088593,-0.995562076568604,0.094106137752533,0,"U1 - Time to Argue!","78,toppoTalk;78,completeArg","U1,U1_Quest","0.11.141","TaskActiveEvent",75,"BackToGardens",NA
"2048","5c5b8098e4194c47a15197f1",4,"Development","8d703246-39e0-4ff5-aef9-ec166f84d182","JG5 UX5",184,"2019-02-06 12:49:26","WindowsPlayer",NA,11,"TaskEvent",0,"0.11.141",-65.5197296142578,0.598407924175262,0.792359054088593,-0.995562076568604,0.094106137752533,0,"U1 - Time to Argue!","78,toppoTalk","U1,U1_Quest","0.11.141","TaskActiveEvent",42,"Locate the Beacon",NA
"2049","5c5b8098e4194c47a15197f2",4,"Development","8d703246-39e0-4ff5-aef9-ec166f84d182","JG5 UX5",184,"2019-02-06 12:49:26","WindowsPlayer",NA,11,"TaskEvent",0,"0.11.141",-65.5197296142578,0.598407924175262,0.792359054088593,-0.995562076568604,0.094106137752533,0,"U1 - Time to Argue!","78,toppoTalk","U1,U1_Quest","0.11.141","TaskActiveEvent",75,"Pump4",NA
"2050","5c5b814ce4194c47a151991a",4,"Development","8d703246-39e0-4ff5-aef9-ec166f84d182","JG5 UX5",184,"2019-02-06 12:52:24","WindowsPlayer",NA,11,"TaskEvent",0,"0.11.141",-65.5197296142578,0.598407924175262,0.792359054088593,-0.981627464294434,0.190806984901428,0,"U1 - Time to Argue!","78,completeArg","U1,U1_Quest","0.11.141","TaskProgressEvent",75,"Pump3",1
"2051","5c5b814ce4194c47a151991b",4,"Development","8d703246-39e0-4ff5-aef9-ec166f84d182","JG5 UX5",184,"2019-02-06 12:52:24","WindowsPlayer",NA,11,"TaskEvent",0,"0.11.141",-65.5197296142578,0.598407924175262,0.792359054088593,-0.981627464294434,0.190806984901428,0,"U1 - Time to Argue!,U1 - Meet up with Jasper",NA,"U1,U1_Quest","0.11.141","TaskCompleteEvent",75,"Pump3",NA
"2052","5c5b814ce4194c47a151991d",4,"Development","8d703246-39e0-4ff5-aef9-ec166f84d182","JG5 UX5",184,"2019-02-06 12:52:24","WindowsPlayer",NA,11,"TaskEvent",0,"0.11.141",-65.5197296142578,0.598407924175262,0.792359054088593,-0.981627464294434,0.190806984901428,0,"U1 - Meet up with Jasper","79,meetJasper","U1,U1_Quest","0.11.141","TaskCompleteEvent",75,"Pump2",NA
"2053","5c5b81e2e4194c47a15199d9",4,"Development","8d703246-39e0-4ff5-aef9-ec166f84d182","JG5 UX5",184,"2019-02-06 12:54:44","WindowsPlayer",NA,11,"TaskEvent",0,"0.11.141",22.5645408630371,1.38659763336182,0.787625193595886,0.999701738357544,-0.0244295597076416,0,"U1 - Meet up with Jasper","79,meetJasper","U1,U1_Quest","0.11.141","TaskActiveEvent",75,"Pump3",NA
"2054","5c5b81e2e4194c47a15199da",4,"Development","8d703246-39e0-4ff5-aef9-ec166f84d182","JG5 UX5",184,"2019-02-06 12:54:44","WindowsPlayer",NA,11,"TaskEvent",0,"0.11.141",22.5645408630371,1.38659763336182,0.787625193595886,0.999701738357544,-0.0244295597076416,0,"U1 - Meet up with Jasper","79,meetJasper","U1,U1_Quest","0.11.141","TaskProgressEvent",75,"Pump2",1
"2055","5c5b81e2e4194c47a15199db",4,"Development","8d703246-39e0-4ff5-aef9-ec166f84d182","JG5 UX5",184,"2019-02-06 12:54:44","WindowsPlayer",NA,11,"TaskEvent",0,"0.11.141",22.5645408630371,1.38659763336182,0.787625193595886,0.999701738357544,-0.0244295597076416,0,"U1 - Meet up with Jasper","79,meetJasper;79,followJasper","U1,U1_Quest","0.11.141","TaskCompleteEvent",81,"Scan the Living Quarters Depth",NA
"2056","5c5b81e2e4194c47a15199df",4,"Development","8d703246-39e0-4ff5-aef9-ec166f84d182","JG5 UX5",184,"2019-02-06 12:54:54","WindowsPlayer",NA,11,"TaskEvent",0,"0.11.141",35.5195617675781,23.8659744262695,0.979737639427185,-0.51952201128006,0.854457139968872,0,"U1 - Meet up with Jasper","79,followJasper","U1,U1_Quest","0.11.141","TaskActiveEvent",82,"Scan the Mess Hall Ceiling",NA
"2057","5c5b81e2e4194c47a15199e0",4,"Development","8d703246-39e0-4ff5-aef9-ec166f84d182","JG5 UX5",184,"2019-02-06 12:54:54","WindowsPlayer",NA,11,"TaskEvent",0,"0.11.141",35.5195617675781,23.8659744262695,0.979737639427185,-0.51952201128006,0.854457139968872,0,"U1 - Meet up with Jasper","79,followJasper","U1,U1_Quest","0.11.141","TaskCompleteEvent",14,"fountain3",NA
"2058","5c5b81e2e4194c47a15199e1",4,"Development","8d703246-39e0-4ff5-aef9-ec166f84d182","JG5 UX5",184,"2019-02-06 12:54:54","WindowsPlayer",NA,11,"TaskEvent",0,"0.11.141",35.5195617675781,23.8659744262695,0.979737639427185,-0.51952201128006,0.854457139968872,0,"U1 - Meet up with Jasper","79,followJasper;79,jumpDebris","U1,U1_Quest","0.11.141","TaskProgressEvent",81,"Scan the Living Quarters Depth",1
"2059","5c5b81fbe4194c47a1519a0c",4,"Development","8d703246-39e0-4ff5-aef9-ec166f84d182","JG5 UX5",184,"2019-02-06 12:55:11","WindowsPlayer",NA,11,"TaskEvent",0,"0.11.141",30.3317890167236,30.190185546875,1.77283704280853,-0.680723190307617,0.732540726661682,0,"U1 - Meet up with Jasper","79,jumpDebris","U1,U1_Quest","0.11.141","TaskActiveEvent",2,"Find the Ruins",NA
"2060","5c5b81fbe4194c47a1519a0d",4,"Development","8d703246-39e0-4ff5-aef9-ec166f84d182","JG5 UX5",184,"2019-02-06 12:55:11","WindowsPlayer",NA,11,"TaskEvent",0,"0.11.141",30.3317890167236,30.190185546875,1.77283704280853,-0.680723190307617,0.732540726661682,0,"U1 - Meet up with Jasper","79,jumpDebris;79,escapePods","U1,U1_Quest","0.11.141","TaskActiveEvent",61,"Head to Bed",NA
"2061","5c5b81fce4194c47a1519a10",4,"Development","8d703246-39e0-4ff5-aef9-ec166f84d182","JG5 UX5",184,"2019-02-06 12:55:11","WindowsPlayer",NA,11,"TaskEvent",0,"0.11.141",30.3317890167236,30.190185546875,1.77283704280853,-0.680723190307617,0.732540726661682,0,"U1 - Meet up with Jasper","79,jumpDebris","U1,U1_Quest","0.11.141","TaskProgressEvent",14,"fountain3",1
"2062","5c5b8200e4194c47a1519a16",4,"Development","8d703246-39e0-4ff5-aef9-ec166f84d182","JG5 UX5",184,"2019-02-06 12:55:19","WindowsPlayer",NA,11,"TaskEvent",0,"0.11.141",-0.110766842961311,55.7068710327148,0.980474591255188,-0.240231603384018,0.970715582370758,0,"U1 - Meet up with Jasper","79,escapePods","U1,U1_Quest","0.11.141","TaskActiveEvent",14,"Head back to Anderson",NA
"2063","5c5b8200e4194c47a1519a17",4,"Development","8d703246-39e0-4ff5-aef9-ec166f84d182","JG5 UX5",184,"2019-02-06 12:55:19","WindowsPlayer",NA,11,"TaskEvent",0,"0.11.141",-0.110766842961311,55.7068710327148,0.980474591255188,-0.240231603384018,0.970715582370758,0,"U1 - Meet up with Jasper","79,escapePods","U1,U1_Quest","0.11.141","TaskProgressEvent",25,"Install Pumps",3
"2064","5c5b8200e4194c47a1519a1a",4,"Development","8d703246-39e0-4ff5-aef9-ec166f84d182","JG5 UX5",184,"2019-02-06 12:55:19","WindowsPlayer",NA,11,"TaskEvent",0,"0.11.141",-0.110766842961311,55.7068710327148,0.980474591255188,-0.240231603384018,0.970715582370758,0,"U1 - Meet up with Jasper","79,escapePods;79,enterPod","U1,U1_Quest","0.11.141","TaskProgressEvent",59,"Talk To Anderson",1
"2065","5c5b820fe4194c47a1519a35",4,"Development","8d703246-39e0-4ff5-aef9-ec166f84d182","JG5 UX5",184,"2019-02-06 12:55:39","WindowsPlayer",NA,11,"TaskEvent",0,"0.11.141",1.51524484157562,71.3661041259766,0.980000019073486,-0.226654842495918,0.973975121974945,0,"U1 - Meet up with Jasper","79,enterPod","U1,U1_Quest","0.11.141","TaskProgressEvent",86,"Examine a Garden",1
"2066","5c5b820fe4194c47a1519a36",4,"Development","8d703246-39e0-4ff5-aef9-ec166f84d182","JG5 UX5",184,"2019-02-06 12:55:39","WindowsPlayer",NA,11,"TaskEvent",0,"0.11.141",1.51524484157562,71.3661041259766,0.980000019073486,-0.226654842495918,0.973975121974945,0,"",NA,"U1,U1_Quest","0.11.141","TaskCompleteEvent",59,"Talk To Anderson",NA
"2067","5c5b822ce4194c47a1519a54",4,"Development","8d703246-39e0-4ff5-aef9-ec166f84d182","JG5 UX5",184,"2019-02-06 12:56:07","WindowsPlayer",NA,11,"TaskEvent",0,"0.11.141",675.669982910156,1129.66003417969,98.5059509277344,-0.0337118096649647,-0.999431610107422,0,"Find Toppo's Posters","49,poster1;49,poster2","U2,U2_Collectibles,U2_Quests","0.11.141","TaskCompleteEvent",14,"overflow fountain",NA
"2068","5c5b822ce4194c47a1519a59",4,"Development","8d703246-39e0-4ff5-aef9-ec166f84d182","JG5 UX5",184,"2019-02-06 12:56:07","WindowsPlayer",NA,11,"TaskEvent",0,"0.11.141",675.669982910156,1129.66003417969,98.5059509277344,-0.0337118096649647,-0.999431610107422,0,"Find Toppo's Posters",NA,"U2,U2_Collectibles,U2_Quests","0.11.141","TaskProgressEvent",14,"overflow fountain",1
"2069","5c5b822ce4194c47a1519a5a",4,"Development","8d703246-39e0-4ff5-aef9-ec166f84d182","JG5 UX5",184,"2019-02-06 12:56:07","WindowsPlayer",NA,11,"TaskEvent",0,"0.11.141",675.669982910156,1129.66003417969,98.5059509277344,-0.0337118096649647,-0.999431610107422,0,"Find Toppo's Posters","49,poster1","U2,U2_Collectibles,U2_Quests","0.11.141","TaskActiveEvent",86,"Check out the Supertree",NA
"2070","5c5b822ce4194c47a1519a5b",4,"Development","8d703246-39e0-4ff5-aef9-ec166f84d182","JG5 UX5",184,"2019-02-06 12:56:07","WindowsPlayer",NA,11,"TaskEvent",0,"0.11.141",675.669982910156,1129.66003417969,98.5059509277344,-0.0337118096649647,-0.999431610107422,0,"Find Toppo's Posters","49,poster1;49,poster2;49,poster3;49,poster4","U2,U2_Collectibles,U2_Quests","0.11.141","TaskCompleteEvent",86,"Examine a Garden",NA
"2071","5c5b822ce4194c47a1519a5c",4,"Development","8d703246-39e0-4ff5-aef9-ec166f84d182","JG5 UX5",184,"2019-02-06 12:56:07","WindowsPlayer",NA,11,"TaskEvent",0,"0.11.141",675.669982910156,1129.66003417969,98.5059509277344,-0.0337118096649647,-0.999431610107422,0,"Find Toppo's Posters","49,poster1;49,poster2;49,poster3;49,poster4;49,poster5","U2,U2_Collectibles,U2_Quests","0.11.141","TaskCompleteEvent",25,"Install Pumps",NA
"2072","5c5b822ce4194c47a1519a65",4,"Development","8d703246-39e0-4ff5-aef9-ec166f84d182","JG5 UX5",184,"2019-02-06 12:56:07","WindowsPlayer",NA,11,"TaskEvent",0,"0.11.141",675.669982910156,1129.66003417969,98.5059509277344,-0.0337118096649647,-0.999431610107422,0,"Find Toppo's Posters","49,poster1;49,poster2;49,poster3","U2,U2_Collectibles,U2_Quests","0.11.141","TaskProgressEvent",25,"Install Pumps",4
"2073","5c5b826ee4194c47a1519ab6",4,"Development","8d703246-39e0-4ff5-aef9-ec166f84d182","JG5 UX5",184,"2019-02-06 12:57:15","WindowsPlayer",NA,11,"TaskEvent",0,"0.11.141",675.669982910156,1129.66003417969,98.5059509277344,-0.544171214103699,0.838974177837372,0,"Find Toppo's Posters,What just happened?","49,poster1;49,poster2;49,poster3;49,poster4;49,poster5;49,poster6","U2,U2_Collectibles,U2_Quests","0.11.141","TaskActiveEvent",56,"Head to bed",NA
"2074","5c5b8278e4194c47a1519ac6",4,"Development","8d703246-39e0-4ff5-aef9-ec166f84d182","JG5 UX5",184,"2019-02-06 12:57:19","WindowsPlayer",NA,11,"TaskEvent",0,"0.11.141",675.74072265625,1126.17602539062,98.1802520751953,0.0238749831914902,-0.999714851379395,0,"Find Toppo's Posters,What just happened?,Crash Diagnostics - Mountains","49,poster1;49,poster2;49,poster3;49,poster4;49,poster5;49,poster6;51,pod","U2,U2_Collectibles,U2_Quests","0.11.141","TaskActiveEvent",75,"BackToGardens",NA
"2075","5c5b8286e4194c47a1519ad7",4,"Development","8d703246-39e0-4ff5-aef9-ec166f84d182","JG5 UX5",184,"2019-02-06 12:57:35","WindowsPlayer",NA,11,"TaskEvent",0,"0.11.141",675.7880859375,1124.3056640625,98.0327682495117,0.0238749831914902,-0.999714851379395,0,"Find Toppo's Posters,What just happened?","49,poster1;49,poster2;49,poster3;49,poster4;49,poster5;49,poster6;51,pod","U2,U2_Collectibles,U2_Quests","0.11.141","TaskProgressEvent",75,"Pump4",1
"2076","5c5b8287e4194c47a1519adc",4,"Development","8d703246-39e0-4ff5-aef9-ec166f84d182","JG5 UX5",184,"2019-02-06 12:57:35","WindowsPlayer",NA,11,"TaskEvent",0,"0.11.141",675.7880859375,1124.3056640625,98.0327682495117,0.0238749831914902,-0.999714851379395,0,"Find Toppo's Posters,What just happened?,Crash Diagnostics - Mountains","49,poster1;49,poster2;49,poster3;49,poster4;49,poster5;49,poster6;51,pod;44,your pod","U2,U2_Collectibles,U2_Quests","0.11.141","TaskCompleteEvent",75,"Pump4",NA
"2077","5c5b82b3e4194c47a1519b0b",4,"Development","8d703246-39e0-4ff5-aef9-ec166f84d182","JG5 UX5",184,"2019-02-06 12:58:12","WindowsPlayer",NA,11,"TaskEvent",0,"0.11.141",675.7880859375,1124.3056640625,98.0327682495117,0.860458254814148,-0.50952136516571,0,"Find Toppo's Posters,What just happened?","49,poster1;49,poster2;49,poster3;49,poster4;49,poster5;49,poster6;51,pod","U2,U2_Collectibles,U2_Quests","0.11.141","TaskActiveEvent",42,"Locate the Beacon",NA
"2078","5c5b82b3e4194c47a1519b0c",4,"Development","8d703246-39e0-4ff5-aef9-ec166f84d182","JG5 UX5",184,"2019-02-06 12:58:12","WindowsPlayer",NA,11,"TaskEvent",0,"0.11.141",675.7880859375,1124.3056640625,98.0327682495117,0.860458254814148,-0.50952136516571,0,"Find Toppo's Posters,What just happened?","49,poster1;49,poster2;49,poster3;49,poster4;49,poster5;49,poster6;51,pod","U2,U2_Collectibles,U2_Quests","0.11.141","TaskProgressEvent",27,"Find the supplies",1
"2079","5c5b82b3e4194c47a1519b0d",4,"Development","8d703246-39e0-4ff5-aef9-ec166f84d182","JG5 UX5",184,"2019-02-06 12:58:12","WindowsPlayer",NA,11,"TaskEvent",0,"0.11.141",675.7880859375,1124.3056640625,98.0327682495117,0.860458254814148,-0.50952136516571,0,"Find Toppo's Posters,What just happened?","49,poster1;49,poster2;49,poster3;49,poster4;49,poster5;49,poster6;51,pod;51,scrap","U2,U2_Collectibles,U2_Quests","0.11.141","TaskCompleteEvent",27,"Find the supplies",NA
"2080","5c5b82c2e4194c47a1519b28",4,"Development","8d703246-39e0-4ff5-aef9-ec166f84d182","JG5 UX5",184,"2019-02-06 12:58:36","WindowsPlayer",NA,11,"TaskEvent",0,"0.11.141",643.352111816406,1206.80200195312,107.767517089844,-0.816823244094849,0.576887965202332,0,"Find Toppo's Posters,What just happened?","49,poster1;49,poster2;49,poster3;49,poster4;49,poster5;49,poster6;51,scrap","U2,U2_Collectibles,U2_Quests","0.11.141","TaskActiveEvent",27,"Deliver crates",NA
"2081","5c5b82cce4194c47a1519b41",4,"Development","8d703246-39e0-4ff5-aef9-ec166f84d182","JG5 UX5",184,"2019-02-06 12:58:51","WindowsPlayer",NA,11,"TaskEvent",0,"0.11.141",655.768310546875,1239.44445800781,107.767517089844,0.312864482402802,0.949797749519348,0,"Find Toppo's Posters,What just happened?","49,poster1;49,poster2;49,poster3;49,poster4;49,poster5;49,poster6;51,scrap","U2,U2_Collectibles,U2_Quests","0.11.141","TaskProgressEvent",27,"Deliver crates",1
"2082","5c5b82dbe4194c47a1519b50",4,"Development","8d703246-39e0-4ff5-aef9-ec166f84d182","JG5 UX5",184,"2019-02-06 12:59:05","WindowsPlayer",NA,11,"TaskEvent",0,"0.11.141",710.503662109375,1218.05480957031,107.189407348633,0.930852174758911,-0.36539626121521,0,"Find Toppo's Posters,What just happened?","49,poster1;49,poster2;49,poster3;49,poster4;49,poster5;49,poster6;51,scrap","U2,U2_Collectibles,U2_Quests","0.11.141","TaskProgressEvent",27,"Deliver crates",2
"2083","5c5b82dbe4194c47a1519b59",4,"Development","8d703246-39e0-4ff5-aef9-ec166f84d182","JG5 UX5",184,"2019-02-06 12:59:05","WindowsPlayer",NA,11,"TaskEvent",0,"0.11.141",710.503662109375,1218.05480957031,107.189407348633,0.930852174758911,-0.36539626121521,0,"Find Toppo's Posters,What just happened?","49,poster1;49,poster2;49,poster3;49,poster4;49,poster5;49,poster6;51,scrap;51,hoverboard","U2,U2_Collectibles,U2_Quests","0.11.141","TaskProgressEvent",27,"Deliver crates",3
"2084","5c5b82dce4194c47a1519b5f",4,"Development","8d703246-39e0-4ff5-aef9-ec166f84d182","JG5 UX5",184,"2019-02-06 12:59:05","WindowsPlayer",NA,11,"TaskEvent",0,"0.11.141",710.503662109375,1218.05480957031,107.189407348633,0.930852174758911,-0.36539626121521,0,"Find Toppo's Posters,What just happened?","49,poster1;49,poster2;49,poster3;49,poster4;49,poster5;49,poster6;51,scrap","U2,U2_Collectibles,U2_Quests","0.11.141","TaskActiveEvent",75,"Pump4",NA
"2085","5c5b8321e4194c47a1519bb8",4,"Development","8d703246-39e0-4ff5-aef9-ec166f84d182","JG5 UX5",184,"2019-02-06 13:00:12","WindowsPlayer",NA,11,"TaskEvent",0,"0.11.141",676.554138183594,1124.24011230469,98.0253677368164,-0.534823894500732,-0.844963908195496,0,"Find Toppo's Posters,What just happened?","49,poster1;49,poster2;49,poster3;49,poster4;49,poster5;49,poster6;51,hoverboard","U2,U2_Collectibles,U2_Quests","0.11.141","TaskCompleteEvent",75,"Pump3",NA
"2086","5c5b8321e4194c47a1519bb9",4,"Development","8d703246-39e0-4ff5-aef9-ec166f84d182","JG5 UX5",184,"2019-02-06 13:00:12","WindowsPlayer",NA,11,"TaskEvent",0,"0.11.141",676.554138183594,1124.24011230469,98.0253677368164,-0.534823894500732,-0.844963908195496,0,"Find Toppo's Posters,What just happened?","49,poster1;49,poster2;49,poster3;49,poster4;49,poster5;49,poster6;51,hoverboard;51,communications","U2,U2_Collectibles,U2_Quests","0.11.141","TaskProgressEvent",75,"Pump3",1
"2087","5c5b8321e4194c47a1519bbf",4,"Development","8d703246-39e0-4ff5-aef9-ec166f84d182","JG5 UX5",184,"2019-02-06 13:00:12","WindowsPlayer",NA,11,"TaskEvent",0,"0.11.141",676.554138183594,1124.24011230469,98.0253677368164,-0.534823894500732,-0.844963908195496,0,"Find Toppo's Posters,What just happened?","49,poster1;49,poster2;49,poster3;49,poster4;49,poster5;49,poster6;51,hoverboard","U2,U2_Collectibles,U2_Quests","0.11.141","TaskActiveEvent",24,"Trace the pollutant",NA
"2088","5c5b839fe4194c47a1519c7e",4,"Development","8d703246-39e0-4ff5-aef9-ec166f84d182","JG5 UX5",184,"2019-02-06 13:02:12","WindowsPlayer",NA,11,"TaskEvent",0,"0.11.141",728.190612792969,1513.779296875,125.488746643066,0.798970699310303,0.601369917392731,0,"Find Toppo's Posters,What just happened?","49,poster1;49,poster2;49,poster3;49,poster4;49,poster5;49,poster6;51,communications","U2,U2_Collectibles,U2_Quests","0.11.141","TaskCompleteEvent",24,"Test the base's water",NA
"2089","5c5b839fe4194c47a1519c80",4,"Development","8d703246-39e0-4ff5-aef9-ec166f84d182","JG5 UX5",184,"2019-02-06 13:02:12","WindowsPlayer",NA,11,"TaskEvent",0,"0.11.141",728.190612792969,1513.779296875,125.488746643066,0.798970699310303,0.601369917392731,0,"Find Toppo's Posters,What just happened?","49,poster1;49,poster2;49,poster3;49,poster4;49,poster5;49,poster6;51,communications","U2,U2_Collectibles,U2_Quests","0.11.141","TaskProgressEvent",24,"Test the base's water",1
"2090","5c5b83aee4194c47a1519c9e",4,"Development","8d703246-39e0-4ff5-aef9-ec166f84d182","JG5 UX5",184,"2019-02-06 13:02:36","WindowsPlayer",NA,11,"TaskEvent",0,"0.11.141",728.190612792969,1513.779296875,125.488746643066,-0.119583785533905,0.992824137210846,0,"Find Toppo's Posters,What just happened?","49,poster1;49,poster3;49,poster4;49,poster5;49,poster6;51,communications","U2,U2_Collectibles,U2_Quests","0.11.141","TaskCompleteEvent",49,"poster3",NA
"2091","5c5b83aee4194c47a1519ca3",4,"Development","8d703246-39e0-4ff5-aef9-ec166f84d182","JG5 UX5",184,"2019-02-06 13:02:36","WindowsPlayer",NA,11,"TaskEvent",0,"0.11.141",728.190612792969,1513.779296875,125.488746643066,-0.119583785533905,0.992824137210846,0,"Find Toppo's Posters,What just happened?,Find the Team","49,poster1;49,poster3;49,poster4;49,poster5;49,poster6","U2,U2_Collectibles,U2_Quests","0.11.141","TaskProgressEvent",49,"poster3",1
"2092","5c5b83aee4194c47a1519ca6",4,"Development","8d703246-39e0-4ff5-aef9-ec166f84d182","JG5 UX5",184,"2019-02-06 13:02:36","WindowsPlayer",NA,11,"TaskEvent",0,"0.11.141",728.190612792969,1513.779296875,125.488746643066,-0.119583785533905,0.992824137210846,0,"Find Toppo's Posters,Find the Team","49,poster1;49,poster3;49,poster4;49,poster5;49,poster6;20,Find the team","U2,U2_Collectibles,U2_Quests","0.11.141","TaskProgressEvent",24,"Trace the pollutant",1
"2093","5c5b84a8e4194c47a1519e94",4,"Development","8d703246-39e0-4ff5-aef9-ec166f84d182","JG5 UX5",184,"2019-02-06 13:06:45","WindowsPlayer",NA,11,"TaskEvent",0,"0.11.141",1054.10705566406,1699.28881835938,105.478569030762,-0.0325998328626156,0.999468505382538,0,"Find Toppo's Posters,Find the Team","49,poster1;49,poster3;49,poster4;49,poster5;49,poster6;20,Find the team","U2,U2_Collectibles,U2_Quests","0.11.141","TaskCompleteEvent",24,"Trace the pollutant",NA
"2094","5c5b84a8e4194c47a1519e95",4,"Development","8d703246-39e0-4ff5-aef9-ec166f84d182","JG5 UX5",184,"2019-02-06 13:06:45","WindowsPlayer",NA,11,"TaskEvent",0,"0.11.141",1054.10705566406,1699.28881835938,105.478569030762,-0.0325998328626156,0.999468505382538,0,"Find Toppo's Posters,Find the Team","49,poster1;49,poster3;49,poster4;49,poster5;49,poster6;20,Find the team;20,Talk with Dr. Topo","U2,U2_Collectibles,U2_Quests","0.11.141","TaskActiveEvent",24,"Open the Claimer System",NA
"2095","5c5b84a8e4194c47a1519e9b",4,"Development","8d703246-39e0-4ff5-aef9-ec166f84d182","JG5 UX5",184,"2019-02-06 13:06:45","WindowsPlayer",NA,11,"TaskEvent",0,"0.11.141",1054.10705566406,1699.28881835938,105.478569030762,-0.0325998328626156,0.999468505382538,0,"Find Toppo's Posters,Find the Team","49,poster1;49,poster3;49,poster4;49,poster5;49,poster6;20,Find the team","U2,U2_Collectibles,U2_Quests","0.11.141","TaskProgressEvent",75,"Pump2",1
"2096","5c5b84ade4194c47a1519eaa",4,"Development","8d703246-39e0-4ff5-aef9-ec166f84d182","JG5 UX5",184,"2019-02-06 13:06:53","WindowsPlayer",NA,11,"TaskEvent",0,"0.11.141",1061.34265136719,1755.84741210938,104.930046081543,0.55675745010376,0.83067512512207,0,"Find Toppo's Posters,Find the Team,Settling WAT247","49,poster1;49,poster3;49,poster4;49,poster5;49,poster6","U2,U2_Collectibles,U2_Quests","0.11.141","TaskCompleteEvent",75,"Pump2",NA
"2097","5c5b84aee4194c47a1519ead",4,"Development","8d703246-39e0-4ff5-aef9-ec166f84d182","JG5 UX5",184,"2019-02-06 13:06:53","WindowsPlayer",NA,11,"TaskEvent",0,"0.11.141",1061.34265136719,1755.84741210938,104.930046081543,0.55675745010376,0.83067512512207,0,"Find Toppo's Posters,Find the Team","49,poster1;49,poster3;49,poster4;49,poster5;49,poster6;20,Talk with Dr. Topo","U2,U2_Collectibles,U2_Quests","0.11.141","TaskActiveEvent",75,"Pump3",NA
"2098","5c5b84aee4194c47a1519eaf",4,"Development","8d703246-39e0-4ff5-aef9-ec166f84d182","JG5 UX5",184,"2019-02-06 13:06:53","WindowsPlayer",NA,11,"TaskEvent",0,"0.11.141",1061.34265136719,1755.84741210938,104.930046081543,0.55675745010376,0.83067512512207,0,"Find Toppo's Posters,Settling WAT247","49,poster1;49,poster3;49,poster4;49,poster5;49,poster6;22,Talk to Anderson","U2,U2_Collectibles,U2_Quests","0.11.141","TaskProgressEvent",0,"Convince Bill the pollutant is nearby",1
"2099","5c5b84cbe4194c47a1519ec9",4,"Development","8d703246-39e0-4ff5-aef9-ec166f84d182","JG5 UX5",184,"2019-02-06 13:07:12","WindowsPlayer",NA,11,"TaskEvent",0,"0.11.141",1061.34265136719,1755.84741210938,104.930046081543,0.55675745010376,0.83067512512207,0,"Find Toppo's Posters,Settling WAT247,Crash Diagnostics - Mountains","49,poster1;49,poster3;49,poster4;49,poster5;49,poster6;22,Talk to Anderson","U2,U2_Collectibles,U2_Quests","0.11.141","TaskActiveEvent",0,"Identify pollutant",NA
"2100","5c5b85c0e4194c47a151a03a",4,"Development","8d703246-39e0-4ff5-aef9-ec166f84d182","JG5 UX5",184,"2019-02-06 13:11:26","WindowsPlayer",NA,11,"TaskEvent",0,"0.11.141",1044.40979003906,1738.48669433594,104.090797424316,-0.90234637260437,0.431011497974396,0,"Find Toppo's Posters,Settling WAT247,Crash Diagnostics - Mountains","49,poster1;49,poster3;49,poster4;49,poster5;49,poster6;22,Talk to Anderson;46,jasper","U2,U2_Collectibles,U2_Quests","0.11.141","TaskCompleteEvent",0,"Convince Bill the pollutant is nearby",NA
"2101","5c5b85c0e4194c47a151a041",4,"Development","8d703246-39e0-4ff5-aef9-ec166f84d182","JG5 UX5",184,"2019-02-06 13:11:26","WindowsPlayer",NA,11,"TaskEvent",0,"0.11.141",1044.40979003906,1738.48669433594,104.090797424316,-0.90234637260437,0.431011497974396,0,"Find Toppo's Posters,Settling WAT247,Crash Diagnostics - Mountains","49,poster1;49,poster3;49,poster4;49,poster5;49,poster6;22,Talk to Anderson;46,jasper","U2,U2_Collectibles,U2_Quests","0.11.141","TaskCompleteEvent",14,"fountain3",NA
"2102","5c5b85c1e4194c47a151a046",4,"Development","8d703246-39e0-4ff5-aef9-ec166f84d182","JG5 UX5",184,"2019-02-06 13:11:26","WindowsPlayer",NA,11,"TaskEvent",0,"0.11.141",1044.40979003906,1738.48669433594,104.090797424316,-0.90234637260437,0.431011497974396,0,"Find Toppo's Posters,Settling WAT247,Crash Diagnostics - Mountains","49,poster1;49,poster3;49,poster4;49,poster5;49,poster6;22,Talk to Anderson;46,jasper;22,Talk to Sam","U2,U2_Collectibles,U2_Quests","0.11.141","TaskProgressEvent",14,"fountain3",1
"2103","5c5b85dfe4194c47a151a067",4,"Development","8d703246-39e0-4ff5-aef9-ec166f84d182","JG5 UX5",184,"2019-02-06 13:11:55","WindowsPlayer",NA,11,"TaskEvent",0,"0.11.141",1061.61340332031,1734.69677734375,99.8831939697266,-0.978262782096863,-0.207369089126587,0,"Find Toppo's Posters,Settling WAT247,Crash Diagnostics - Mountains","49,poster1;49,poster3;49,poster4;49,poster5;49,poster6;46,jasper;22,Talk to Sam;22,Talk to Bill","U2,U2_Collectibles,U2_Quests","0.11.141","TaskActiveEvent",14,"Head back to Anderson",NA
"2104","5c5b85dfe4194c47a151a06d",4,"Development","8d703246-39e0-4ff5-aef9-ec166f84d182","JG5 UX5",184,"2019-02-06 13:11:55","WindowsPlayer",NA,11,"TaskEvent",0,"0.11.141",1061.61340332031,1734.69677734375,99.8831939697266,-0.978262782096863,-0.207369089126587,0,"Find Toppo's Posters,Settling WAT247,Crash Diagnostics - Mountains","49,poster1;49,poster3;49,poster4;49,poster5;49,poster6;46,jasper;22,Talk to Sam","U2,U2_Collectibles,U2_Quests","0.11.141","TaskCompleteEvent",81,"Scan the Living Quarters Depth",NA
"2105","5c5b85dfe4194c47a151a06e",4,"Development","8d703246-39e0-4ff5-aef9-ec166f84d182","JG5 UX5",184,"2019-02-06 13:11:55","WindowsPlayer",NA,11,"TaskEvent",0,"0.11.141",1061.61340332031,1734.69677734375,99.8831939697266,-0.978262782096863,-0.207369089126587,0,"Find Toppo's Posters,Settling WAT247,Crash Diagnostics - Mountains","49,poster1;49,poster3;49,poster4;49,poster5;49,poster6;46,jasper;22,Talk to Sam","U2,U2_Collectibles,U2_Quests","0.11.141","TaskActiveEvent",82,"Scan the Mess Hall Ceiling",NA
"2106","5c5b85f8e4194c47a151a08c",4,"Development","8d703246-39e0-4ff5-aef9-ec166f84d182","JG5 UX5",184,"2019-02-06 13:12:18","WindowsPlayer",NA,11,"TaskEvent",0,"0.11.141",1051.94604492188,1729.50036621094,100.246398925781,-0.920038640499115,-0.391827464103699,0,"Find Toppo's Posters,Settling WAT247,Crash Diagnostics - Mountains","49,poster1;49,poster3;49,poster4;49,poster5;49,poster6;46,jasper;22,Talk to Bill","U2,U2_Collectibles,U2_Quests","0.11.141","TaskProgressEvent",81,"Scan the Living Quarters Depth",1
"2107","5c5b85f8e4194c47a151a08d",4,"Development","8d703246-39e0-4ff5-aef9-ec166f84d182","JG5 UX5",184,"2019-02-06 13:12:18","WindowsPlayer",NA,11,"TaskEvent",0,"0.11.141",1051.94604492188,1729.50036621094,100.246398925781,-0.920038640499115,-0.391827464103699,0,"Find Toppo's Posters,Settling WAT247,Crash Diagnostics - Mountains","49,poster1;49,poster3;49,poster4;49,poster5;49,poster6;46,jasper;22,Talk to Bill;22,Sample the east waterfall","U2,U2_Collectibles,U2_Quests","0.11.141","TaskActiveEvent",0,"Talk with Sam",NA
"2108","5c5b85f8e4194c47a151a095",4,"Development","8d703246-39e0-4ff5-aef9-ec166f84d182","JG5 UX5",184,"2019-02-06 13:12:18","WindowsPlayer",NA,11,"TaskEvent",0,"0.11.141",1051.94604492188,1729.50036621094,100.246398925781,-0.920038640499115,-0.391827464103699,0,"Find Toppo's Posters,Settling WAT247,Crash Diagnostics - Mountains","49,poster1;49,poster3;49,poster4;49,poster5;49,poster6;46,jasper;22,Talk to Bill","U2,U2_Collectibles,U2_Quests","0.11.141","TaskProgressEvent",0,"Identify pollutant",1
"2109","5c5b86c0e4194c47a151a231",4,"Development","8d703246-39e0-4ff5-aef9-ec166f84d182","JG5 UX5",184,"2019-02-06 13:15:40","WindowsPlayer",NA,11,"TaskEvent",0,"0.11.141",1667.92468261719,286.483581542969,51.6673355102539,0.813792586326599,-0.58115565776825,0,"Find Toppo's Posters,Settling WAT247,Crash Diagnostics - Mountains","49,poster1;49,poster3;49,poster4;49,poster5;49,poster6;46,jasper;22,Sample the east waterfall","U2,U2_Collectibles,U2_Quests,U2_LeftWaterfall","0.11.141","TaskCompleteEvent",0,"Identify pollutant",NA
"2110","5c5b86c0e4194c47a151a234",4,"Development","8d703246-39e0-4ff5-aef9-ec166f84d182","JG5 UX5",184,"2019-02-06 13:15:40","WindowsPlayer",NA,11,"TaskEvent",0,"0.11.141",1667.92468261719,286.483581542969,51.6673355102539,0.813792586326599,-0.58115565776825,0,"Find Toppo's Posters,Settling WAT247,Crash Diagnostics - Mountains","49,poster1;49,poster3;49,poster4;49,poster5;49,poster6;46,jasper;22,Sample the east waterfall;22,Sample the west waterfall","U2,U2_Collectibles,U2_Quests,U2_LeftWaterfall","0.11.141","TaskCompleteEvent",0,"Talk with Sam",NA
"2111","5c5b86c1e4194c47a151a239",4,"Development","8d703246-39e0-4ff5-aef9-ec166f84d182","JG5 UX5",184,"2019-02-06 13:15:40","WindowsPlayer",NA,11,"TaskEvent",0,"0.11.141",1667.92468261719,286.483581542969,51.6673355102539,0.813792586326599,-0.58115565776825,0,"Find Toppo's Posters,Settling WAT247,Crash Diagnostics - Mountains","49,poster1;49,poster3;49,poster4;49,poster5;49,poster6;46,jasper;22,Sample the east waterfall","U2,U2_Collectibles,U2_Quests,U2_LeftWaterfall","0.11.141","TaskActiveEvent",86,"Talk to Sam",NA
"2112","5c5b870ce4194c47a151a291",4,"Development","8d703246-39e0-4ff5-aef9-ec166f84d182","JG5 UX5",184,"2019-02-06 13:16:48","WindowsPlayer",NA,11,"TaskEvent",0,"0.11.141",0,-50,0.980000019073486,0,1,0,"Find Toppo's Posters,Settling WAT247,Crash Diagnostics - Mountains,Welcome to CREi","49,poster1;49,poster3;49,poster4;49,poster5;49,poster6;46,jasper;22,Sample the west waterfall","CREi","0.11.141","TaskProgressEvent",0,"Talk with Sam",1
"2113","5c5b8734e4194c47a151a2d3",4,"Development","8d703246-39e0-4ff5-aef9-ec166f84d182","JG5 UX5",184,"2019-02-06 13:17:35","WindowsPlayer",NA,11,"TaskEvent",0,"0.11.141",2.21412777900696,-40.189826965332,0.980000019073486,-0.158158093690872,0.987413823604584,0,"Find Toppo's Posters,Settling WAT247,Crash Diagnostics - Mountains,Welcome to CREi","49,poster1;49,poster3;49,poster4;49,poster5;49,poster6;46,jasper;22,Sample the west waterfall;84,Spawn a Component","CREi","0.11.141","TaskProgressEvent",86,"Talk to Sam",1
"2114","5c5b8734e4194c47a151a2d4",4,"Development","8d703246-39e0-4ff5-aef9-ec166f84d182","JG5 UX5",184,"2019-02-06 13:17:35","WindowsPlayer",NA,11,"TaskEvent",0,"0.11.141",2.21412777900696,-40.189826965332,0.980000019073486,-0.158158093690872,0.987413823604584,0,"Find Toppo's Posters,Settling WAT247,Crash Diagnostics - Mountains,Welcome to CREi","49,poster1;49,poster3;49,poster4;49,poster5;49,poster6;46,jasper;22,Sample the west waterfall;84,Spawn a Component","CREi","0.11.141","TaskActiveEvent",86,"Examine a Garden",NA
"2115","5c5b8734e4194c47a151a2da",4,"Development","8d703246-39e0-4ff5-aef9-ec166f84d182","JG5 UX5",184,"2019-02-06 13:17:35","WindowsPlayer",NA,11,"TaskEvent",0,"0.11.141",2.21412777900696,-40.189826965332,0.980000019073486,-0.158158093690872,0.987413823604584,0,"Find Toppo's Posters,Settling WAT247,Crash Diagnostics - Mountains,Welcome to CREi","49,poster1;49,poster3;49,poster4;49,poster5;49,poster6;46,jasper;22,Sample the west waterfall;84,Spawn a Component;84,Identify a Component","CREi","0.11.141","TaskCompleteEvent",86,"Talk to Sam",NA
"2116","5c5b8801e4194c47a151a3eb",4,"Development","8d703246-39e0-4ff5-aef9-ec166f84d182","JG5 UX5",184,"2019-02-06 13:21:00","WindowsPlayer",NA,11,"TaskEvent",0,"0.11.141",0.082945853471756,-37.0822410583496,0.980000019073486,-0.00698177888989449,0.999975621700287,0,"Find Toppo's Posters,Settling WAT247,Crash Diagnostics - Mountains,Welcome to CREi","49,poster1;49,poster3;49,poster4;49,poster5;49,poster6;46,jasper;22,Sample the west waterfall;84,Identify a Component","CREi","0.11.141","TaskProgressEvent",50,"dissolved materials",1
"2117","5c5b8801e4194c47a151a3f5",4,"Development","8d703246-39e0-4ff5-aef9-ec166f84d182","JG5 UX5",184,"2019-02-06 13:21:00","WindowsPlayer",NA,11,"TaskEvent",0,"0.11.141",0.082945853471756,-37.0822410583496,0.980000019073486,-0.00698177888989449,0.999975621700287,0,"Find Toppo's Posters,Settling WAT247,Crash Diagnostics - Mountains,Welcome to CREi","49,poster1;49,poster3;49,poster4;49,poster5;49,poster6;46,jasper;22,Sample the west waterfall;84,Identify a Component","CREi","0.11.141","TaskCompleteEvent",50,"dissolved materials",NA
"2118","5c5b8802e4194c47a151a3f6",4,"Development","8d703246-39e0-4ff5-aef9-ec166f84d182","JG5 UX5",184,"2019-02-06 13:21:00","WindowsPlayer",NA,11,"TaskEvent",0,"0.11.141",0.082945853471756,-37.0822410583496,0.980000019073486,-0.00698177888989449,0.999975621700287,0,"Find Toppo's Posters,Settling WAT247,Crash Diagnostics - Mountains,Welcome to CREi","49,poster1;49,poster3;49,poster4;49,poster5;49,poster6;46,jasper;22,Sample the west waterfall;84,Identify a Component;84,And all the rest","CREi","0.11.141","TaskCompleteEvent",87,"Pickup the Key",NA
"2119","5c5b881ae4194c47a151a41c",4,"Development","8d703246-39e0-4ff5-aef9-ec166f84d182","JG5 UX5",184,"2019-02-06 13:21:27","WindowsPlayer",NA,11,"TaskEvent",0,"0.11.141",0.170000001788139,-38.7799987792969,0.980000019073486,-0.0104721486568451,0.999945163726807,0,"Find Toppo's Posters,Settling WAT247,Crash Diagnostics - Mountains,Welcome to CREi","49,poster1;49,poster3;49,poster4;49,poster5;49,poster6;46,jasper;22,Sample the west waterfall;84,And all the rest","CREi","0.11.141","TaskProgressEvent",87,"Pickup the Key",1
"2120","5c5b881ae4194c47a151a41d",4,"Development","8d703246-39e0-4ff5-aef9-ec166f84d182","JG5 UX5",184,"2019-02-06 13:21:27","WindowsPlayer",NA,11,"TaskEvent",0,"0.11.141",0.170000001788139,-38.7799987792969,0.980000019073486,-0.0104721486568451,0.999945163726807,0,"Find Toppo's Posters,Settling WAT247,Crash Diagnostics - Mountains,Welcome to CREi","49,poster1;49,poster3;49,poster4;49,poster5;49,poster6;46,jasper;22,Sample the west waterfall;84,And all the rest","CREi","0.11.141","TaskActiveEvent",87,"Unlock the door",NA
"2121","5c5b881be4194c47a151a420",4,"Development","8d703246-39e0-4ff5-aef9-ec166f84d182","JG5 UX5",184,"2019-02-06 13:21:27","WindowsPlayer",NA,11,"TaskEvent",0,"0.11.141",0.170000001788139,-38.7799987792969,0.980000019073486,-0.0104721486568451,0.999945163726807,0,"Find Toppo's Posters,Settling WAT247,Crash Diagnostics - Mountains,Welcome to CREi","49,poster1;49,poster3;49,poster4;49,poster5;49,poster6;46,jasper;22,Sample the west waterfall;84,And all the rest;84,Finish fixing ARF","CREi","0.11.141","TaskProgressEvent",87,"Gain Acces to the Ruins",1
"2122","5c5b88d3e4194c47a151a52d",4,"Development","8d703246-39e0-4ff5-aef9-ec166f84d182","JG5 UX5",184,"2019-02-06 13:24:29","WindowsPlayer",NA,11,"TaskEvent",0,"0.11.141",0.170000001788139,-38.7799987792969,0.980000019073486,0.503019571304321,0.864274978637695,0,"Find Toppo's Posters,Settling WAT247,Crash Diagnostics - Mountains,Welcome to CREi","49,poster1;49,poster3;49,poster4;49,poster5;49,poster6;46,jasper;22,Sample the west waterfall;84,Finish fixing ARF","CREi","0.11.141","TaskActiveEvent",87,"Pickup the Key",NA
"2123","5c5b88d3e4194c47a151a52f",4,"Development","8d703246-39e0-4ff5-aef9-ec166f84d182","JG5 UX5",184,"2019-02-06 13:24:29","WindowsPlayer",NA,11,"TaskEvent",0,"0.11.141",0.170000001788139,-38.7799987792969,0.980000019073486,0.503019571304321,0.864274978637695,0,"Find Toppo's Posters,Settling WAT247,Crash Diagnostics - Mountains","49,poster1;49,poster3;49,poster4;49,poster5;49,poster6;46,jasper;22,Sample the west waterfall","CREi","0.11.141","TaskCompleteEvent",87,"Gain Acces to the Ruins",NA
"2124","5c5b89b4e4194c47a151a68a",4,"Development","8d703246-39e0-4ff5-aef9-ec166f84d182","JG5 UX5",184,"2019-02-06 13:28:17","WindowsPlayer",NA,11,"TaskEvent",0,"0.11.141",269.543884277344,298.85302734375,52.4633941650391,0.998970627784729,-0.0453624725341797,0,"Find Toppo's Posters,Settling WAT247,Crash Diagnostics - Mountains","49,poster1;49,poster3;49,poster4;49,poster5;49,poster6;46,jasper;22,Sample the west waterfall","U2,U2_Collectibles,U2_Quests,U2_RightWaterfall","0.11.141","TaskProgressEvent",25,"Install Pumps",3
"2125","5c5b89b4e4194c47a151a690",4,"Development","8d703246-39e0-4ff5-aef9-ec166f84d182","JG5 UX5",184,"2019-02-06 13:28:17","WindowsPlayer",NA,11,"TaskEvent",0,"0.11.141",269.543884277344,298.85302734375,52.4633941650391,0.998970627784729,-0.0453624725341797,0,"Find Toppo's Posters,Settling WAT247,Crash Diagnostics - Mountains,The Largest Watershed","49,poster1;49,poster3;49,poster4;49,poster5;49,poster6;46,jasper","U2,U2_Collectibles,U2_Quests,U2_RightWaterfall","0.11.141","TaskActiveEvent",87,"Enter the ruins",NA
"2126","5c5b89b5e4194c47a151a692",4,"Development","8d703246-39e0-4ff5-aef9-ec166f84d182","JG5 UX5",184,"2019-02-06 13:28:17","WindowsPlayer",NA,11,"TaskEvent",0,"0.11.141",269.543884277344,298.85302734375,52.4633941650391,0.998970627784729,-0.0453624725341797,0,"Find Toppo's Posters,Crash Diagnostics - Mountains,The Largest Watershed","49,poster1;49,poster3;49,poster4;49,poster5;49,poster6;46,jasper;28,Talk to Holo-Toppo","U2,U2_Collectibles,U2_Quests,U2_RightWaterfall","0.11.141","TaskProgressEvent",87,"Unlock the door",1
"2127","5c5b8a54e4194c47a151a760",4,"Development","8d703246-39e0-4ff5-aef9-ec166f84d182","JG5 UX5",184,"2019-02-06 13:30:50","WindowsPlayer",NA,11,"TaskEvent",0,"0.11.141",262.013519287109,296.670227050781,54.5681457519531,-0.411514163017273,-0.911403179168701,0,"Find Toppo's Posters,Crash Diagnostics - Mountains,The Largest Watershed","49,poster1;49,poster3;49,poster4;49,poster5;49,poster6;46,jasper;28,Talk to Holo-Toppo","U2,U2_Collectibles,U2_Quests,U2_RightWaterfall","0.11.141","TaskCompleteEvent",87,"Unlock the door",NA
"2128","5c5b8a54e4194c47a151a769",4,"Development","8d703246-39e0-4ff5-aef9-ec166f84d182","JG5 UX5",184,"2019-02-06 13:30:50","WindowsPlayer",NA,11,"TaskEvent",0,"0.11.141",262.013519287109,296.670227050781,54.5681457519531,-0.411514163017273,-0.911403179168701,0,"Find Toppo's Posters,Crash Diagnostics - Mountains,The Largest Watershed","49,poster1;49,poster3;49,poster4;49,poster5;49,poster6;46,jasper;28,Talk to Holo-Toppo;28,Argue which watershed is bigger","U2,U2_Collectibles,U2_Quests,U2_RightWaterfall","0.11.141","TaskCompleteEvent",87,"Enter the ruins",NA
"2129","5c5b8a55e4194c47a151a772",4,"Development","8d703246-39e0-4ff5-aef9-ec166f84d182","JG5 UX5",184,"2019-02-06 13:30:50","WindowsPlayer",NA,11,"TaskEvent",0,"0.11.141",262.013519287109,296.670227050781,54.5681457519531,-0.411514163017273,-0.911403179168701,0,"Find Toppo's Posters,Crash Diagnostics - Mountains,The Largest Watershed","49,poster1;49,poster3;49,poster4;49,poster5;49,poster6;46,jasper;28,Talk to Holo-Toppo","U2,U2_Collectibles,U2_Quests,U2_RightWaterfall","0.11.141","TaskActiveEvent",75,"Pump1",NA
"2130","5c5b8af4e4194c47a151a877",4,"Development","8d703246-39e0-4ff5-aef9-ec166f84d182","JG5 UX5",184,"2019-02-06 13:33:33","WindowsPlayer",NA,11,"TaskEvent",0,"0.11.141",262.013519287109,296.670227050781,54.5681457519531,-0.46329590678215,-0.88620388507843,0,"Find Toppo's Posters,Crash Diagnostics - Mountains,The Largest Watershed","49,poster1;49,poster3;49,poster4;49,poster5;49,poster6;46,jasper;28,Argue which watershed is bigger","U2,U2_Collectibles,U2_Quests,U2_RightWaterfall","0.11.141","TaskProgressEvent",87,"Enter the ruins",1
"2131","5c5b8af5e4194c47a151a879",4,"Development","8d703246-39e0-4ff5-aef9-ec166f84d182","JG5 UX5",184,"2019-02-06 13:33:33","WindowsPlayer",NA,11,"TaskEvent",0,"0.11.141",262.013519287109,296.670227050781,54.5681457519531,-0.46329590678215,-0.88620388507843,0,"Find Toppo's Posters,Crash Diagnostics - Mountains,The Largest Watershed,Welcome home","49,poster1;49,poster3;49,poster4;49,poster5;49,poster6;46,jasper","U2,U2_Collectibles,U2_Quests,U2_RightWaterfall","0.11.141","TaskProgressEvent",87,"Unlock the door",1
"2132","5c5b8af5e4194c47a151a888",4,"Development","8d703246-39e0-4ff5-aef9-ec166f84d182","JG5 UX5",184,"2019-02-06 13:33:33","WindowsPlayer",NA,11,"TaskEvent",0,"0.11.141",262.013519287109,296.670227050781,54.5681457519531,-0.46329590678215,-0.88620388507843,0,"Find Toppo's Posters,Crash Diagnostics - Mountains,Welcome home","49,poster1;49,poster3;49,poster4;49,poster5;49,poster6;46,jasper;58,Speak with Toppo","U2,U2_Collectibles,U2_Quests,U2_RightWaterfall","0.11.141","TaskActiveEvent",87,"Enter the ruins",NA
"2133","5c5b8b5ae4194c47a151a8f8",4,"Development","8d703246-39e0-4ff5-aef9-ec166f84d182","JG5 UX5",184,"2019-02-06 13:35:15","WindowsPlayer",NA,11,"TaskEvent",0,"0.11.141",91.4559478759766,103.190299987793,77.9804611206055,-0.575004994869232,0.818149924278259,0,"Find Toppo's Posters,Crash Diagnostics - Mountains,Welcome home","49,poster1;49,poster3;49,poster4;49,poster5;49,poster6;46,jasper;58,Speak with Toppo;58,Jasper's Proposal","Player_Base","0.11.141","TaskCompleteEvent",87,"Unlock the door",NA
"2134","5c5b8b5be4194c47a151a902",4,"Development","8d703246-39e0-4ff5-aef9-ec166f84d182","JG5 UX5",184,"2019-02-06 13:35:15","WindowsPlayer",NA,11,"TaskEvent",0,"0.11.141",91.4559478759766,103.190299987793,77.9804611206055,-0.575004994869232,0.818149924278259,0,"Find Toppo's Posters,Crash Diagnostics - Mountains,Welcome home","49,poster1;49,poster3;49,poster4;49,poster5;49,poster6;46,jasper;58,Speak with Toppo","Player_Base","0.11.141","TaskActiveEvent",75,"Pump3",NA
"2135","5c5b8b5be4194c47a151a903",4,"Development","8d703246-39e0-4ff5-aef9-ec166f84d182","JG5 UX5",184,"2019-02-06 13:35:15","WindowsPlayer",NA,11,"TaskEvent",0,"0.11.141",91.4559478759766,103.190299987793,77.9804611206055,-0.575004994869232,0.818149924278259,0,"Find Toppo's Posters,Crash Diagnostics - Mountains,Welcome home","49,poster1;49,poster3;49,poster4;49,poster5;49,poster6;46,jasper;58,Speak with Toppo","Player_Base","0.11.141","TaskCompleteEvent",75,"Pump2",NA
"2136","5c5b8ba5e4194c47a151a956",4,"Development","8d703246-39e0-4ff5-aef9-ec166f84d182","JG5 UX5",184,"2019-02-06 13:36:22","WindowsPlayer",NA,11,"TaskEvent",0,"0.11.141",92.0610122680664,106.139930725098,77.9805450439453,-0.0801985561847687,0.996778905391693,0,"Find Toppo's Posters,Crash Diagnostics - Mountains,Welcome home","49,poster1;49,poster3;49,poster4;49,poster5;49,poster6;46,jasper;58,Jasper's Proposal;58,Head to bed","Player_Base","0.11.141","TaskProgressEvent",75,"Pump2",1
"2137","5c5b8ba5e4194c47a151a957",4,"Development","8d703246-39e0-4ff5-aef9-ec166f84d182","JG5 UX5",184,"2019-02-06 13:36:22","WindowsPlayer",NA,11,"TaskEvent",0,"0.11.141",92.0610122680664,106.139930725098,77.9805450439453,-0.0801985561847687,0.996778905391693,0,"Find Toppo's Posters,Crash Diagnostics - Mountains,Welcome home","49,poster1;49,poster3;49,poster4;49,poster5;49,poster6;46,jasper;58,Jasper's Proposal","Player_Base","0.11.141","TaskProgressEvent",75,"Pump3",1
"2138","5c5b8ba5e4194c47a151a958",4,"Development","8d703246-39e0-4ff5-aef9-ec166f84d182","JG5 UX5",184,"2019-02-06 13:36:22","WindowsPlayer",NA,11,"TaskEvent",0,"0.11.141",92.0610122680664,106.139930725098,77.9805450439453,-0.0801985561847687,0.996778905391693,0,"Find Toppo's Posters,Crash Diagnostics - Mountains,Welcome home","49,poster1;49,poster3;49,poster4;49,poster5;49,poster6;46,jasper;58,Jasper's Proposal","Player_Base","0.11.141","TaskActiveEvent",75,"Pump4",NA
"2139","5c5b8bb4e4194c47a151a96c",4,"Development","8d703246-39e0-4ff5-aef9-ec166f84d182","JG5 UX5",184,"2019-02-06 13:36:39","WindowsPlayer",NA,11,"TaskEvent",0,"0.11.141",134.989440917969,128.507949829102,77.9805450439453,0.790154993534088,0.612907111644745,0,"Find Toppo's Posters,Crash Diagnostics - Mountains,Welcome home","49,poster1;49,poster3;49,poster4;49,poster5;49,poster6;46,jasper;58,Head to bed","Player_Base","0.11.141","TaskCompleteEvent",75,"Pump3",NA
"2140","5c5b8bb4e4194c47a151a979",4,"Development","8d703246-39e0-4ff5-aef9-ec166f84d182","JG5 UX5",184,"2019-02-06 13:36:39","WindowsPlayer",NA,11,"TaskEvent",0,"0.11.141",134.989440917969,128.507949829102,77.9805450439453,0.790154993534088,0.612907111644745,0,"Find Toppo's Posters,Crash Diagnostics - Mountains","49,poster1;49,poster3;49,poster4;49,poster5;49,poster6;46,jasper","Player_Base","0.11.141","TaskCompleteEvent",75,"Pump4",NA
"2141","5c5b8bb5e4194c47a151a97a",4,"Development","8d703246-39e0-4ff5-aef9-ec166f84d182","JG5 UX5",184,"2019-02-06 13:36:39","WindowsPlayer",NA,11,"TaskEvent",0,"0.11.141",134.989440917969,128.507949829102,77.9805450439453,0.790154993534088,0.612907111644745,0,"Find Toppo's Posters,Crash Diagnostics - Mountains,Good Morning!","49,poster1;49,poster3;49,poster4;49,poster5;49,poster6;46,jasper","Player_Base","0.11.141","TaskProgressEvent",75,"Pump4",1
"2142","5c708ba6e4194c47a15979bf",4,"Development","8d703246-39e0-4ff5-aef9-ec166f84d182","JG5 UX5",184,"2019-02-22 11:54:10","WindowsPlayer",NA,11,"TaskEvent",0,"0.11.141",66.7399978637695,-2.96000003814697,0.792359113693237,-1,5.96046447753906e-08,0,"U1 - Welcome to WAT247",NA,"U1,U1_Quest","0.11.141","TaskActiveEvent",75,"BackToGardens",NA
"2143","5c5f0d41e4194c47a15516fc",4,"Development","8d703246-39e0-4ff5-aef9-ec166f84d182","JG6 UX6",185,"2019-02-09 05:26:15","WindowsPlayer",NA,11,"TaskEvent",0,"0.11.141",66.7399978637695,-2.96000003814697,0.792359113693237,-1,5.96046447753906e-08,0,"U1 - Welcome to WAT247",NA,"U1,U1_Quest","0.11.141","TaskProgressEvent",25,"Install Pumps",2
"2144","5c5f0d8ce4194c47a155176f",4,"Development","8d703246-39e0-4ff5-aef9-ec166f84d182","JG6 UX6",185,"2019-02-09 05:27:39","WindowsPlayer",NA,11,"TaskEvent",0,"0.11.141",66.7399978637695,-2.96000003814697,0.792359113693237,0.995884358882904,0.0906327366828918,0,"U1 - Welcome to WAT247","74,wakeup","U1,U1_Quest","0.11.141","TaskCompleteEvent",56,"Head to bed",NA
"2145","5c5f0d8ce4194c47a1551775",4,"Development","8d703246-39e0-4ff5-aef9-ec166f84d182","JG6 UX6",185,"2019-02-09 05:27:39","WindowsPlayer",NA,11,"TaskEvent",0,"0.11.141",66.7399978637695,-2.96000003814697,0.792359113693237,0.995884358882904,0.0906327366828918,0,"U1 - Welcome to WAT247","74,wakeup","U1,U1_Quest","0.11.141","TaskProgressEvent",56,"Head to bed",1
"2146","5c5f0d8de4194c47a1551779",4,"Development","8d703246-39e0-4ff5-aef9-ec166f84d182","JG6 UX6",185,"2019-02-09 05:27:39","WindowsPlayer",NA,11,"TaskEvent",0,"0.11.141",66.7399978637695,-2.96000003814697,0.792359113693237,0.995884358882904,0.0906327366828918,0,"U1 - Welcome to WAT247","74,wakeup;74,arfRoom","U1,U1_Quest","0.11.141","TaskActiveEvent",56,"Head to bed",NA
"2147","5c5f0dbee4194c47a1551837",4,"Development","8d703246-39e0-4ff5-aef9-ec166f84d182","JG6 UX6",185,"2019-02-09 05:28:25","WindowsPlayer",NA,11,"TaskEvent",0,"0.11.141",-0.228827178478241,-54.2787246704102,0.984734416007996,-0.0122174909338355,-0.999925374984741,0,"U1 - Welcome to WAT247","74,arfRoom","U1,U1_Quest","0.11.141","TaskCompleteEvent",25,"Install Pumps",NA
"2148","5c5f0dbee4194c47a155183b",4,"Development","8d703246-39e0-4ff5-aef9-ec166f84d182","JG6 UX6",185,"2019-02-09 05:28:25","WindowsPlayer",NA,11,"TaskEvent",0,"0.11.141",-0.228827178478241,-54.2787246704102,0.984734416007996,-0.0122174909338355,-0.999925374984741,0,"U1 - Welcome to WAT247,U1 - An Amazing AI",NA,"U1,U1_Quest","0.11.141","TaskProgressEvent",25,"Install Pumps",4
"2149","5c5f0dbee4194c47a155183d",4,"Development","8d703246-39e0-4ff5-aef9-ec166f84d182","JG6 UX6",185,"2019-02-09 05:28:25","WindowsPlayer",NA,11,"TaskEvent",0,"0.11.141",-0.228827178478241,-54.2787246704102,0.984734416007996,-0.0122174909338355,-0.999925374984741,0,"U1 - An Amazing AI","77,collectARF","U1,U1_Quest","0.11.141","TaskActiveEvent",2,"Find the Ruins",NA
"2150","5c5f0e2ce4194c47a155192f",4,"Development","8d703246-39e0-4ff5-aef9-ec166f84d182","JG6 UX6",185,"2019-02-09 05:30:18","WindowsPlayer",NA,11,"TaskEvent",0,"0.11.141",0.0689171478152275,-59.0003700256348,0.777678370475769,0.0993192717432976,-0.995055913925171,0,"U1 - An Amazing AI","77,collectARF","U1,U1_Quest","0.11.141","TaskProgressEvent",59,"Talk To Anderson",1
"2151","5c5f0e2ce4194c47a1551930",4,"Development","8d703246-39e0-4ff5-aef9-ec166f84d182","JG6 UX6",185,"2019-02-09 05:30:18","WindowsPlayer",NA,11,"TaskEvent",0,"0.11.141",0.0689171478152275,-59.0003700256348,0.777678370475769,0.0993192717432976,-0.995055913925171,0,"U1 - An Amazing AI","77,collectARF","U1,U1_Quest","0.11.141","TaskCompleteEvent",59,"Talk To Anderson",NA
"2152","5c5f0e2de4194c47a155193c",4,"Development","8d703246-39e0-4ff5-aef9-ec166f84d182","JG6 UX6",185,"2019-02-09 05:30:18","WindowsPlayer",NA,11,"TaskEvent",0,"0.11.141",0.0689171478152275,-59.0003700256348,0.777678370475769,0.0993192717432976,-0.995055913925171,0,"U1 - An Amazing AI","77,collectARF;77,checkPoster","U1,U1_Quest","0.11.141","TaskActiveEvent",42,"Locate the Beacon",NA
"2153","5c5f0edbe4194c47a1551a09",4,"Development","8d703246-39e0-4ff5-aef9-ec166f84d182","JG6 UX6",185,"2019-02-09 05:33:10","WindowsPlayer",NA,11,"TaskEvent",0,"0.11.141",-1.4634575843811,-61.8319282531738,0.777678430080414,-0.999657273292542,-0.0261765718460083,0,"U1 - An Amazing AI","77,checkPoster","U1,U1_Quest","0.11.141","TaskProgressEvent",2,"Find the Ruins",1
"2154","5c5f0edbe4194c47a1551a0a",4,"Development","8d703246-39e0-4ff5-aef9-ec166f84d182","JG6 UX6",185,"2019-02-09 05:33:10","WindowsPlayer",NA,11,"TaskEvent",0,"0.11.141",-1.4634575843811,-61.8319282531738,0.777678430080414,-0.999657273292542,-0.0261765718460083,0,"U1 - An Amazing AI","77,checkPoster","U1,U1_Quest","0.11.141","TaskActiveEvent",2,"Unlock the Door",NA
"2155","5c5f0edbe4194c47a1551a0c",4,"Development","8d703246-39e0-4ff5-aef9-ec166f84d182","JG6 UX6",185,"2019-02-09 05:33:10","WindowsPlayer",NA,11,"TaskEvent",0,"0.11.141",-1.4634575843811,-61.8319282531738,0.777678430080414,-0.999657273292542,-0.0261765718460083,0,"U1 - An Amazing AI","77,checkPoster;77,trialArg","U1,U1_Quest","0.11.141","TaskCompleteEvent",2,"Find the Ruins",NA
"2156","5c5f0f18e4194c47a1551a73",4,"Development","8d703246-39e0-4ff5-aef9-ec166f84d182","JG6 UX6",185,"2019-02-09 05:34:14","WindowsPlayer",NA,11,"TaskEvent",0,"0.11.141",-1.4634575843811,-61.8319282531738,0.777678430080414,-0.999657273292542,-0.0261765718460083,0,"U1 - An Amazing AI","77,trialArg","U1,U1_Quest","0.11.141","TaskProgressEvent",3,"Restore Power to B2",1
"2157","5c5f0f18e4194c47a1551a79",4,"Development","8d703246-39e0-4ff5-aef9-ec166f84d182","JG6 UX6",185,"2019-02-09 05:34:14","WindowsPlayer",NA,11,"TaskEvent",0,"0.11.141",-1.4634575843811,-61.8319282531738,0.777678430080414,-0.999657273292542,-0.0261765718460083,0,"U1 - An Amazing AI,U1 - Time to Argue!",NA,"U1,U1_Quest","0.11.141","TaskCompleteEvent",3,"Restore Power to B2",NA
"2158","5c5f0f18e4194c47a1551a7d",4,"Development","8d703246-39e0-4ff5-aef9-ec166f84d182","JG6 UX6",185,"2019-02-09 05:34:14","WindowsPlayer",NA,11,"TaskEvent",0,"0.11.141",-1.4634575843811,-61.8319282531738,0.777678430080414,-0.999657273292542,-0.0261765718460083,0,"U1 - Time to Argue!","78,toppoTalk","U1,U1_Quest","0.11.141","TaskActiveEvent",3,"Restore Power to B1",NA
"2159","5c5f0f86e4194c47a1551b38",4,"Development","8d703246-39e0-4ff5-aef9-ec166f84d182","JG6 UX6",185,"2019-02-09 05:35:56","WindowsPlayer",NA,11,"TaskEvent",0,"0.11.141",-67.122688293457,-0.236235991120338,0.791396498680115,-0.980271399021149,0.197656691074371,0,"U1 - Time to Argue!","78,toppoTalk","U1,U1_Quest","0.11.141","TaskActiveEvent",6,"Investigate the Flood",NA
"2160","5c5f0f86e4194c47a1551b39",4,"Development","8d703246-39e0-4ff5-aef9-ec166f84d182","JG6 UX6",185,"2019-02-09 05:35:56","WindowsPlayer",NA,11,"TaskEvent",0,"0.11.141",-67.122688293457,-0.236235991120338,0.791396498680115,-0.980271399021149,0.197656691074371,0,"U1 - Time to Argue!","78,toppoTalk;78,completeArg","U1,U1_Quest","0.11.141","TaskProgressEvent",6,"Head Inside the Bunker",1
"2161","5c5f0f86e4194c47a1551b45",4,"Development","8d703246-39e0-4ff5-aef9-ec166f84d182","JG6 UX6",185,"2019-02-09 05:35:56","WindowsPlayer",NA,11,"TaskEvent",0,"0.11.141",-67.122688293457,-0.236235991120338,0.791396498680115,-0.980271399021149,0.197656691074371,0,"U1 - Time to Argue!","78,toppoTalk","U1,U1_Quest","0.11.141","TaskCompleteEvent",6,"Head Inside the Bunker",NA
"2162","5c5f0ff4e4194c47a1551bdb",4,"Development","8d703246-39e0-4ff5-aef9-ec166f84d182","JG6 UX6",185,"2019-02-09 05:37:54","WindowsPlayer",NA,11,"TaskEvent",0,"0.11.141",-67.1355667114258,-0.315790116786957,0.792359054088593,0.477158457040787,0.878817319869995,0,"U1 - Time to Argue!","78,completeArg","U1,U1_Quest","0.11.141","TaskProgressEvent",81,"Scan the Living Quarters Floor",1
"2163","5c5f0ff4e4194c47a1551bdc",4,"Development","8d703246-39e0-4ff5-aef9-ec166f84d182","JG6 UX6",185,"2019-02-09 05:37:54","WindowsPlayer",NA,11,"TaskEvent",0,"0.11.141",-67.1355667114258,-0.315790116786957,0.792359054088593,0.477158457040787,0.878817319869995,0,"U1 - Time to Argue!,U1 - Meet up with Jasper",NA,"U1,U1_Quest","0.11.141","TaskActiveEvent",81,"Scan the Living Quarters Depth",NA
"2164","5c5f0ff4e4194c47a1551be3",4,"Development","8d703246-39e0-4ff5-aef9-ec166f84d182","JG6 UX6",185,"2019-02-09 05:37:54","WindowsPlayer",NA,11,"TaskEvent",0,"0.11.141",-67.1355667114258,-0.315790116786957,0.792359054088593,0.477158457040787,0.878817319869995,0,"U1 - Meet up with Jasper","79,meetJasper","U1,U1_Quest","0.11.141","TaskCompleteEvent",81,"Scan the Living Quarters Floor",NA
"2165","5c5f1076e4194c47a1551d32",4,"Development","8d703246-39e0-4ff5-aef9-ec166f84d182","JG6 UX6",185,"2019-02-09 05:40:02","WindowsPlayer",NA,11,"TaskEvent",0,"0.11.141",22.7417697906494,1.94921374320984,0.787625193595886,0.993961095809937,-0.109732985496521,0,"U1 - Meet up with Jasper","79,meetJasper;79,followJasper","U1,U1_Quest","0.11.141","TaskCompleteEvent",81,"Scan the Living Quarters Ceiling",NA
"2166","5c5f1077e4194c47a1551d38",4,"Development","8d703246-39e0-4ff5-aef9-ec166f84d182","JG6 UX6",185,"2019-02-09 05:40:02","WindowsPlayer",NA,11,"TaskEvent",0,"0.11.141",22.7417697906494,1.94921374320984,0.787625193595886,0.993961095809937,-0.109732985496521,0,"U1 - Meet up with Jasper","79,meetJasper","U1,U1_Quest","0.11.141","TaskActiveEvent",81,"Scan the Living Quarters Floor",NA
"2167","5c5f1077e4194c47a1551d39",4,"Development","8d703246-39e0-4ff5-aef9-ec166f84d182","JG6 UX6",185,"2019-02-09 05:40:02","WindowsPlayer",NA,11,"TaskEvent",0,"0.11.141",22.7417697906494,1.94921374320984,0.787625193595886,0.993961095809937,-0.109732985496521,0,"U1 - Meet up with Jasper","79,meetJasper","U1,U1_Quest","0.11.141","TaskProgressEvent",81,"Scan the Living Quarters Ceiling",1
"2168","5c5f1085e4194c47a1551d40",4,"Development","8d703246-39e0-4ff5-aef9-ec166f84d182","JG6 UX6",185,"2019-02-09 05:40:11","WindowsPlayer",NA,11,"TaskEvent",0,"0.11.141",35.6970520019531,23.937219619751,0.979737639427185,-0.443072646856308,0.896485686302185,0,"U1 - Meet up with Jasper","79,followJasper","U1,U1_Quest","0.11.141","TaskProgressEvent",82,"Scan the Mess Hall Ceiling",1
"2169","5c5f1085e4194c47a1551d45",4,"Development","8d703246-39e0-4ff5-aef9-ec166f84d182","JG6 UX6",185,"2019-02-09 05:40:11","WindowsPlayer",NA,11,"TaskEvent",0,"0.11.141",35.6970520019531,23.937219619751,0.979737639427185,-0.443072646856308,0.896485686302185,0,"U1 - Meet up with Jasper","79,followJasper;79,jumpDebris","U1,U1_Quest","0.11.141","TaskActiveEvent",82,"Scan the Mess Hall Floor",NA
"2170","5c5f1085e4194c47a1551d4c",4,"Development","8d703246-39e0-4ff5-aef9-ec166f84d182","JG6 UX6",185,"2019-02-09 05:40:11","WindowsPlayer",NA,11,"TaskEvent",0,"0.11.141",35.6970520019531,23.937219619751,0.979737639427185,-0.443072646856308,0.896485686302185,0,"U1 - Meet up with Jasper","79,followJasper","U1,U1_Quest","0.11.141","TaskCompleteEvent",82,"Scan the Mess Hall Ceiling",NA
"2171","5c5f1099e4194c47a1551d65",4,"Development","8d703246-39e0-4ff5-aef9-ec166f84d182","JG6 UX6",185,"2019-02-09 05:40:31","WindowsPlayer",NA,11,"TaskEvent",0,"0.11.141",30.283576965332,30.0597591400146,2.2591073513031,-0.737278521060944,0.675588846206665,0,"U1 - Meet up with Jasper","79,jumpDebris;79,escapePods","U1,U1_Quest","0.11.141","TaskProgressEvent",83,"Scan the Warehouse Ceiling",1
"2172","5c5f1099e4194c47a1551d68",4,"Development","8d703246-39e0-4ff5-aef9-ec166f84d182","JG6 UX6",185,"2019-02-09 05:40:39","WindowsPlayer",NA,11,"TaskEvent",0,"0.11.141",-0.338030755519867,55.6292152404785,0.980474591255188,-0.189097940921783,0.981958210468292,0,"U1 - Meet up with Jasper","79,escapePods","U1,U1_Quest","0.11.141","TaskActiveEvent",83,"Scan the Warehouse Floor",NA
"2173","5c5f1099e4194c47a1551d69",4,"Development","8d703246-39e0-4ff5-aef9-ec166f84d182","JG6 UX6",185,"2019-02-09 05:40:39","WindowsPlayer",NA,11,"TaskEvent",0,"0.11.141",-0.338030755519867,55.6292152404785,0.980474591255188,-0.189097940921783,0.981958210468292,0,"U1 - Meet up with Jasper","79,escapePods","U1,U1_Quest","0.11.141","TaskCompleteEvent",83,"Scan the Warehouse Ceiling",NA
"2174","5c5f1099e4194c47a1551d6d",4,"Development","8d703246-39e0-4ff5-aef9-ec166f84d182","JG6 UX6",185,"2019-02-09 05:40:31","WindowsPlayer",NA,11,"TaskEvent",0,"0.11.141",30.283576965332,30.0597591400146,2.2591073513031,-0.737278521060944,0.675588846206665,0,"U1 - Meet up with Jasper","79,jumpDebris","U1,U1_Quest","0.11.141","TaskProgressEvent",83,"Scan the Warehouse Floor",1
"2175","5c5f1099e4194c47a1551d72",4,"Development","8d703246-39e0-4ff5-aef9-ec166f84d182","JG6 UX6",185,"2019-02-09 05:40:39","WindowsPlayer",NA,11,"TaskEvent",0,"0.11.141",-0.338030755519867,55.6292152404785,0.980474591255188,-0.189097940921783,0.981958210468292,0,"U1 - Meet up with Jasper","79,escapePods;79,enterPod","U1,U1_Quest","0.11.141","TaskActiveEvent",83,"Scan the Warehouse Depth",NA
"2176","5c5f1099e4194c47a1551d73",4,"Development","8d703246-39e0-4ff5-aef9-ec166f84d182","JG6 UX6",185,"2019-02-09 05:40:31","WindowsPlayer",NA,11,"TaskEvent",0,"0.11.141",30.283576965332,30.0597591400146,2.2591073513031,-0.737278521060944,0.675588846206665,0,"U1 - Meet up with Jasper","79,jumpDebris","U1,U1_Quest","0.11.141","TaskCompleteEvent",83,"Scan the Warehouse Floor",NA
"2177","5c5f10b3e4194c47a1551d9d",4,"Development","8d703246-39e0-4ff5-aef9-ec166f84d182","JG6 UX6",185,"2019-02-09 05:41:01","WindowsPlayer",NA,11,"TaskEvent",0,"0.11.141",-0.00268745794892311,71.3622665405273,0.965086221694946,-0.0366462245583534,0.999328315258026,0,"U1 - Meet up with Jasper","79,enterPod","U1,U1_Quest","0.11.141","TaskActiveEvent",12,"Who Flooded the Armory?",NA
"2178","5c5f10b3e4194c47a1551d9e",4,"Development","8d703246-39e0-4ff5-aef9-ec166f84d182","JG6 UX6",185,"2019-02-09 05:41:01","WindowsPlayer",NA,11,"TaskEvent",0,"0.11.141",-0.00268745794892311,71.3622665405273,0.965086221694946,-0.0366462245583534,0.999328315258026,0,"",NA,"U1,U1_Quest","0.11.141","TaskCompleteEvent",83,"Scan the Warehouse Depth",NA
"2179","5c5f10d4e4194c47a1551db7",4,"Development","8d703246-39e0-4ff5-aef9-ec166f84d182","JG6 UX6",185,"2019-02-09 05:41:30","WindowsPlayer",NA,11,"TaskEvent",0,"0.11.141",675.669982910156,1129.66003417969,98.5059509277344,-0.210163116455078,-0.97766637802124,0,"Find Toppo's Posters",NA,"U2,U2_Collectibles,U2_Quests","0.11.141","TaskProgressEvent",83,"Scan the Warehouse Depth",1
"2180","5c5f10d4e4194c47a1551db8",4,"Development","8d703246-39e0-4ff5-aef9-ec166f84d182","JG6 UX6",185,"2019-02-09 05:41:30","WindowsPlayer",NA,11,"TaskEvent",0,"0.11.141",675.669982910156,1129.66003417969,98.5059509277344,-0.210163116455078,-0.97766637802124,0,"Find Toppo's Posters","49,poster1","U2,U2_Collectibles,U2_Quests","0.11.141","TaskCompleteEvent",81,"Scan the Living Quarters Depth",NA
"2181","5c5f10d4e4194c47a1551db9",4,"Development","8d703246-39e0-4ff5-aef9-ec166f84d182","JG6 UX6",185,"2019-02-09 05:41:30","WindowsPlayer",NA,11,"TaskEvent",0,"0.11.141",675.669982910156,1129.66003417969,98.5059509277344,-0.210163116455078,-0.97766637802124,0,"Find Toppo's Posters","49,poster1;49,poster2","U2,U2_Collectibles,U2_Quests","0.11.141","TaskActiveEvent",82,"Scan the Mess Hall Ceiling",NA
"2182","5c5f10d4e4194c47a1551dbc",4,"Development","8d703246-39e0-4ff5-aef9-ec166f84d182","JG6 UX6",185,"2019-02-09 05:41:30","WindowsPlayer",NA,11,"TaskEvent",0,"0.11.141",675.669982910156,1129.66003417969,98.5059509277344,-0.210163116455078,-0.97766637802124,0,"Find Toppo's Posters","49,poster1;49,poster2;49,poster3","U2,U2_Collectibles,U2_Quests","0.11.141","TaskProgressEvent",81,"Scan the Living Quarters Depth",1
"2183","5c5f10d4e4194c47a1551dbd",4,"Development","8d703246-39e0-4ff5-aef9-ec166f84d182","JG6 UX6",185,"2019-02-09 05:41:30","WindowsPlayer",NA,11,"TaskEvent",0,"0.11.141",675.669982910156,1129.66003417969,98.5059509277344,-0.210163116455078,-0.97766637802124,0,"Find Toppo's Posters","49,poster1;49,poster2;49,poster3;49,poster4","U2,U2_Collectibles,U2_Quests","0.11.141","TaskActiveEvent",13,"deactivate",NA
"2184","5c5f10d4e4194c47a1551dbe",4,"Development","8d703246-39e0-4ff5-aef9-ec166f84d182","JG6 UX6",185,"2019-02-09 05:41:30","WindowsPlayer",NA,11,"TaskEvent",0,"0.11.141",675.669982910156,1129.66003417969,98.5059509277344,-0.210163116455078,-0.97766637802124,0,"Find Toppo's Posters","49,poster1;49,poster2;49,poster3;49,poster4;49,poster5","U2,U2_Collectibles,U2_Quests","0.11.141","TaskCompleteEvent",12,"Who Flooded the Warehouse?",NA
"2185","5c5f1110e4194c47a1551e17",4,"Development","8d703246-39e0-4ff5-aef9-ec166f84d182","JG6 UX6",185,"2019-02-09 05:42:39","WindowsPlayer",NA,11,"TaskEvent",0,"0.11.141",675.669982910156,1129.66003417969,98.5059509277344,0.145531967282295,-0.989353775978088,0,"Find Toppo's Posters,What just happened?","49,poster1;49,poster2;49,poster3;49,poster4;49,poster5;49,poster6","U2,U2_Collectibles,U2_Quests","0.11.141","TaskProgressEvent",12,"Who Flooded the Warehouse?",1
"2186","5c5f1115e4194c47a1551e21",4,"Development","8d703246-39e0-4ff5-aef9-ec166f84d182","JG6 UX6",185,"2019-02-09 05:42:41","WindowsPlayer",NA,11,"TaskEvent",0,"0.11.141",674.953308105469,1126.22619628906,98.2088851928711,-0.0511492528021336,-0.998691082000732,0,"Find Toppo's Posters,What just happened?,Crash Diagnostics - Mountains","49,poster1;49,poster2;49,poster3;49,poster4;49,poster5;49,poster6;51,pod","U2,U2_Collectibles,U2_Quests","0.11.141","TaskProgressEvent",13,"deactivate",1
"2187","5c5f1124e4194c47a1551e5a",4,"Development","8d703246-39e0-4ff5-aef9-ec166f84d182","JG6 UX6",185,"2019-02-09 05:43:00","WindowsPlayer",NA,11,"TaskEvent",0,"0.11.141",674.042724609375,1125.16162109375,98.1513519287109,0.00642423611134291,-0.999979257583618,0,"Find Toppo's Posters,What just happened?,Crash Diagnostics - Mountains","49,poster1;49,poster2;49,poster3;49,poster4;49,poster5;49,poster6;51,pod;44,your pod","U2,U2_Collectibles,U2_Quests","0.11.141","TaskCompleteEvent",13,"deactivate",NA
"2188","5c5f1124e4194c47a1551e61",4,"Development","8d703246-39e0-4ff5-aef9-ec166f84d182","JG6 UX6",185,"2019-02-09 05:43:00","WindowsPlayer",NA,11,"TaskEvent",0,"0.11.141",674.042724609375,1125.16162109375,98.1513519287109,0.00642423611134291,-0.999979257583618,0,"Find Toppo's Posters,What just happened?","49,poster1;49,poster2;49,poster3;49,poster4;49,poster5;49,poster6;51,pod","U2,U2_Collectibles,U2_Quests","0.11.141","TaskActiveEvent",13,"report",NA
"2189","5c5f1156e4194c47a1551e96",4,"Development","8d703246-39e0-4ff5-aef9-ec166f84d182","JG6 UX6",185,"2019-02-09 05:43:38","WindowsPlayer",NA,11,"TaskEvent",0,"0.11.141",674.042724609375,1125.16162109375,98.1513519287109,0.411006689071655,-0.911632537841797,0,"Find Toppo's Posters,What just happened?","49,poster1;49,poster2;49,poster3;49,poster4;49,poster5;49,poster6;51,pod","U2,U2_Collectibles,U2_Quests","0.11.141","TaskActiveEvent",14,"fountain2",NA
"2190","5c5f1156e4194c47a1551e9a",4,"Development","8d703246-39e0-4ff5-aef9-ec166f84d182","JG6 UX6",185,"2019-02-09 05:43:38","WindowsPlayer",NA,11,"TaskEvent",0,"0.11.141",674.042724609375,1125.16162109375,98.1513519287109,0.411006689071655,-0.911632537841797,0,"Find Toppo's Posters,What just happened?","49,poster1;49,poster2;49,poster3;49,poster4;49,poster5;49,poster6;51,pod","U2,U2_Collectibles,U2_Quests","0.11.141","TaskCompleteEvent",14,"fountain1",NA
"2191","5c5f1156e4194c47a1551ea0",4,"Development","8d703246-39e0-4ff5-aef9-ec166f84d182","JG6 UX6",185,"2019-02-09 05:43:38","WindowsPlayer",NA,11,"TaskEvent",0,"0.11.141",674.042724609375,1125.16162109375,98.1513519287109,0.411006689071655,-0.911632537841797,0,"Find Toppo's Posters,What just happened?","49,poster1;49,poster2;49,poster3;49,poster4;49,poster5;49,poster6;51,pod;51,scrap","U2,U2_Collectibles,U2_Quests","0.11.141","TaskProgressEvent",14,"fountain1",1
"2192","5c5f1174e4194c47a1551ebb",4,"Development","8d703246-39e0-4ff5-aef9-ec166f84d182","JG6 UX6",185,"2019-02-09 05:44:07","WindowsPlayer",NA,11,"TaskEvent",0,"0.11.141",642.1845703125,1208.29821777344,107.957824707031,-0.69756418466568,-0.716522336006165,0,"Find Toppo's Posters,What just happened?","49,poster1;49,poster2;49,poster3;49,poster4;49,poster5;49,poster6;51,scrap","U2,U2_Collectibles,U2_Quests","0.11.141","TaskProgressEvent",14,"fountain3",1
"2193","5c5f1183e4194c47a1551ed3",4,"Development","8d703246-39e0-4ff5-aef9-ec166f84d182","JG6 UX6",185,"2019-02-09 05:44:24","WindowsPlayer",NA,11,"TaskEvent",0,"0.11.141",657.22802734375,1243.83410644531,107.767517089844,-0.347457617521286,-0.937695860862732,0,"Find Toppo's Posters,What just happened?","49,poster1;49,poster2;49,poster3;49,poster4;49,poster5;49,poster6;51,scrap","U2,U2_Collectibles,U2_Quests","0.11.141","TaskActiveEvent",14,"Head back to Anderson",NA
"2194","5c5f118de4194c47a1551ee7",4,"Development","8d703246-39e0-4ff5-aef9-ec166f84d182","JG6 UX6",185,"2019-02-09 05:44:41","WindowsPlayer",NA,11,"TaskEvent",0,"0.11.141",712.207946777344,1217.26953125,107.441970825195,0.927628219127655,-0.373504638671875,0,"Find Toppo's Posters,What just happened?","49,poster1;49,poster2;49,poster3;49,poster4;49,poster5;49,poster6;51,scrap","U2,U2_Collectibles,U2_Quests","0.11.141","TaskCompleteEvent",14,"fountain3",NA
"2195","5c5f118de4194c47a1551eee",4,"Development","8d703246-39e0-4ff5-aef9-ec166f84d182","JG6 UX6",185,"2019-02-09 05:44:41","WindowsPlayer",NA,11,"TaskEvent",0,"0.11.141",712.207946777344,1217.26953125,107.441970825195,0.927628219127655,-0.373504638671875,0,"Find Toppo's Posters,What just happened?","49,poster1;49,poster2;49,poster3;49,poster4;49,poster5;49,poster6;51,scrap","U2,U2_Collectibles,U2_Quests","0.11.141","TaskProgressEvent",14,"Head back to Anderson",1
"2196","5c5f118de4194c47a1551ef0",4,"Development","8d703246-39e0-4ff5-aef9-ec166f84d182","JG6 UX6",185,"2019-02-09 05:44:41","WindowsPlayer",NA,11,"TaskEvent",0,"0.11.141",712.207946777344,1217.26953125,107.441970825195,0.927628219127655,-0.373504638671875,0,"Find Toppo's Posters,What just happened?","49,poster1;49,poster2;49,poster3;49,poster4;49,poster5;49,poster6;51,scrap;51,hoverboard","U2,U2_Collectibles,U2_Quests","0.11.141","TaskActiveEvent",14,"overflow fountain",NA
"2197","5c5f11d8e4194c47a1551f4f",4,"Development","8d703246-39e0-4ff5-aef9-ec166f84d182","JG6 UX6",185,"2019-02-09 05:45:55","WindowsPlayer",NA,11,"TaskEvent",0,"0.11.141",675.659484863281,1124.28210449219,98.0349044799805,0.0308539066463709,-0.999524116516113,0,"Find Toppo's Posters,What just happened?","49,poster1;49,poster2;49,poster3;49,poster4;49,poster5;49,poster6;51,hoverboard","U2,U2_Collectibles,U2_Quests","0.11.141","TaskCompleteEvent",14,"Head back to Anderson",NA
"2198","5c5f11d8e4194c47a1551f50",4,"Development","8d703246-39e0-4ff5-aef9-ec166f84d182","JG6 UX6",185,"2019-02-09 05:45:55","WindowsPlayer",NA,11,"TaskEvent",0,"0.11.141",675.659484863281,1124.28210449219,98.0349044799805,0.0308539066463709,-0.999524116516113,0,"Find Toppo's Posters,What just happened?","49,poster1;49,poster2;49,poster3;49,poster4;49,poster5;49,poster6;51,hoverboard","U2,U2_Collectibles,U2_Quests","0.11.141","TaskActiveEvent",85,"teleport island",NA
"2199","5c5f11d8e4194c47a1551f51",4,"Development","8d703246-39e0-4ff5-aef9-ec166f84d182","JG6 UX6",185,"2019-02-09 05:45:55","WindowsPlayer",NA,11,"TaskEvent",0,"0.11.141",675.659484863281,1124.28210449219,98.0349044799805,0.0308539066463709,-0.999524116516113,0,"Find Toppo's Posters,What just happened?","49,poster1;49,poster2;49,poster3;49,poster4;49,poster5;49,poster6;51,hoverboard;51,communications","U2,U2_Collectibles,U2_Quests","0.11.141","TaskCompleteEvent",6,"Investigate the Flood",NA
"2200","5c5f1255e4194c47a155203b",4,"Development","8d703246-39e0-4ff5-aef9-ec166f84d182","JG6 UX6",185,"2019-02-09 05:47:51","WindowsPlayer",NA,11,"TaskEvent",0,"0.11.141",727.845825195312,1513.92260742188,125.209060668945,0.957480311393738,0.28849858045578,0,"Find Toppo's Posters,What just happened?","49,poster1;49,poster2;49,poster3;49,poster4;49,poster5;49,poster6;51,communications","U2,U2_Collectibles,U2_Quests","0.11.141","TaskActiveEvent",80,"Scan the Armory Ceiling",NA
"2201","5c5f1255e4194c47a155203e",4,"Development","8d703246-39e0-4ff5-aef9-ec166f84d182","JG6 UX6",185,"2019-02-09 05:47:51","WindowsPlayer",NA,11,"TaskEvent",0,"0.11.141",727.845825195312,1513.92260742188,125.209060668945,0.957480311393738,0.28849858045578,0,"Find Toppo's Posters,What just happened?","49,poster1;49,poster2;49,poster3;49,poster4;49,poster5;49,poster6;51,communications","U2,U2_Collectibles,U2_Quests","0.11.141","TaskProgressEvent",6,"Investigate the Flood",1
"2202","5c5f125fe4194c47a1552058",4,"Development","8d703246-39e0-4ff5-aef9-ec166f84d182","JG6 UX6",185,"2019-02-09 05:48:15","WindowsPlayer",NA,11,"TaskEvent",0,"0.11.141",727.845825195312,1513.92260742188,125.209060668945,-0.93747615814209,-0.348049640655518,0,"Find Toppo's Posters,What just happened?,Find the Team","49,poster1;49,poster3;49,poster4;49,poster5;49,poster6","U2,U2_Collectibles,U2_Quests","0.11.141","TaskProgressEvent",3,"Restore Power to B5",1
"2203","5c5f1260e4194c47a1552061",4,"Development","8d703246-39e0-4ff5-aef9-ec166f84d182","JG6 UX6",185,"2019-02-09 05:48:15","WindowsPlayer",NA,11,"TaskEvent",0,"0.11.141",727.845825195312,1513.92260742188,125.209060668945,-0.93747615814209,-0.348049640655518,0,"Find Toppo's Posters,What just happened?","49,poster1;49,poster3;49,poster4;49,poster5;49,poster6;51,communications","U2,U2_Collectibles,U2_Quests","0.11.141","TaskActiveEvent",3,"Restore Power to B4",NA
"2204","5c5f1260e4194c47a1552064",4,"Development","8d703246-39e0-4ff5-aef9-ec166f84d182","JG6 UX6",185,"2019-02-09 05:48:15","WindowsPlayer",NA,11,"TaskEvent",0,"0.11.141",727.845825195312,1513.92260742188,125.209060668945,-0.93747615814209,-0.348049640655518,0,"Find Toppo's Posters,Find the Team","49,poster1;49,poster3;49,poster4;49,poster5;49,poster6;20,Find the team","U2,U2_Collectibles,U2_Quests","0.11.141","TaskCompleteEvent",3,"Restore Power to B5",NA
"2205","5c5f12dde4194c47a15521d8",4,"Development","8d703246-39e0-4ff5-aef9-ec166f84d182","JG6 UX6",185,"2019-02-09 05:50:15","WindowsPlayer",NA,11,"TaskEvent",0,"0.11.141",1060.56530761719,1756.48083496094,105.15209197998,0.86574649810791,-0.500483155250549,0,"Find Toppo's Posters,Settling WAT247","49,poster1;49,poster3;49,poster4;49,poster5;49,poster6;22,Talk to Anderson","U2,U2_Collectibles,U2_Quests","0.11.141","TaskActiveEvent",14,"fountain1",NA
"2206","5c5f12dde4194c47a15521dd",4,"Development","8d703246-39e0-4ff5-aef9-ec166f84d182","JG6 UX6",185,"2019-02-09 05:50:15","WindowsPlayer",NA,11,"TaskEvent",0,"0.11.141",1060.56530761719,1756.48083496094,105.15209197998,0.86574649810791,-0.500483155250549,0,"Find Toppo's Posters,Find the Team","49,poster1;49,poster3;49,poster4;49,poster5;49,poster6;20,Talk with Dr. Topo","U2,U2_Collectibles,U2_Quests","0.11.141","TaskProgressEvent",13,"report",1
"2207","5c5f12dde4194c47a15521de",4,"Development","8d703246-39e0-4ff5-aef9-ec166f84d182","JG6 UX6",185,"2019-02-09 05:50:15","WindowsPlayer",NA,11,"TaskEvent",0,"0.11.141",1060.56530761719,1756.48083496094,105.15209197998,0.86574649810791,-0.500483155250549,0,"Find Toppo's Posters,Find the Team,Settling WAT247","49,poster1;49,poster3;49,poster4;49,poster5;49,poster6","U2,U2_Collectibles,U2_Quests","0.11.141","TaskCompleteEvent",13,"report",NA
"2208","5c5f12e7e4194c47a15521f9",4,"Development","8d703246-39e0-4ff5-aef9-ec166f84d182","JG6 UX6",185,"2019-02-09 05:50:04","WindowsPlayer",NA,11,"TaskEvent",0,"0.11.141",1013.77270507812,1778.203125,121.891586303711,0.999971687793732,-0.0075385570526123,0,"Find Toppo's Posters,Find the Team","49,poster1;49,poster3;49,poster4;49,poster5;49,poster6;20,Find the team","U2,U2_Collectibles,U2_Quests","0.11.141","TaskActiveEvent",59,"Get Ready",NA
"2209","5c5f12e7e4194c47a15521fb",4,"Development","8d703246-39e0-4ff5-aef9-ec166f84d182","JG6 UX6",185,"2019-02-09 05:50:04","WindowsPlayer",NA,11,"TaskEvent",0,"0.11.141",1013.77270507812,1778.203125,121.891586303711,0.999971687793732,-0.0075385570526123,0,"Find Toppo's Posters,Find the Team","49,poster1;49,poster3;49,poster4;49,poster5;49,poster6;20,Find the team","U2,U2_Collectibles,U2_Quests","0.11.141","TaskCompleteEvent",59,"Get Ready",NA
"2210","5c5f12e7e4194c47a15521fc",4,"Development","8d703246-39e0-4ff5-aef9-ec166f84d182","JG6 UX6",185,"2019-02-09 05:50:04","WindowsPlayer",NA,11,"TaskEvent",0,"0.11.141",1013.77270507812,1778.203125,121.891586303711,0.999971687793732,-0.0075385570526123,0,"Find Toppo's Posters,Find the Team","49,poster1;49,poster3;49,poster4;49,poster5;49,poster6;20,Find the team;20,Talk with Dr. Topo","U2,U2_Collectibles,U2_Quests","0.11.141","TaskActiveEvent",59,"Head to the Desert",NA
"2211","5c5f12ece4194c47a155221c",4,"Development","8d703246-39e0-4ff5-aef9-ec166f84d182","JG6 UX6",185,"2019-02-09 05:50:35","WindowsPlayer",NA,11,"TaskEvent",0,"0.11.141",1060.56530761719,1756.48083496094,105.15209197998,0.86574649810791,-0.500483155250549,0,"Find Toppo's Posters,Settling WAT247,Crash Diagnostics - Mountains","49,poster1;49,poster3;49,poster4;49,poster5;49,poster6;22,Talk to Anderson","U2,U2_Collectibles,U2_Quests","0.11.141","TaskProgressEvent",59,"Get Ready",1
"2212","5c5f13a5e4194c47a155233e",4,"Development","8d703246-39e0-4ff5-aef9-ec166f84d182","JG6 UX6",185,"2019-02-09 05:53:36","WindowsPlayer",NA,11,"TaskEvent",0,"0.11.141",1043.115234375,1740.09704589844,104.880783081055,0.467437088489532,-0.884026646614075,0,"Find Toppo's Posters,Settling WAT247,Crash Diagnostics - Mountains","49,poster1;49,poster3;49,poster4;49,poster5;49,poster6;22,Talk to Anderson;46,jasper","U2,U2_Collectibles,U2_Quests","0.11.141","TaskCompleteEvent",75,"BackToGardens",NA
"2213","5c5f13a5e4194c47a155233f",4,"Development","8d703246-39e0-4ff5-aef9-ec166f84d182","JG6 UX6",185,"2019-02-09 05:53:36","WindowsPlayer",NA,11,"TaskEvent",0,"0.11.141",1043.115234375,1740.09704589844,104.880783081055,0.467437088489532,-0.884026646614075,0,"Find Toppo's Posters,Settling WAT247,Crash Diagnostics - Mountains","49,poster1;49,poster3;49,poster4;49,poster5;49,poster6;22,Talk to Anderson;46,jasper","U2,U2_Collectibles,U2_Quests","0.11.141","TaskActiveEvent",25,"Install Pumps",NA
"2214","5c5f13a6e4194c47a1552349",4,"Development","8d703246-39e0-4ff5-aef9-ec166f84d182","JG6 UX6",185,"2019-02-09 05:53:36","WindowsPlayer",NA,11,"TaskEvent",0,"0.11.141",1043.115234375,1740.09704589844,104.880783081055,0.467437088489532,-0.884026646614075,0,"Find Toppo's Posters,Settling WAT247,Crash Diagnostics - Mountains","49,poster1;49,poster3;49,poster4;49,poster5;49,poster6;22,Talk to Anderson;46,jasper;22,Talk to Sam","U2,U2_Collectibles,U2_Quests","0.11.141","TaskProgressEvent",75,"BackToGardens",1
"2215","5c5f13c3e4194c47a1552364",4,"Development","8d703246-39e0-4ff5-aef9-ec166f84d182","JG6 UX6",185,"2019-02-09 05:53:59","WindowsPlayer",NA,11,"TaskEvent",0,"0.11.141",1061.3779296875,1734.54614257812,99.8666839599609,0.164497867226601,-0.986377358436584,0,"Find Toppo's Posters,Settling WAT247,Crash Diagnostics - Mountains","49,poster1;49,poster3;49,poster4;49,poster5;49,poster6;46,jasper;22,Talk to Sam","U2,U2_Collectibles,U2_Quests","0.11.141","TaskProgressEvent",3,"Restore Power to B4",1
"2216","5c5f13c3e4194c47a155236d",4,"Development","8d703246-39e0-4ff5-aef9-ec166f84d182","JG6 UX6",185,"2019-02-09 05:53:59","WindowsPlayer",NA,11,"TaskEvent",0,"0.11.141",1061.3779296875,1734.54614257812,99.8666839599609,0.164497867226601,-0.986377358436584,0,"Find Toppo's Posters,Settling WAT247,Crash Diagnostics - Mountains","49,poster1;49,poster3;49,poster4;49,poster5;49,poster6;46,jasper;22,Talk to Sam","U2,U2_Collectibles,U2_Quests","0.11.141","TaskCompleteEvent",3,"Restore Power to B4",NA
"2217","5c5f13c3e4194c47a155236e",4,"Development","8d703246-39e0-4ff5-aef9-ec166f84d182","JG6 UX6",185,"2019-02-09 05:53:59","WindowsPlayer",NA,11,"TaskEvent",0,"0.11.141",1061.3779296875,1734.54614257812,99.8666839599609,0.164497867226601,-0.986377358436584,0,"Find Toppo's Posters,Settling WAT247,Crash Diagnostics - Mountains","49,poster1;49,poster3;49,poster4;49,poster5;49,poster6;46,jasper;22,Talk to Sam;22,Talk to Bill","U2,U2_Collectibles,U2_Quests","0.11.141","TaskActiveEvent",3,"Restore Power to B3",NA
"2218","5c5f13d2e4194c47a1552380",4,"Development","8d703246-39e0-4ff5-aef9-ec166f84d182","JG6 UX6",185,"2019-02-09 05:54:20","WindowsPlayer",NA,11,"TaskEvent",0,"0.11.141",1050.92065429688,1727.99670410156,99.9898452758789,-0.953022003173828,0.302901208400726,0,"Find Toppo's Posters,Settling WAT247,Crash Diagnostics - Mountains","49,poster1;49,poster3;49,poster4;49,poster5;49,poster6;46,jasper;22,Talk to Bill;22,Sample the east waterfall","U2,U2_Collectibles,U2_Quests","0.11.141","TaskProgressEvent",80,"Scan the Amory Floor",1
"2219","5c5f13d2e4194c47a1552384",4,"Development","8d703246-39e0-4ff5-aef9-ec166f84d182","JG6 UX6",185,"2019-02-09 05:54:20","WindowsPlayer",NA,11,"TaskEvent",0,"0.11.141",1050.92065429688,1727.99670410156,99.9898452758789,-0.953022003173828,0.302901208400726,0,"Find Toppo's Posters,Settling WAT247,Crash Diagnostics - Mountains","49,poster1;49,poster3;49,poster4;49,poster5;49,poster6;46,jasper;22,Talk to Bill","U2,U2_Collectibles,U2_Quests","0.11.141","TaskActiveEvent",80,"Scan the Armory Depth",NA
"2220","5c5f13d2e4194c47a1552385",4,"Development","8d703246-39e0-4ff5-aef9-ec166f84d182","JG6 UX6",185,"2019-02-09 05:54:20","WindowsPlayer",NA,11,"TaskEvent",0,"0.11.141",1050.92065429688,1727.99670410156,99.9898452758789,-0.953022003173828,0.302901208400726,0,"Find Toppo's Posters,Settling WAT247,Crash Diagnostics - Mountains","49,poster1;49,poster3;49,poster4;49,poster5;49,poster6;46,jasper;22,Talk to Bill","U2,U2_Collectibles,U2_Quests","0.11.141","TaskCompleteEvent",80,"Scan the Amory Floor",NA
"2221","5c5f1496e4194c47a155250a",4,"Development","8d703246-39e0-4ff5-aef9-ec166f84d182","JG6 UX6",185,"2019-02-09 05:57:41","WindowsPlayer",NA,11,"TaskEvent",0,"0.11.141",1666.35815429688,289.040496826172,52.1271514892578,0.227806463837624,-0.973706483840942,0,"Find Toppo's Posters,Settling WAT247,Crash Diagnostics - Mountains","49,poster1;49,poster3;49,poster4;49,poster5;49,poster6;46,jasper;22,Sample the east waterfall","U2,U2_Collectibles,U2_Quests,U2_LeftWaterfall","0.11.141","TaskProgressEvent",3,"Restore Power to B3",1
"2222","5c5f1496e4194c47a155250b",4,"Development","8d703246-39e0-4ff5-aef9-ec166f84d182","JG6 UX6",185,"2019-02-09 05:57:41","WindowsPlayer",NA,11,"TaskEvent",0,"0.11.141",1666.35815429688,289.040496826172,52.1271514892578,0.227806463837624,-0.973706483840942,0,"Find Toppo's Posters,Settling WAT247,Crash Diagnostics - Mountains","49,poster1;49,poster3;49,poster4;49,poster5;49,poster6;46,jasper;22,Sample the east waterfall;22,Sample the west waterfall","U2,U2_Collectibles,U2_Quests,U2_LeftWaterfall","0.11.141","TaskActiveEvent",3,"Restore Power to B2",NA
"2223","5c5f1496e4194c47a155250e",4,"Development","8d703246-39e0-4ff5-aef9-ec166f84d182","JG6 UX6",185,"2019-02-09 05:57:41","WindowsPlayer",NA,11,"TaskEvent",0,"0.11.141",1666.35815429688,289.040496826172,52.1271514892578,0.227806463837624,-0.973706483840942,0,"Find Toppo's Posters,Settling WAT247,Crash Diagnostics - Mountains","49,poster1;49,poster3;49,poster4;49,poster5;49,poster6;46,jasper;22,Sample the east waterfall","U2,U2_Collectibles,U2_Quests,U2_LeftWaterfall","0.11.141","TaskCompleteEvent",3,"Restore Power to B3",NA
"2224","5c5f14e6e4194c47a1552565",4,"Development","8d703246-39e0-4ff5-aef9-ec166f84d182","JG6 UX6",185,"2019-02-09 05:58:50","WindowsPlayer",NA,11,"TaskEvent",0,"0.11.141",0,-50,0.980000019073486,-0.147809416055679,0.989015877246857,0,"Find Toppo's Posters,Settling WAT247,Crash Diagnostics - Mountains,Welcome to CREi","49,poster1;49,poster3;49,poster4;49,poster5;49,poster6;46,jasper;22,Sample the west waterfall","CREi","0.11.141","TaskActiveEvent",2,"Try the Controls",NA
"2225","5c5f150ae4194c47a15525ab",4,"Development","8d703246-39e0-4ff5-aef9-ec166f84d182","JG6 UX6",185,"2019-02-09 05:59:33","WindowsPlayer",NA,11,"TaskEvent",0,"0.11.141",2.1574444770813,-39.490421295166,0.980000019073486,-0.151260808110237,0.988493859767914,0,"Find Toppo's Posters,Settling WAT247,Crash Diagnostics - Mountains,Welcome to CREi","49,poster1;49,poster3;49,poster4;49,poster5;49,poster6;46,jasper;22,Sample the west waterfall;84,Spawn a Component;84,Identify a Component","CREi","0.11.141","TaskProgressEvent",2,"Enter the Building",1
"2226","5c5f150ae4194c47a15525b5",4,"Development","8d703246-39e0-4ff5-aef9-ec166f84d182","JG6 UX6",185,"2019-02-09 05:59:33","WindowsPlayer",NA,11,"TaskEvent",0,"0.11.141",2.1574444770813,-39.490421295166,0.980000019073486,-0.151260808110237,0.988493859767914,0,"Find Toppo's Posters,Settling WAT247,Crash Diagnostics - Mountains,Welcome to CREi","49,poster1;49,poster3;49,poster4;49,poster5;49,poster6;46,jasper;22,Sample the west waterfall;84,Spawn a Component","CREi","0.11.141","TaskCompleteEvent",2,"Enter the Building",NA
"2227","5c5f150ae4194c47a15525b6",4,"Development","8d703246-39e0-4ff5-aef9-ec166f84d182","JG6 UX6",185,"2019-02-09 05:59:33","WindowsPlayer",NA,11,"TaskEvent",0,"0.11.141",2.1574444770813,-39.490421295166,0.980000019073486,-0.151260808110237,0.988493859767914,0,"Find Toppo's Posters,Settling WAT247,Crash Diagnostics - Mountains,Welcome to CREi","49,poster1;49,poster3;49,poster4;49,poster5;49,poster6;46,jasper;22,Sample the west waterfall;84,Spawn a Component","CREi","0.11.141","TaskProgressEvent",87,"Unlock the door",1
"2228","5c5f15a5e4194c47a1552699",4,"Development","8d703246-39e0-4ff5-aef9-ec166f84d182","JG6 UX6",185,"2019-02-09 06:02:08","WindowsPlayer",NA,11,"TaskEvent",0,"0.11.141",0.10823716968298,-37.381420135498,0.980000019073486,0.114936627447605,0.993372797966003,0,"Find Toppo's Posters,Settling WAT247,Crash Diagnostics - Mountains,Welcome to CREi","49,poster1;49,poster3;49,poster4;49,poster5;49,poster6;46,jasper;22,Sample the west waterfall;84,Identify a Component","CREi","0.11.141","TaskActiveEvent",87,"Enter the ruins",NA
"2229","5c5f15a5e4194c47a15526a0",4,"Development","8d703246-39e0-4ff5-aef9-ec166f84d182","JG6 UX6",185,"2019-02-09 06:02:08","WindowsPlayer",NA,11,"TaskEvent",0,"0.11.141",0.10823716968298,-37.381420135498,0.980000019073486,0.114936627447605,0.993372797966003,0,"Find Toppo's Posters,Settling WAT247,Crash Diagnostics - Mountains,Welcome to CREi","49,poster1;49,poster3;49,poster4;49,poster5;49,poster6;46,jasper;22,Sample the west waterfall;84,Identify a Component","CREi","0.11.141","TaskCompleteEvent",87,"Unlock the door",NA
"2230","5c5f15a5e4194c47a15526a1",4,"Development","8d703246-39e0-4ff5-aef9-ec166f84d182","JG6 UX6",185,"2019-02-09 06:02:08","WindowsPlayer",NA,11,"TaskEvent",0,"0.11.141",0.10823716968298,-37.381420135498,0.980000019073486,0.114936627447605,0.993372797966003,0,"Find Toppo's Posters,Settling WAT247,Crash Diagnostics - Mountains,Welcome to CREi","49,poster1;49,poster3;49,poster4;49,poster5;49,poster6;46,jasper;22,Sample the west waterfall;84,Identify a Component;84,And all the rest","CREi","0.11.141","TaskCompleteEvent",61,"Head to Bed",NA
"2231","5c5f15cde4194c47a15526d3",4,"Development","8d703246-39e0-4ff5-aef9-ec166f84d182","JG6 UX6",185,"2019-02-09 06:02:37","WindowsPlayer",NA,11,"TaskEvent",0,"0.11.141",0.170000001788139,-38.7799987792969,0.980000019073486,-0.033155769109726,0.999450206756592,0,"Find Toppo's Posters,Settling WAT247,Crash Diagnostics - Mountains,Welcome to CREi","49,poster1;49,poster3;49,poster4;49,poster5;49,poster6;46,jasper;22,Sample the west waterfall;84,And all the rest","CREi","0.11.141","TaskCompleteEvent",14,"overflow fountain",NA
"2232","5c5f15cde4194c47a15526d9",4,"Development","8d703246-39e0-4ff5-aef9-ec166f84d182","JG6 UX6",185,"2019-02-09 06:02:37","WindowsPlayer",NA,11,"TaskEvent",0,"0.11.141",0.170000001788139,-38.7799987792969,0.980000019073486,-0.033155769109726,0.999450206756592,0,"Find Toppo's Posters,Settling WAT247,Crash Diagnostics - Mountains,Welcome to CREi","49,poster1;49,poster3;49,poster4;49,poster5;49,poster6;46,jasper;22,Sample the west waterfall;84,And all the rest","CREi","0.11.141","TaskProgressEvent",14,"overflow fountain",1
"2233","5c5f15cde4194c47a15526da",4,"Development","8d703246-39e0-4ff5-aef9-ec166f84d182","JG6 UX6",185,"2019-02-09 06:02:37","WindowsPlayer",NA,11,"TaskEvent",0,"0.11.141",0.170000001788139,-38.7799987792969,0.980000019073486,-0.033155769109726,0.999450206756592,0,"Find Toppo's Posters,Settling WAT247,Crash Diagnostics - Mountains,Welcome to CREi","49,poster1;49,poster3;49,poster4;49,poster5;49,poster6;46,jasper;22,Sample the west waterfall;84,And all the rest;84,Finish fixing ARF","CREi","0.11.141","TaskCompleteEvent",49,"poster4",NA
"2234","5c5f167ce4194c47a15527d7",4,"Development","8d703246-39e0-4ff5-aef9-ec166f84d182","JG6 UX6",185,"2019-02-09 06:05:42","WindowsPlayer",NA,11,"TaskEvent",0,"0.11.141",0.170000001788139,-38.7799987792969,0.980000019073486,0.0575635842978954,0.998341858386993,0,"Find Toppo's Posters,Settling WAT247,Crash Diagnostics - Mountains","49,poster1;49,poster3;49,poster4;49,poster5;49,poster6;46,jasper;22,Sample the west waterfall","CREi","0.11.141","TaskProgressEvent",61,"Head to Bed",1
"2235","5c5f167ce4194c47a15527e5",4,"Development","8d703246-39e0-4ff5-aef9-ec166f84d182","JG6 UX6",185,"2019-02-09 06:05:42","WindowsPlayer",NA,11,"TaskEvent",0,"0.11.141",0.170000001788139,-38.7799987792969,0.980000019073486,0.0575635842978954,0.998341858386993,0,"Find Toppo's Posters,Settling WAT247,Crash Diagnostics - Mountains,Welcome to CREi","49,poster1;49,poster3;49,poster4;49,poster5;49,poster6;46,jasper;22,Sample the west waterfall;84,Finish fixing ARF","CREi","0.11.141","TaskActiveEvent",61,"Head to Bed",NA
"2236","5c5f1771e4194c47a1552963",4,"Development","8d703246-39e0-4ff5-aef9-ec166f84d182","JG6 UX6",185,"2019-02-09 06:09:48","WindowsPlayer",NA,11,"TaskEvent",0,"0.11.141",270.818756103516,300.828826904297,51.5667381286621,0.973179340362549,0.230048358440399,0,"Find Toppo's Posters,Settling WAT247,Crash Diagnostics - Mountains","49,poster1;49,poster3;49,poster4;49,poster5;49,poster6;46,jasper;22,Sample the west waterfall","U2,U2_Collectibles,U2_Quests,U2_RightWaterfall","0.11.141","TaskProgressEvent",49,"poster4",1
"2237","5c5f1771e4194c47a1552966",4,"Development","8d703246-39e0-4ff5-aef9-ec166f84d182","JG6 UX6",185,"2019-02-09 06:09:48","WindowsPlayer",NA,11,"TaskEvent",0,"0.11.141",270.818756103516,300.828826904297,51.5667381286621,0.973179340362549,0.230048358440399,0,"Find Toppo's Posters,Crash Diagnostics - Mountains,The Largest Watershed","49,poster1;49,poster3;49,poster4;49,poster5;49,poster6;46,jasper;28,Talk to Holo-Toppo","U2,U2_Collectibles,U2_Quests,U2_RightWaterfall","0.11.141","TaskCompleteEvent",13,"report",NA
"2238","5c5f1771e4194c47a155296a",4,"Development","8d703246-39e0-4ff5-aef9-ec166f84d182","JG6 UX6",185,"2019-02-09 06:09:48","WindowsPlayer",NA,11,"TaskEvent",0,"0.11.141",270.818756103516,300.828826904297,51.5667381286621,0.973179340362549,0.230048358440399,0,"Find Toppo's Posters,Settling WAT247,Crash Diagnostics - Mountains,The Largest Watershed","49,poster1;49,poster3;49,poster4;49,poster5;49,poster6;46,jasper","U2,U2_Collectibles,U2_Quests,U2_RightWaterfall","0.11.141","TaskActiveEvent",14,"fountain1",NA
"2239","5c5f1825e4194c47a1552a50",4,"Development","8d703246-39e0-4ff5-aef9-ec166f84d182","JG6 UX6",185,"2019-02-09 06:12:43","WindowsPlayer",NA,11,"TaskEvent",0,"0.11.141",262.076721191406,294.436340332031,53.7957534790039,-0.806960999965668,-0.590604901313782,0,"Find Toppo's Posters,Crash Diagnostics - Mountains,The Largest Watershed","49,poster1;49,poster3;49,poster4;49,poster5;49,poster6;46,jasper;28,Talk to Holo-Toppo","U2,U2_Collectibles,U2_Quests,U2_RightWaterfall","0.11.141","TaskProgressEvent",13,"report",1
"2240","5c5f1825e4194c47a1552a51",4,"Development","8d703246-39e0-4ff5-aef9-ec166f84d182","JG6 UX6",185,"2019-02-09 06:12:43","WindowsPlayer",NA,11,"TaskEvent",0,"0.11.141",262.076721191406,294.436340332031,53.7957534790039,-0.806960999965668,-0.590604901313782,0,"Find Toppo's Posters,Crash Diagnostics - Mountains,The Largest Watershed","49,poster1;49,poster3;49,poster4;49,poster5;49,poster6;46,jasper;28,Talk to Holo-Toppo","U2,U2_Collectibles,U2_Quests,U2_RightWaterfall","0.11.141","TaskProgressEvent",49,"poster3",1
"2241","5c5f1825e4194c47a1552a53",4,"Development","8d703246-39e0-4ff5-aef9-ec166f84d182","JG6 UX6",185,"2019-02-09 06:12:43","WindowsPlayer",NA,11,"TaskEvent",0,"0.11.141",262.076721191406,294.436340332031,53.7957534790039,-0.806960999965668,-0.590604901313782,0,"Find Toppo's Posters,Crash Diagnostics - Mountains,The Largest Watershed","49,poster1;49,poster3;49,poster4;49,poster5;49,poster6;46,jasper;28,Talk to Holo-Toppo;28,Argue which watershed is bigger","U2,U2_Collectibles,U2_Quests,U2_RightWaterfall","0.11.141","TaskCompleteEvent",49,"poster3",NA
"2242","5c5f18b6e4194c47a1552b58",4,"Development","8d703246-39e0-4ff5-aef9-ec166f84d182","JG6 UX6",185,"2019-02-09 06:15:14","WindowsPlayer",NA,11,"TaskEvent",0,"0.11.141",262.076721191406,294.436340332031,53.7957534790039,-0.725375115871429,-0.688353776931763,0,"Find Toppo's Posters,Crash Diagnostics - Mountains,The Largest Watershed","49,poster1;49,poster3;49,poster4;49,poster5;49,poster6;46,jasper;28,Argue which watershed is bigger","U2,U2_Collectibles,U2_Quests,U2_RightWaterfall","0.11.141","TaskCompleteEvent",27,"Find the supplies",NA
"2243","5c5f18b7e4194c47a1552b5f",4,"Development","8d703246-39e0-4ff5-aef9-ec166f84d182","JG6 UX6",185,"2019-02-09 06:15:14","WindowsPlayer",NA,11,"TaskEvent",0,"0.11.141",262.076721191406,294.436340332031,53.7957534790039,-0.725375115871429,-0.688353776931763,0,"Find Toppo's Posters,Crash Diagnostics - Mountains,The Largest Watershed,Welcome home","49,poster1;49,poster3;49,poster4;49,poster5;49,poster6;46,jasper","U2,U2_Collectibles,U2_Quests,U2_RightWaterfall","0.11.141","TaskProgressEvent",27,"Find the supplies",1
"2244","5c5f18b7e4194c47a1552b60",4,"Development","8d703246-39e0-4ff5-aef9-ec166f84d182","JG6 UX6",185,"2019-02-09 06:15:14","WindowsPlayer",NA,11,"TaskEvent",0,"0.11.141",262.076721191406,294.436340332031,53.7957534790039,-0.725375115871429,-0.688353776931763,0,"Find Toppo's Posters,Crash Diagnostics - Mountains,Welcome home","49,poster1;49,poster3;49,poster4;49,poster5;49,poster6;46,jasper;58,Speak with Toppo","U2,U2_Collectibles,U2_Quests,U2_RightWaterfall","0.11.141","TaskActiveEvent",27,"Deliver crates",NA
"2245","5c5f192fe4194c47a1552bfa",4,"Development","8d703246-39e0-4ff5-aef9-ec166f84d182","JG6 UX6",185,"2019-02-09 06:17:15","WindowsPlayer",NA,11,"TaskEvent",0,"0.11.141",90.0084838867188,102.746215820312,77.9798736572266,0.278990626335144,0.960293829441071,0,"Find Toppo's Posters,Crash Diagnostics - Mountains,Welcome home","49,poster1;49,poster3;49,poster4;49,poster5;49,poster6;46,jasper;58,Speak with Toppo;58,Jasper's Proposal","Player_Base","0.11.141","TaskProgressEvent",27,"Deliver crates",1
"2246","5c5f1930e4194c47a1552bff",4,"Development","8d703246-39e0-4ff5-aef9-ec166f84d182","JG6 UX6",185,"2019-02-09 06:17:15","WindowsPlayer",NA,11,"TaskEvent",0,"0.11.141",90.0084838867188,102.746215820312,77.9798736572266,0.278990626335144,0.960293829441071,0,"Find Toppo's Posters,Crash Diagnostics - Mountains,Welcome home","49,poster1;49,poster3;49,poster4;49,poster5;49,poster6;46,jasper;58,Speak with Toppo","Player_Base","0.11.141","TaskProgressEvent",27,"Deliver crates",2
"2247","5c5f1930e4194c47a1552c00",4,"Development","8d703246-39e0-4ff5-aef9-ec166f84d182","JG6 UX6",185,"2019-02-09 06:17:15","WindowsPlayer",NA,11,"TaskEvent",0,"0.11.141",90.0084838867188,102.746215820312,77.9798736572266,0.278990626335144,0.960293829441071,0,"Find Toppo's Posters,Crash Diagnostics - Mountains,Welcome home","49,poster1;49,poster3;49,poster4;49,poster5;49,poster6;46,jasper;58,Speak with Toppo","Player_Base","0.11.141","TaskProgressEvent",27,"Deliver crates",3
"2248","5c5f1980e4194c47a1552c7d",4,"Development","8d703246-39e0-4ff5-aef9-ec166f84d182","JG6 UX6",185,"2019-02-09 06:18:32","WindowsPlayer",NA,11,"TaskEvent",0,"0.11.141",91.9888610839844,106.469261169434,77.9805526733398,-0.116671375930309,0.993170559406281,0,"Find Toppo's Posters,Crash Diagnostics - Mountains,Welcome home","49,poster1;49,poster3;49,poster4;49,poster5;49,poster6;46,jasper;58,Jasper's Proposal","Player_Base","0.11.141","TaskActiveEvent",59,"Get Ready",NA
"2249","5c5f1980e4194c47a1552c7e",4,"Development","8d703246-39e0-4ff5-aef9-ec166f84d182","JG6 UX6",185,"2019-02-09 06:18:32","WindowsPlayer",NA,11,"TaskEvent",0,"0.11.141",91.9888610839844,106.469261169434,77.9805526733398,-0.116671375930309,0.993170559406281,0,"Find Toppo's Posters,Crash Diagnostics - Mountains,Welcome home","49,poster1;49,poster3;49,poster4;49,poster5;49,poster6;46,jasper;58,Jasper's Proposal;58,Head to bed","Player_Base","0.11.141","TaskProgressEvent",59,"Get Ready",1
"2250","5c5f1980e4194c47a1552c84",4,"Development","8d703246-39e0-4ff5-aef9-ec166f84d182","JG6 UX6",185,"2019-02-09 06:18:32","WindowsPlayer",NA,11,"TaskEvent",0,"0.11.141",91.9888610839844,106.469261169434,77.9805526733398,-0.116671375930309,0.993170559406281,0,"Find Toppo's Posters,Crash Diagnostics - Mountains,Welcome home","49,poster1;49,poster3;49,poster4;49,poster5;49,poster6;46,jasper;58,Jasper's Proposal","Player_Base","0.11.141","TaskActiveEvent",59,"Head to the Desert",NA
"2251","5c5f198ae4194c47a1552c97",4,"Development","8d703246-39e0-4ff5-aef9-ec166f84d182","JG6 UX6",185,"2019-02-09 06:18:48","WindowsPlayer",NA,11,"TaskEvent",0,"0.11.141",141.017440795898,127.943656921387,77.9805450439453,-0.666532576084137,0.745475947856903,0,"Find Toppo's Posters,Crash Diagnostics - Mountains","49,poster1;49,poster3;49,poster4;49,poster5;49,poster6;46,jasper","Player_Base","0.11.141","TaskCompleteEvent",59,"Get Ready",NA
"2252","5c5f198ae4194c47a1552c9d",4,"Development","8d703246-39e0-4ff5-aef9-ec166f84d182","JG6 UX6",185,"2019-02-09 06:18:48","WindowsPlayer",NA,11,"TaskEvent",0,"0.11.141",141.017440795898,127.943656921387,77.9805450439453,-0.666532576084137,0.745475947856903,0,"Find Toppo's Posters,Crash Diagnostics - Mountains,Good Morning!","49,poster1;49,poster3;49,poster4;49,poster5;49,poster6;46,jasper","Player_Base","0.11.141","TaskCompleteEvent",27,"Deliver crates",NA
"2253","5c5f198ae4194c47a1552ca1",4,"Development","8d703246-39e0-4ff5-aef9-ec166f84d182","JG6 UX6",185,"2019-02-09 06:18:48","WindowsPlayer",NA,11,"TaskEvent",0,"0.11.141",141.017440795898,127.943656921387,77.9805450439453,-0.666532576084137,0.745475947856903,0,"Find Toppo's Posters,Crash Diagnostics - Mountains,Welcome home","49,poster1;49,poster3;49,poster4;49,poster5;49,poster6;46,jasper;58,Head to bed","Player_Base","0.11.141","TaskActiveEvent",24,"Return to Sam",NA
"2254","5c718022e4194c47a159893e",4,"Development","8d703246-39e0-4ff5-aef9-ec166f84d182","JG6 UX6",185,"2019-02-23 05:17:20","WindowsPlayer",NA,11,"TaskEvent",0,"0.11.141",6.34999990463257,616.760009765625,55.9760322570801,0.80696052312851,0.590605556964874,0,"Good Morning!,Find Toppo's Posters,Crash Diagnostics - Mountains","57,Meet up with Sam;49,poster1;49,poster3;49,poster4;49,poster5;49,poster6;46,jasper","U3,U3_Collectibles,U3_Quests,U3_RiverSpline","0.11.141","TaskProgressEvent",27,"Deliver crates",4
"2255","5c718022e4194c47a159893f",4,"Development","8d703246-39e0-4ff5-aef9-ec166f84d182","JG6 UX6",185,"2019-02-23 05:17:20","WindowsPlayer",NA,11,"TaskEvent",0,"0.11.141",6.34999990463257,616.760009765625,55.9760322570801,0.80696052312851,0.590605556964874,0,"Good Morning!,Find Toppo's Posters,Crash Diagnostics - Mountains,Sam’s supplies","49,poster1;49,poster3;49,poster4;49,poster5;49,poster6;46,jasper","U3,U3_Collectibles,U3_Quests,U3_RiverSpline","0.11.141","TaskCompleteEvent",75,"BackToGardens",NA
"2256","5c718022e4194c47a1598942",4,"Development","8d703246-39e0-4ff5-aef9-ec166f84d182","JG6 UX6",185,"2019-02-23 05:17:20","WindowsPlayer",NA,11,"TaskEvent",0,"0.11.141",6.34999990463257,616.760009765625,55.9760322570801,0.80696052312851,0.590605556964874,0,"Find Toppo's Posters,Crash Diagnostics - Mountains,Sam’s supplies,History of WAT247","49,poster1;49,poster3;49,poster4;49,poster5;49,poster6;46,jasper;27,Talk with Sam","U3,U3_Collectibles,U3_Quests,U3_RiverSpline","0.11.141","TaskActiveEvent",25,"Install Pumps",NA
"2257","5c718022e4194c47a1598943",4,"Development","8d703246-39e0-4ff5-aef9-ec166f84d182","JG6 UX6",185,"2019-02-23 05:17:20","WindowsPlayer",NA,11,"TaskEvent",0,"0.11.141",6.34999990463257,616.760009765625,55.9760322570801,0.80696052312851,0.590605556964874,0,"Find Toppo's Posters,Crash Diagnostics - Mountains,Sam’s supplies,History of WAT247","49,poster1;49,poster3;49,poster4;49,poster5;49,poster6;46,jasper;27,Talk with Sam;50,watershed","U3,U3_Collectibles,U3_Quests,U3_RiverSpline","0.11.141","TaskProgressEvent",75,"BackToGardens",1
"2258","5c718022e4194c47a159894a",4,"Development","8d703246-39e0-4ff5-aef9-ec166f84d182","JG6 UX6",185,"2019-02-23 05:17:20","WindowsPlayer",NA,11,"TaskEvent",0,"0.11.141",6.34999990463257,616.760009765625,55.9760322570801,0.80696052312851,0.590605556964874,0,"Find Toppo's Posters,Crash Diagnostics - Mountains,Sam’s supplies,History of WAT247","49,poster1;49,poster3;49,poster4;49,poster5;49,poster6;46,jasper;27,Talk with Sam;50,watershed;50,dissolved materials","U3,U3_Collectibles,U3_Quests,U3_RiverSpline","0.11.141","TaskProgressEvent",24,"Return to Sam",1
"2259","5c718022e4194c47a1598951",4,"Development","8d703246-39e0-4ff5-aef9-ec166f84d182","JG6 UX6",185,"2019-02-23 05:17:20","WindowsPlayer",NA,11,"TaskEvent",0,"0.11.141",6.34999990463257,616.760009765625,55.9760322570801,0.80696052312851,0.590605556964874,0,"Find Toppo's Posters,Crash Diagnostics - Mountains,Sam’s supplies","49,poster1;49,poster3;49,poster4;49,poster5;49,poster6;46,jasper;27,Talk with Sam","U3,U3_Collectibles,U3_Quests,U3_RiverSpline","0.11.141","TaskActiveEvent",24,"Test the base's water",NA
"2260","5c718022e4194c47a1598952",4,"Development","8d703246-39e0-4ff5-aef9-ec166f84d182","JG6 UX6",185,"2019-02-23 05:17:20","WindowsPlayer",NA,11,"TaskEvent",0,"0.11.141",6.34999990463257,616.760009765625,55.9760322570801,0.80696052312851,0.590605556964874,0,"Find Toppo's Posters,Crash Diagnostics - Mountains,Sam’s supplies,History of WAT247","49,poster1;49,poster3;49,poster4;49,poster5;49,poster6;46,jasper;27,Talk with Sam;50,watershed;50,dissolved materials;50,infiltration","U3,U3_Collectibles,U3_Quests,U3_RiverSpline","0.11.141","TaskCompleteEvent",24,"Return to Sam",NA
"2261","5c71805ee4194c47a159899f",4,"Development","8d703246-39e0-4ff5-aef9-ec166f84d182","JG6 UX6",185,"2019-02-23 05:18:17","WindowsPlayer",NA,11,"TaskEvent",0,"0.11.141",0.0874705761671066,618.384338378906,55.9760322570801,-0.958322644233704,0.285688102245331,0,"Find Toppo's Posters,Crash Diagnostics - Mountains,Sam’s supplies,History of WAT247","49,poster1;49,poster3;49,poster4;49,poster5;49,poster6;46,jasper;27,Talk with Sam;50,watershed;50,dissolved materials;50,infiltration;50,energy","U3,U3_Collectibles,U3_Quests,U3_RiverSpline","0.11.141","TaskProgressEvent",24,"Test the base's water",1
"2262","5c71805ee4194c47a15989a0",4,"Development","8d703246-39e0-4ff5-aef9-ec166f84d182","JG6 UX6",185,"2019-02-23 05:18:17","WindowsPlayer",NA,11,"TaskEvent",0,"0.11.141",0.0874705761671066,618.384338378906,55.9760322570801,-0.958322644233704,0.285688102245331,0,"Find Toppo's Posters,Crash Diagnostics - Mountains,Sam’s supplies,History of WAT247","49,poster1;49,poster3;49,poster4;49,poster5;49,poster6;46,jasper;27,Talk with Sam;50,watershed;50,dissolved materials;50,infiltration;50,energy","U3,U3_Collectibles,U3_Quests,U3_RiverSpline","0.11.141","TaskCompleteEvent",24,"Test the base's water",NA
"2263","5c71805ee4194c47a15989a1",4,"Development","8d703246-39e0-4ff5-aef9-ec166f84d182","JG6 UX6",185,"2019-02-23 05:18:17","WindowsPlayer",NA,11,"TaskEvent",0,"0.11.141",0.0874705761671066,618.384338378906,55.9760322570801,-0.958322644233704,0.285688102245331,0,"Find Toppo's Posters,Crash Diagnostics - Mountains,Sam’s supplies,History of WAT247","49,poster1;49,poster3;49,poster4;49,poster5;49,poster6;46,jasper;27,Talk with Sam;50,watershed;50,dissolved materials;50,infiltration;50,energy;27,Find the supplies","U3,U3_Collectibles,U3_Quests,U3_RiverSpline","0.11.141","TaskActiveEvent",24,"Trace the pollutant",NA
"2264","5c71807ce4194c47a15989b7",4,"Development","8d703246-39e0-4ff5-aef9-ec166f84d182","JG6 UX6",185,"2019-02-23 05:18:35","WindowsPlayer",NA,11,"TaskEvent",0,"0.11.141",0.110160365700722,615.784423828125,55.9760322570801,0.0052362703718245,-0.999986410140991,0,"Find Toppo's Posters,Crash Diagnostics - Mountains,Sam’s supplies,History of WAT247","49,poster1;49,poster3;49,poster4;49,poster5;49,poster6;46,jasper;50,watershed;50,dissolved materials;50,infiltration;50,energy;27,Find the supplies","U3,U3_Collectibles,U3_Quests,U3_RiverSpline","0.11.141","TaskProgressEvent",3,"Restore Power to B4",1
"2265","5c71807ce4194c47a15989b9",4,"Development","8d703246-39e0-4ff5-aef9-ec166f84d182","JG6 UX6",185,"2019-02-23 05:18:35","WindowsPlayer",NA,11,"TaskEvent",0,"0.11.141",0.110160365700722,615.784423828125,55.9760322570801,0.0052362703718245,-0.999986410140991,0,"Find Toppo's Posters,Crash Diagnostics - Mountains,Sam’s supplies,History of WAT247","49,poster1;49,poster3;49,poster4;49,poster5;49,poster6;46,jasper;50,watershed;50,dissolved materials;50,infiltration;50,energy;27,Find the supplies","U3,U3_Collectibles,U3_Quests,U3_RiverSpline","0.11.141","TaskCompleteEvent",3,"Restore Power to B4",NA
"2266","5c7180bde4194c47a1598a1b",4,"Development","8d703246-39e0-4ff5-aef9-ec166f84d182","JG6 UX6",185,"2019-02-23 05:19:47","WindowsPlayer",NA,11,"TaskEvent",0,"0.11.141",-178.7021484375,139.434341430664,94.6919937133789,-0.472549319267273,-0.881304264068604,0,"Find Toppo's Posters,Crash Diagnostics - Mountains,Sam’s supplies,History of WAT247","49,poster1;49,poster4;49,poster5;49,poster6;46,jasper;50,watershed;50,dissolved materials;50,infiltration;50,energy;27,Find the supplies;27,Deliver crates","U3,U3_Collectibles,U3_Quests,U3_RiverSpline","0.11.141","TaskActiveEvent",3,"Restore Power to B3",NA
"2267","5c7180bde4194c47a1598a1f",4,"Development","8d703246-39e0-4ff5-aef9-ec166f84d182","JG6 UX6",185,"2019-02-23 05:19:47","WindowsPlayer",NA,11,"TaskEvent",0,"0.11.141",-178.7021484375,139.434341430664,94.6919937133789,-0.472549319267273,-0.881304264068604,0,"Find Toppo's Posters,Crash Diagnostics - Mountains,Sam’s supplies,History of WAT247","49,poster1;49,poster4;49,poster5;49,poster6;46,jasper;50,watershed;50,dissolved materials;50,infiltration;50,energy;27,Find the supplies","U3,U3_Collectibles,U3_Quests,U3_RiverSpline","0.11.141","TaskCompleteEvent",24,"Trace the pollutant",NA
"2268","5c7180bde4194c47a1598a20",4,"Development","8d703246-39e0-4ff5-aef9-ec166f84d182","JG6 UX6",185,"2019-02-23 05:19:47","WindowsPlayer",NA,11,"TaskEvent",0,"0.11.141",-178.7021484375,139.434341430664,94.6919937133789,-0.472549319267273,-0.881304264068604,0,"Find Toppo's Posters,Crash Diagnostics - Mountains,Sam’s supplies,History of WAT247","49,poster1;49,poster4;49,poster5;49,poster6;46,jasper;50,watershed;50,dissolved materials;50,infiltration;50,energy;27,Find the supplies","U3,U3_Collectibles,U3_Quests,U3_RiverSpline","0.11.141","TaskActiveEvent",24,"Open the Claimer System",NA
"2269","5c7181a8e4194c47a1598c59",4,"Development","8d703246-39e0-4ff5-aef9-ec166f84d182","JG6 UX6",185,"2019-02-23 05:23:47","WindowsPlayer",NA,11,"TaskEvent",0,"0.11.141",35.6537818908691,88.9095993041992,64.0331649780273,0.912833213806152,0.408332467079163,0,"Find Toppo's Posters,Crash Diagnostics - Mountains,Sam’s supplies,History of WAT247","49,poster1;49,poster4;49,poster5;49,poster6;46,jasper;50,watershed;50,dissolved materials;50,infiltration;50,energy;27,Deliver crates","U3,U3_Collectibles,U3_Quests,U3_RiverSpline","0.11.141","TaskProgressEvent",24,"Trace the pollutant",1
"2270","5c7181d0e4194c47a1598c9b",4,"Development","8d703246-39e0-4ff5-aef9-ec166f84d182","JG6 UX6",185,"2019-02-23 05:24:24","WindowsPlayer",NA,11,"TaskEvent",0,"0.11.141",41.6168899536133,82.1842956542969,63.7171287536621,0.67815762758255,0.73491644859314,0,"Find Toppo's Posters,Crash Diagnostics - Mountains,Sam’s supplies,History of WAT247","49,poster1;49,poster4;49,poster5;49,poster6;46,jasper;50,watershed;50,dissolved materials;50,infiltration;50,energy;27,Deliver crates","U3,U3_Collectibles,U3_Quests,U3_RiverSpline","0.11.141","TaskActiveEvent",0,"Convince Bill the pollutant is nearby",NA
"2271","5c718221e4194c47a1598d05",4,"Development","8d703246-39e0-4ff5-aef9-ec166f84d182","JG6 UX6",185,"2019-02-23 05:25:45","WindowsPlayer",NA,11,"TaskEvent",0,"0.11.141",49.1491775512695,75.3879547119141,63.8219413757324,0.625240564346313,0.780432105064392,0,"Find Toppo's Posters,Crash Diagnostics - Mountains,Sam’s supplies,History of WAT247","49,poster1;49,poster4;49,poster5;49,poster6;46,jasper;50,watershed;50,dissolved materials;50,infiltration;50,energy;27,Deliver crates","U3,U3_Collectibles,U3_Quests,U3_RiverSpline","0.11.141","TaskCompleteEvent",24,"Open the Claimer System",NA
"2272","5c7182e4e4194c47a1598e2a",4,"Development","8d703246-39e0-4ff5-aef9-ec166f84d182","JG6 UX6",185,"2019-02-23 05:29:04","WindowsPlayer",NA,11,"TaskEvent",0,"0.11.141",95.7787094116211,-124.09309387207,64.0331649780273,0.988227903842926,0.152989625930786,0,"Find Toppo's Posters,Crash Diagnostics - Mountains,Sam’s supplies,History of WAT247","49,poster1;49,poster4;49,poster5;49,poster6;46,jasper;50,watershed;50,dissolved materials;50,infiltration;50,energy;27,Deliver crates","U3,U3_Collectibles,U3_Quests,U3_RiverSpline","0.11.141","TaskProgressEvent",24,"Open the Claimer System",1
"2273","5c7182e4e4194c47a1598e2d",4,"Development","8d703246-39e0-4ff5-aef9-ec166f84d182","JG6 UX6",185,"2019-02-23 05:29:04","WindowsPlayer",NA,11,"TaskEvent",0,"0.11.141",95.7787094116211,-124.09309387207,64.0331649780273,0.988227903842926,0.152989625930786,0,"Find Toppo's Posters,Crash Diagnostics - Mountains,Sam’s supplies,History of WAT247,Sam’s base is polluted!","49,poster1;49,poster4;49,poster5;49,poster6;46,jasper;50,watershed;50,dissolved materials;50,infiltration;50,energy","U3,U3_Collectibles,U3_Quests,U3_RiverSpline","0.11.141","TaskCompleteEvent",61,"Head to Bed",NA
"2274","5c7182e4e4194c47a1598e33",4,"Development","8d703246-39e0-4ff5-aef9-ec166f84d182","JG6 UX6",185,"2019-02-23 05:29:04","WindowsPlayer",NA,11,"TaskEvent",0,"0.11.141",95.7787094116211,-124.09309387207,64.0331649780273,0.988227903842926,0.152989625930786,0,"Find Toppo's Posters,Crash Diagnostics - Mountains,History of WAT247,Sam’s base is polluted!","49,poster1;49,poster4;49,poster5;49,poster6;46,jasper;50,watershed;50,dissolved materials;50,infiltration;50,energy;24,Return to Sam","U3,U3_Collectibles,U3_Quests,U3_RiverSpline","0.11.141","TaskProgressEvent",61,"Head to Bed",1
"2275","5c71837fe4194c47a1598f05",4,"Development","8d703246-39e0-4ff5-aef9-ec166f84d182","JG6 UX6",185,"2019-02-23 05:31:37","WindowsPlayer",NA,11,"TaskEvent",0,"0.11.141",-0.802219331264496,619.712646484375,55.9760322570801,0.0558261871337891,-0.998440623283386,0,"Find Toppo's Posters,Crash Diagnostics - Mountains,History of WAT247,Sam’s base is polluted!","49,poster1;49,poster4;49,poster5;49,poster6;46,jasper;50,watershed;50,dissolved materials;50,infiltration;50,energy;24,Return to Sam","U3,U3_Collectibles,U3_Quests,U3_RiverSpline","0.11.141","TaskActiveEvent",0,"Talk with Sam",NA
"2276","5c71837fe4194c47a1598f06",4,"Development","8d703246-39e0-4ff5-aef9-ec166f84d182","JG6 UX6",185,"2019-02-23 05:31:37","WindowsPlayer",NA,11,"TaskEvent",0,"0.11.141",-0.802219331264496,619.712646484375,55.9760322570801,0.0558261871337891,-0.998440623283386,0,"Find Toppo's Posters,Crash Diagnostics - Mountains,History of WAT247,Sam’s base is polluted!","49,poster1;49,poster4;49,poster5;49,poster6;46,jasper;50,watershed;50,dissolved materials;50,infiltration;50,energy;24,Return to Sam","U3,U3_Collectibles,U3_Quests,U3_RiverSpline","0.11.141","TaskCompleteEvent",0,"Identify pollutant",NA
"2277","5c71837fe4194c47a1598f07",4,"Development","8d703246-39e0-4ff5-aef9-ec166f84d182","JG6 UX6",185,"2019-02-23 05:31:37","WindowsPlayer",NA,11,"TaskEvent",0,"0.11.141",-0.802219331264496,619.712646484375,55.9760322570801,0.0558261871337891,-0.998440623283386,0,"Find Toppo's Posters,Crash Diagnostics - Mountains,History of WAT247,Sam’s base is polluted!","49,poster1;49,poster4;49,poster5;49,poster6;46,jasper;50,watershed;50,dissolved materials;50,infiltration;50,energy;24,Return to Sam;24,Test the base's water","U3,U3_Collectibles,U3_Quests,U3_RiverSpline","0.11.141","TaskProgressEvent",0,"Identify pollutant",1
"2278","5c7183c1e4194c47a1598f6f",4,"Development","8d703246-39e0-4ff5-aef9-ec166f84d182","JG6 UX6",185,"2019-02-23 05:32:37","WindowsPlayer",NA,11,"TaskEvent",0,"0.11.141",87.8533325195312,591.267639160156,55.9760322570801,0.97629725933075,-0.216434478759766,0,"Find Toppo's Posters,Crash Diagnostics - Mountains,History of WAT247,Sam’s base is polluted!","49,poster1;49,poster4;49,poster5;49,poster6;46,jasper;50,watershed;50,dissolved materials;50,infiltration;50,energy;24,Test the base's water","U3,U3_Collectibles,U3_Quests,U3_RiverSpline","0.11.141","TaskActiveEvent",86,"Talk to Sam",NA
"2279","5c7183c1e4194c47a1598f70",4,"Development","8d703246-39e0-4ff5-aef9-ec166f84d182","JG6 UX6",185,"2019-02-23 05:32:37","WindowsPlayer",NA,11,"TaskEvent",0,"0.11.141",87.8533325195312,591.267639160156,55.9760322570801,0.97629725933075,-0.216434478759766,0,"Find Toppo's Posters,Crash Diagnostics - Mountains,History of WAT247,Sam’s base is polluted!","49,poster1;49,poster4;49,poster5;49,poster6;46,jasper;50,watershed;50,dissolved materials;50,infiltration;50,energy;24,Test the base's water","U3,U3_Collectibles,U3_Quests,U3_RiverSpline","0.11.141","TaskCompleteEvent",0,"Talk with Sam",NA
"2280","5c7183c1e4194c47a1598f71",4,"Development","8d703246-39e0-4ff5-aef9-ec166f84d182","JG6 UX6",185,"2019-02-23 05:32:37","WindowsPlayer",NA,11,"TaskEvent",0,"0.11.141",87.8533325195312,591.267639160156,55.9760322570801,0.97629725933075,-0.216434478759766,0,"Find Toppo's Posters,Crash Diagnostics - Mountains,History of WAT247,Sam’s base is polluted!","49,poster1;49,poster4;49,poster5;49,poster6;46,jasper;50,watershed;50,dissolved materials;50,infiltration;50,energy;24,Test the base's water;24,Trace the pollutant","U3,U3_Collectibles,U3_Quests,U3_RiverSpline","0.11.141","TaskProgressEvent",0,"Talk with Sam",1
"2281","5c718886e4194c47a1599a2a",4,"Development","8d703246-39e0-4ff5-aef9-ec166f84d182","JG6 UX6",185,"2019-02-23 05:52:26","WindowsPlayer",NA,11,"TaskEvent",0,"0.11.141",651.212829589844,-256.440185546875,54.9799995422363,0.240220084786415,0.970718443393707,0,"Find Toppo's Posters,Crash Diagnostics - Mountains,History of WAT247,Sam’s base is polluted!","49,poster1;49,poster4;49,poster5;49,poster6;46,jasper;50,watershed;50,dissolved materials;50,infiltration;50,energy;24,Trace the pollutant","U3,U3_Collectibles,U3_Quests,U3_RiverSpline","0.11.141","TaskProgressEvent",86,"Examine a Garden",1
"2282","5c718886e4194c47a1599a32",4,"Development","8d703246-39e0-4ff5-aef9-ec166f84d182","JG6 UX6",185,"2019-02-23 05:52:26","WindowsPlayer",NA,11,"TaskEvent",0,"0.11.141",651.212829589844,-256.440185546875,54.9799995422363,0.240220084786415,0.970718443393707,0,"Find Toppo's Posters,Crash Diagnostics - Mountains,History of WAT247,Sam’s base is polluted!","49,poster1;49,poster4;49,poster5;49,poster6;46,jasper;50,watershed;50,dissolved materials;50,infiltration;50,energy;24,Trace the pollutant","U3,U3_Collectibles,U3_Quests,U3_RiverSpline","0.11.141","TaskActiveEvent",86,"Check out the Supertree",NA
"2283","5c718886e4194c47a1599a33",4,"Development","8d703246-39e0-4ff5-aef9-ec166f84d182","JG6 UX6",185,"2019-02-23 05:52:26","WindowsPlayer",NA,11,"TaskEvent",0,"0.11.141",651.212829589844,-256.440185546875,54.9799995422363,0.240220084786415,0.970718443393707,0,"Find Toppo's Posters,Crash Diagnostics - Mountains,History of WAT247,Sam’s base is polluted!","49,poster1;49,poster4;49,poster5;49,poster6;46,jasper;50,watershed;50,dissolved materials;50,infiltration;50,energy;24,Trace the pollutant;24,Open the Claimer System","U3,U3_Collectibles,U3_Quests,U3_RiverSpline","0.11.141","TaskCompleteEvent",86,"Examine a Garden",NA
"2284","5c7188b8e4194c47a1599b0f",4,"Development","8d703246-39e0-4ff5-aef9-ec166f84d182","JG6 UX6",185,"2019-02-23 05:53:54","WindowsPlayer",NA,11,"TaskEvent",0,"0.11.141",676.442810058594,-224.891189575195,54.9799995422363,0.10972622781992,0.993961870670319,0,"Find Toppo's Posters,Crash Diagnostics - Mountains,History of WAT247,Sam’s base is polluted!","49,poster1;49,poster4;49,poster5;49,poster6;46,jasper;50,watershed;50,dissolved materials;50,infiltration;50,energy;24,Open the Claimer System","U3,U3_Collectibles,U3_Quests,U3_RiverSpline","0.11.141","TaskActiveEvent",87,"Unlock the door",NA
"2285","5c7188b8e4194c47a1599b10",4,"Development","8d703246-39e0-4ff5-aef9-ec166f84d182","JG6 UX6",185,"2019-02-23 05:53:54","WindowsPlayer",NA,11,"TaskEvent",0,"0.11.141",676.442810058594,-224.891189575195,54.9799995422363,0.10972622781992,0.993961870670319,0,"Find Toppo's Posters,Crash Diagnostics - Mountains,History of WAT247,Sam’s base is polluted!,The Pollutant","49,poster1;49,poster4;49,poster5;49,poster6;46,jasper;50,watershed;50,dissolved materials;50,infiltration;50,energy","U3,U3_Collectibles,U3_Quests,U3_RiverSpline","0.11.141","TaskCompleteEvent",87,"Pickup the Key",NA
"2286","5c7188b8e4194c47a1599b18",4,"Development","8d703246-39e0-4ff5-aef9-ec166f84d182","JG6 UX6",185,"2019-02-23 05:53:54","WindowsPlayer",NA,11,"TaskEvent",0,"0.11.141",676.442810058594,-224.891189575195,54.9799995422363,0.10972622781992,0.993961870670319,0,"Find Toppo's Posters,Crash Diagnostics - Mountains,History of WAT247,The Pollutant","49,poster1;49,poster4;49,poster5;49,poster6;46,jasper;50,watershed;50,dissolved materials;50,infiltration;50,energy;0,Convince Bill the pollutant is nearby","U3,U3_Collectibles,U3_Quests,U3_RiverSpline","0.11.141","TaskProgressEvent",87,"Pickup the Key",1
"2287","5c718ae9e4194c47a1599f9a",4,"Development","8d703246-39e0-4ff5-aef9-ec166f84d182","JG6 UX6",185,"2019-02-23 06:03:17","WindowsPlayer",NA,11,"TaskEvent",0,"0.11.141",619.028259277344,-227.731246948242,64.0794143676758,-0.949422955513,-0.313999772071838,0,"Find Toppo's Posters,Crash Diagnostics - Mountains,History of WAT247,The Pollutant","49,poster1;49,poster4;49,poster5;49,poster6;46,jasper;50,watershed;50,dissolved materials;50,infiltration;50,energy;0,Convince Bill the pollutant is nearby","U3,U3_Collectibles,U3_Quests,U3_RiverSpline","0.11.141","TaskActiveEvent",75,"Pump1",NA
"2288","5c718ae9e4194c47a1599f9f",4,"Development","8d703246-39e0-4ff5-aef9-ec166f84d182","JG6 UX6",185,"2019-02-23 06:03:17","WindowsPlayer",NA,11,"TaskEvent",0,"0.11.141",619.028259277344,-227.731246948242,64.0794143676758,-0.949422955513,-0.313999772071838,0,"Find Toppo's Posters,Crash Diagnostics - Mountains,History of WAT247,The Pollutant","49,poster1;49,poster4;49,poster5;49,poster6;46,jasper;50,watershed;50,dissolved materials;50,infiltration;50,energy;0,Convince Bill the pollutant is nearby;0,Identify pollutant","U3,U3_Collectibles,U3_Quests,U3_RiverSpline","0.11.141","TaskProgressEvent",87,"Enter the ruins",1
"2289","5c718ae9e4194c47a1599fa0",4,"Development","8d703246-39e0-4ff5-aef9-ec166f84d182","JG6 UX6",185,"2019-02-23 06:03:17","WindowsPlayer",NA,11,"TaskEvent",0,"0.11.141",619.028259277344,-227.731246948242,64.0794143676758,-0.949422955513,-0.313999772071838,0,"Find Toppo's Posters,Crash Diagnostics - Mountains,History of WAT247,The Pollutant","49,poster1;49,poster4;49,poster5;49,poster6;46,jasper;50,watershed;50,dissolved materials;50,infiltration;50,energy;0,Convince Bill the pollutant is nearby","U3,U3_Collectibles,U3_Quests,U3_RiverSpline","0.11.141","TaskCompleteEvent",87,"Enter the ruins",NA
"2290","5c718b1be4194c47a1599fd6",4,"Development","8d703246-39e0-4ff5-aef9-ec166f84d182","JG6 UX6",185,"2019-02-23 06:04:06","WindowsPlayer",NA,11,"TaskEvent",0,"0.11.141",619.028259277344,-227.731246948242,64.0794143676758,-0.949422955513,-0.313999772071838,0,"Find Toppo's Posters,Crash Diagnostics - Mountains,History of WAT247,The Pollutant","49,poster1;49,poster4;49,poster5;49,poster6;46,jasper;50,watershed;50,dissolved materials;50,infiltration;50,energy;0,Identify pollutant;0,Talk with Sam","U3,U3_Collectibles,U3_Quests,U3_RiverSpline","0.11.141","TaskProgressEvent",75,"Pump1",1
"2291","5c718b1be4194c47a1599fdb",4,"Development","8d703246-39e0-4ff5-aef9-ec166f84d182","JG6 UX6",185,"2019-02-23 06:04:06","WindowsPlayer",NA,11,"TaskEvent",0,"0.11.141",619.028259277344,-227.731246948242,64.0794143676758,-0.949422955513,-0.313999772071838,0,"Find Toppo's Posters,Crash Diagnostics - Mountains,History of WAT247,The Pollutant","49,poster1;49,poster4;49,poster5;49,poster6;46,jasper;50,watershed;50,dissolved materials;50,infiltration;50,energy;0,Identify pollutant","U3,U3_Collectibles,U3_Quests,U3_RiverSpline","0.11.141","TaskActiveEvent",75,"Pump2",NA
"2292","5c718b1ce4194c47a1599fde",4,"Development","8d703246-39e0-4ff5-aef9-ec166f84d182","JG6 UX6",185,"2019-02-23 06:04:06","WindowsPlayer",NA,11,"TaskEvent",0,"0.11.141",619.028259277344,-227.731246948242,64.0794143676758,-0.949422955513,-0.313999772071838,0,"Find Toppo's Posters,Crash Diagnostics - Mountains,History of WAT247,The Pollutant","49,poster1;49,poster4;49,poster5;49,poster6;46,jasper;50,watershed;50,dissolved materials;50,infiltration;50,energy;0,Identify pollutant","U3,U3_Collectibles,U3_Quests,U3_RiverSpline","0.11.141","TaskCompleteEvent",75,"Pump1",NA
"2293","5c718b66e4194c47a159a035",4,"Development","8d703246-39e0-4ff5-aef9-ec166f84d182","JG6 UX6",185,"2019-02-23 06:05:24","WindowsPlayer",NA,11,"TaskEvent",0,"0.11.141",5.54998779296875,626.559997558594,56.9300003051758,-0.772620797157288,-0.633005142211914,-0.0486011281609535,"Find Toppo's Posters,Crash Diagnostics - Mountains,History of WAT247,The Pollutant","49,poster1;49,poster4;49,poster5;49,poster6;46,jasper;50,watershed;50,dissolved materials;50,infiltration;50,energy;0,Talk with Sam","U3,U3_Collectibles,U3_Quests,U3_RiverSpline","0.11.141","TaskCompleteEvent",86,"Check out the Supertree",NA
"2294","5c718b66e4194c47a159a038",4,"Development","8d703246-39e0-4ff5-aef9-ec166f84d182","JG6 UX6",185,"2019-02-23 06:05:24","WindowsPlayer",NA,11,"TaskEvent",0,"0.11.141",5.54998779296875,626.559997558594,56.9300003051758,-0.772620797157288,-0.633005142211914,-0.0486011281609535,"Find Toppo's Posters,Crash Diagnostics - Mountains,History of WAT247,Alien Gardens","49,poster1;49,poster4;49,poster5;49,poster6;46,jasper;50,watershed;50,dissolved materials;50,infiltration;50,energy;86,Talk to Sam","U3,U3_Collectibles,U3_Quests,U3_RiverSpline","0.11.141","TaskProgressEvent",86,"Check out the Supertree",1
"2295","5c718b67e4194c47a159a042",4,"Development","8d703246-39e0-4ff5-aef9-ec166f84d182","JG6 UX6",185,"2019-02-23 06:05:24","WindowsPlayer",NA,11,"TaskEvent",0,"0.11.141",5.54998779296875,626.559997558594,56.9300003051758,-0.772620797157288,-0.633005142211914,-0.0486011281609535,"Find Toppo's Posters,Crash Diagnostics - Mountains,History of WAT247,The Pollutant,Alien Gardens","49,poster1;49,poster4;49,poster5;49,poster6;46,jasper;50,watershed;50,dissolved materials;50,infiltration;50,energy","U3,U3_Collectibles,U3_Quests,U3_RiverSpline","0.11.141","TaskActiveEvent",87,"Gain Acces to the Ruins",NA
"2296","5c718b75e4194c47a159a049",4,"Development","8d703246-39e0-4ff5-aef9-ec166f84d182","JG6 UX6",185,"2019-02-23 06:05:31","WindowsPlayer",NA,11,"TaskEvent",0,"0.11.141",-0.290674686431885,617.503234863281,55.9760322570801,-0.848043978214264,-0.529926419258118,0,"Find Toppo's Posters,Crash Diagnostics - Mountains,History of WAT247,Alien Gardens","49,poster1;49,poster4;49,poster5;49,poster6;46,jasper;50,watershed;50,dissolved materials;50,infiltration;50,energy;86,Talk to Sam","U3,U3_Collectibles,U3_Quests,U3_RiverSpline","0.11.141","TaskProgressEvent",75,"BackToGardens",1
"2297","5c718b75e4194c47a159a04a",4,"Development","8d703246-39e0-4ff5-aef9-ec166f84d182","JG6 UX6",185,"2019-02-23 06:05:31","WindowsPlayer",NA,11,"TaskEvent",0,"0.11.141",-0.290674686431885,617.503234863281,55.9760322570801,-0.848043978214264,-0.529926419258118,0,"Find Toppo's Posters,Crash Diagnostics - Mountains,History of WAT247,Alien Gardens","49,poster1;49,poster4;49,poster5;49,poster6;46,jasper;50,watershed;50,dissolved materials;50,infiltration;50,energy;86,Talk to Sam","U3,U3_Collectibles,U3_Quests,U3_RiverSpline","0.11.141","TaskCompleteEvent",75,"BackToGardens",NA
"2298","5c718b76e4194c47a159a055",4,"Development","8d703246-39e0-4ff5-aef9-ec166f84d182","JG6 UX6",185,"2019-02-23 06:05:31","WindowsPlayer",NA,11,"TaskEvent",0,"0.11.141",-0.290674686431885,617.503234863281,55.9760322570801,-0.848043978214264,-0.529926419258118,0,"Find Toppo's Posters,Crash Diagnostics - Mountains,History of WAT247,Alien Gardens","49,poster1;49,poster4;49,poster5;49,poster6;46,jasper;50,watershed;50,dissolved materials;50,infiltration;50,energy;86,Talk to Sam;86,Examine a Garden","U3,U3_Collectibles,U3_Quests,U3_RiverSpline","0.11.141","TaskActiveEvent",25,"Install Pumps",NA
"2299","5c718bc6e4194c47a159a0c8",4,"Development","8d703246-39e0-4ff5-aef9-ec166f84d182","JG6 UX6",185,"2019-02-23 06:06:57","WindowsPlayer",NA,11,"TaskEvent",0,"0.11.141",-246.923690795898,-6.91855955123901,62.0353622436523,-0.503012895584106,-0.86427915096283,0,"Find Toppo's Posters,Crash Diagnostics - Mountains,History of WAT247,Alien Gardens","49,poster1;49,poster4;49,poster5;49,poster6;46,jasper;50,watershed;50,dissolved materials;50,infiltration;50,energy;86,Examine a Garden","U3,U3_Collectibles,U3_Quests,U3_RiverSpline","0.11.141","TaskProgressEvent",25,"Install Pumps",1
"2300","5c718bc6e4194c47a159a0cc",4,"Development","8d703246-39e0-4ff5-aef9-ec166f84d182","JG6 UX6",185,"2019-02-23 06:06:57","WindowsPlayer",NA,11,"TaskEvent",0,"0.11.141",-246.923690795898,-6.91855955123901,62.0353622436523,-0.503012895584106,-0.86427915096283,0,"Find Toppo's Posters,Crash Diagnostics - Mountains,History of WAT247,Alien Gardens","49,poster1;49,poster4;49,poster5;49,poster6;46,jasper;50,watershed;50,dissolved materials;50,infiltration;50,energy;86,Examine a Garden","U3,U3_Collectibles,U3_Quests,U3_RiverSpline","0.11.141","TaskProgressEvent",25,"Install Pumps",2
"2301","5c718bc6e4194c47a159a0cd",4,"Development","8d703246-39e0-4ff5-aef9-ec166f84d182","JG6 UX6",185,"2019-02-23 06:06:57","WindowsPlayer",NA,11,"TaskEvent",0,"0.11.141",-246.923690795898,-6.91855955123901,62.0353622436523,-0.503012895584106,-0.86427915096283,0,"Find Toppo's Posters,Crash Diagnostics - Mountains,History of WAT247,Alien Gardens","49,poster1;49,poster4;49,poster5;49,poster6;46,jasper;50,watershed;50,dissolved materials;50,infiltration;50,energy;86,Examine a Garden;86,Check out the Supertree","U3,U3_Collectibles,U3_Quests,U3_RiverSpline","0.11.141","TaskActiveEvent",63,"Talk with Toppo",NA
"2302","5c718c20e4194c47a159a141",4,"Development","8d703246-39e0-4ff5-aef9-ec166f84d182","JG6 UX6",185,"2019-02-23 06:08:25","WindowsPlayer",NA,11,"TaskEvent",0,"0.11.141",-623.903381347656,-355.975463867188,72.7590103149414,-0.828055799007416,-0.560646057128906,0,"Find Toppo's Posters,Crash Diagnostics - Mountains,History of WAT247,Alien Gardens","49,poster1;49,poster4;49,poster5;49,poster6;46,jasper;50,watershed;50,dissolved materials;50,infiltration;50,energy;86,Check out the Supertree","U3,U3_Collectibles,U3_Quests,U3_RiverSpline","0.11.141","TaskProgressEvent",63,"Leave your house",1
"2303","5c718c20e4194c47a159a144",4,"Development","8d703246-39e0-4ff5-aef9-ec166f84d182","JG6 UX6",185,"2019-02-23 06:08:25","WindowsPlayer",NA,11,"TaskEvent",0,"0.11.141",-623.903381347656,-355.975463867188,72.7590103149414,-0.828055799007416,-0.560646057128906,0,"Find Toppo's Posters,Crash Diagnostics - Mountains,History of WAT247,Alien Gardens,The Ruins","49,poster1;49,poster4;49,poster5;49,poster6;46,jasper;50,watershed;50,dissolved materials;50,infiltration;50,energy","U3,U3_Collectibles,U3_Quests,U3_RiverSpline","0.11.141","TaskCompleteEvent",63,"Leave your house",NA
"2304","5c718c20e4194c47a159a147",4,"Development","8d703246-39e0-4ff5-aef9-ec166f84d182","JG6 UX6",185,"2019-02-23 06:08:25","WindowsPlayer",NA,11,"TaskEvent",0,"0.11.141",-623.903381347656,-355.975463867188,72.7590103149414,-0.828055799007416,-0.560646057128906,0,"Find Toppo's Posters,Crash Diagnostics - Mountains,History of WAT247,The Ruins","49,poster1;49,poster4;49,poster5;49,poster6;46,jasper;50,watershed;50,dissolved materials;50,infiltration;50,energy;87,Gain Acces to the Ruins","U3,U3_Collectibles,U3_Quests,U3_RiverSpline","0.11.141","TaskProgressEvent",25,"Install Pumps",3
"2305","5c718c4de4194c47a159a190",4,"Development","8d703246-39e0-4ff5-aef9-ec166f84d182","JG6 UX6",185,"2019-02-23 06:09:13","WindowsPlayer",NA,11,"TaskEvent",0,"0.11.141",-560.550476074219,-453.121856689453,69.6651916503906,0.304041683673859,-0.952658653259277,0,"Find Toppo's Posters,Crash Diagnostics - Mountains,History of WAT247,The Ruins","49,poster1;49,poster4;49,poster5;49,poster6;46,jasper;50,watershed;50,dissolved materials;50,infiltration;50,energy;87,Gain Acces to the Ruins","U3,U3_Collectibles,U3_Quests,U3_RiverSpline","0.11.141","TaskProgressEvent",75,"Pump4",1
"2306","5c718c4de4194c47a159a191",4,"Development","8d703246-39e0-4ff5-aef9-ec166f84d182","JG6 UX6",185,"2019-02-23 06:09:13","WindowsPlayer",NA,11,"TaskEvent",0,"0.11.141",-560.550476074219,-453.121856689453,69.6651916503906,0.304041683673859,-0.952658653259277,0,"Find Toppo's Posters,Crash Diagnostics - Mountains,History of WAT247,The Ruins","49,poster1;49,poster4;49,poster5;49,poster6;46,jasper;50,watershed;50,dissolved materials;50,infiltration;50,energy;87,Gain Acces to the Ruins;87,Pickup the Key","U3,U3_Collectibles,U3_Quests,U3_RiverSpline","0.11.141","TaskActiveEvent",75,"BackToGardens",NA
"2307","5c718c4de4194c47a159a194",4,"Development","8d703246-39e0-4ff5-aef9-ec166f84d182","JG6 UX6",185,"2019-02-23 06:09:13","WindowsPlayer",NA,11,"TaskEvent",0,"0.11.141",-560.550476074219,-453.121856689453,69.6651916503906,0.304041683673859,-0.952658653259277,0,"Find Toppo's Posters,Crash Diagnostics - Mountains,History of WAT247,The Ruins","49,poster1;49,poster4;49,poster5;49,poster6;46,jasper;50,watershed;50,dissolved materials;50,infiltration;50,energy;87,Gain Acces to the Ruins","U3,U3_Collectibles,U3_Quests,U3_RiverSpline","0.11.141","TaskCompleteEvent",75,"Pump4",NA
"2308","5c718c57e4194c47a159a1a0",4,"Development","8d703246-39e0-4ff5-aef9-ec166f84d182","JG6 UX6",185,"2019-02-23 06:09:17","WindowsPlayer",NA,11,"TaskEvent",0,"0.11.141",-564.453552246094,-460.235504150391,73.4805526733398,-0.158149063587189,-0.987415671348572,0,"Find Toppo's Posters,Crash Diagnostics - Mountains,History of WAT247,The Ruins","49,poster1;49,poster4;49,poster5;49,poster6;46,jasper;50,watershed;50,dissolved materials;50,infiltration;50,energy;87,Pickup the Key","U3,U3_Collectibles,U3_Quests,U3_RiverSpline","0.11.141","TaskCompleteEvent",57,"Meet up with Sam",NA
"2309","5c718c57e4194c47a159a1aa",4,"Development","8d703246-39e0-4ff5-aef9-ec166f84d182","JG6 UX6",185,"2019-02-23 06:09:17","WindowsPlayer",NA,11,"TaskEvent",0,"0.11.141",-564.453552246094,-460.235504150391,73.4805526733398,-0.158149063587189,-0.987415671348572,0,"Find Toppo's Posters,Crash Diagnostics - Mountains,History of WAT247,The Ruins","49,poster1;49,poster4;49,poster5;49,poster6;46,jasper;50,watershed;50,dissolved materials;50,infiltration;50,energy;87,Pickup the Key","U3,U3_Collectibles,U3_Quests,U3_RiverSpline","0.11.141","TaskProgressEvent",57,"Meet up with Sam",1
"2310","5c718c70e4194c47a159a1ce",4,"Development","8d703246-39e0-4ff5-aef9-ec166f84d182","JG6 UX6",185,"2019-02-23 06:09:48","WindowsPlayer",NA,11,"TaskEvent",0,"0.11.141",-558.523742675781,-460.931091308594,74.5584106445312,-0.630668938159943,-0.776052355766296,0,"Find Toppo's Posters,Crash Diagnostics - Mountains,History of WAT247,The Ruins","49,poster1;49,poster4;49,poster5;49,poster6;46,jasper;50,watershed;50,infiltration;50,energy;87,Pickup the Key","U3,U3_Collectibles,U3_Quests,U3_RiverSpline","0.11.141","TaskProgressEvent",87,"Unlock the door",1
"2311","5c718c70e4194c47a159a1cf",4,"Development","8d703246-39e0-4ff5-aef9-ec166f84d182","JG6 UX6",185,"2019-02-23 06:09:48","WindowsPlayer",NA,11,"TaskEvent",0,"0.11.141",-558.523742675781,-460.931091308594,74.5584106445312,-0.630668938159943,-0.776052355766296,0,"Find Toppo's Posters,Crash Diagnostics - Mountains,History of WAT247,The Ruins","49,poster1;49,poster4;49,poster5;49,poster6;46,jasper;50,watershed;50,infiltration;50,energy;87,Pickup the Key;87,Unlock the door","U3,U3_Collectibles,U3_Quests,U3_RiverSpline","0.11.141","TaskActiveEvent",27,"Talk with Sam",NA
"2312","5c718c70e4194c47a159a1da",4,"Development","8d703246-39e0-4ff5-aef9-ec166f84d182","JG6 UX6",185,"2019-02-23 06:09:48","WindowsPlayer",NA,11,"TaskEvent",0,"0.11.141",-558.523742675781,-460.931091308594,74.5584106445312,-0.630668938159943,-0.776052355766296,0,"Find Toppo's Posters,Crash Diagnostics - Mountains,History of WAT247,The Ruins","49,poster1;49,poster4;49,poster5;49,poster6;46,jasper;50,watershed;50,infiltration;50,energy;87,Pickup the Key","U3,U3_Collectibles,U3_Quests,U3_RiverSpline","0.11.141","TaskActiveEvent",50,"watershed",NA
"2313","5c718c93e4194c47a159a201",4,"Development","8d703246-39e0-4ff5-aef9-ec166f84d182","JG6 UX6",185,"2019-02-23 06:10:23","WindowsPlayer",NA,11,"TaskEvent",0,"0.11.141",-558.523742675781,-460.931091308594,74.5584106445312,-0.541700661182404,-0.840571403503418,0,"Find Toppo's Posters,Crash Diagnostics - Mountains,History of WAT247,The Ruins","49,poster1;49,poster4;49,poster5;49,poster6;46,jasper;50,watershed;50,infiltration;50,energy;87,Unlock the door","U3,U3_Collectibles,U3_Quests,U3_RiverSpline","0.11.141","TaskCompleteEvent",5,"Drill to the Water Table",NA
"2314","5c718c93e4194c47a159a202",4,"Development","8d703246-39e0-4ff5-aef9-ec166f84d182","JG6 UX6",185,"2019-02-23 06:10:23","WindowsPlayer",NA,11,"TaskEvent",0,"0.11.141",-558.523742675781,-460.931091308594,74.5584106445312,-0.541700661182404,-0.840571403503418,0,"Find Toppo's Posters,Crash Diagnostics - Mountains,History of WAT247,The Ruins","49,poster1;49,poster4;49,poster5;49,poster6;46,jasper;50,watershed;50,infiltration;50,energy;87,Unlock the door;87,Enter the ruins","U3,U3_Collectibles,U3_Quests,U3_RiverSpline","0.11.141","TaskActiveEvent",87,"Pickup the Key",NA
"2315","5c718c93e4194c47a159a204",4,"Development","8d703246-39e0-4ff5-aef9-ec166f84d182","JG6 UX6",185,"2019-02-23 06:10:23","WindowsPlayer",NA,11,"TaskEvent",0,"0.11.141",-558.523742675781,-460.931091308594,74.5584106445312,-0.541700661182404,-0.840571403503418,0,"Find Toppo's Posters,Crash Diagnostics - Mountains,History of WAT247,The Ruins","49,poster1;49,poster4;49,poster5;49,poster6;46,jasper;50,watershed;50,infiltration;50,energy;87,Unlock the door","U3,U3_Collectibles,U3_Quests,U3_RiverSpline","0.11.141","TaskActiveEvent",87,"Enter the ruins",NA
"2316","5c718de7e4194c47a159a243",4,"Development","8d703246-39e0-4ff5-aef9-ec166f84d182","JG6 UX6",185,"2019-02-23 06:16:00","WindowsPlayer",NA,11,"TaskEvent",0,"0.11.141",-559.339172363281,-459.940399169922,74.327507019043,0.996346175670624,-0.085408091545105,0,"The Ruins,History of WAT247,Find Toppo's Posters,Crash Diagnostics - Mountains","87,Pickup the Key;50,watershed;50,infiltration;50,energy;49,poster1;49,poster4;49,poster5;49,poster6;46,jasper","U3,U3_Collectibles,U3_Quests,U3_RiverSpline","0.11.141","TaskCompleteEvent",87,"Unlock the door",NA
"2317","5c718de7e4194c47a159a246",4,"Development","8d703246-39e0-4ff5-aef9-ec166f84d182","JG6 UX6",185,"2019-02-23 06:16:00","WindowsPlayer",NA,11,"TaskEvent",0,"0.11.141",-559.339172363281,-459.940399169922,74.327507019043,0.996346175670624,-0.085408091545105,0,"The Ruins,History of WAT247,Find Toppo's Posters,Crash Diagnostics - Mountains","87,Pickup the Key;50,watershed;50,infiltration;50,energy;49,poster1;49,poster4;49,poster5;49,poster6;46,jasper;87,Unlock the door","U3,U3_Collectibles,U3_Quests,U3_RiverSpline","0.11.141","TaskActiveEvent",50,"dissolved materials",NA
"2318","5c718de7e4194c47a159a24b",4,"Development","8d703246-39e0-4ff5-aef9-ec166f84d182","JG6 UX6",185,"2019-02-23 06:16:00","WindowsPlayer",NA,11,"TaskEvent",0,"0.11.141",-559.339172363281,-459.940399169922,74.327507019043,0.996346175670624,-0.085408091545105,0,"The Ruins,History of WAT247,Find Toppo's Posters,Crash Diagnostics - Mountains","87,Pickup the Key;50,watershed;50,infiltration;50,energy;49,poster1;49,poster4;49,poster5;49,poster6;46,jasper","U3,U3_Collectibles,U3_Quests,U3_RiverSpline","0.11.141","TaskActiveEvent",50,"infiltration",NA
"2319","5c718e17e4194c47a159a27f",4,"Development","8d703246-39e0-4ff5-aef9-ec166f84d182","JG6 UX6",185,"2019-02-23 06:16:45","WindowsPlayer",NA,11,"TaskEvent",0,"0.11.141",-558.640747070312,-461.013671875,74.5567245483398,0.72897469997406,-0.684540867805481,0,"The Ruins,History of WAT247,Find Toppo's Posters,Crash Diagnostics - Mountains","50,watershed;50,infiltration;50,energy;49,poster1;49,poster4;49,poster5;49,poster6;46,jasper;87,Unlock the door;87,Enter the ruins","U3,U3_Collectibles,U3_Quests,U3_RiverSpline","0.11.141","TaskActiveEvent",50,"energy",NA
"2320","5c718e17e4194c47a159a280",4,"Development","8d703246-39e0-4ff5-aef9-ec166f84d182","JG6 UX6",185,"2019-02-23 06:16:45","WindowsPlayer",NA,11,"TaskEvent",0,"0.11.141",-558.640747070312,-461.013671875,74.5567245483398,0.72897469997406,-0.684540867805481,0,"The Ruins,History of WAT247,Find Toppo's Posters,Crash Diagnostics - Mountains","50,watershed;50,infiltration;50,energy;49,poster1;49,poster4;49,poster5;49,poster6;46,jasper;87,Unlock the door","U3,U3_Collectibles,U3_Quests,U3_RiverSpline","0.11.141","TaskProgressEvent",5,"Drill to the Water Table",1
"2321","5c718e17e4194c47a159a281",4,"Development","8d703246-39e0-4ff5-aef9-ec166f84d182","JG6 UX6",185,"2019-02-23 06:16:45","WindowsPlayer",NA,11,"TaskEvent",0,"0.11.141",-558.640747070312,-461.013671875,74.5567245483398,0.72897469997406,-0.684540867805481,0,"The Ruins,History of WAT247,Find Toppo's Posters,Crash Diagnostics - Mountains","50,watershed;50,infiltration;50,energy;49,poster1;49,poster4;49,poster5;49,poster6;46,jasper;87,Unlock the door","U3,U3_Collectibles,U3_Quests,U3_RiverSpline","0.11.141","TaskActiveEvent",5,"Direct the irrigation",NA
"2322","5c718e17e4194c47a159a286",4,"Development","8d703246-39e0-4ff5-aef9-ec166f84d182","JG6 UX6",185,"2019-02-23 06:16:50","WindowsPlayer",NA,11,"TaskEvent",0,"0.11.141",-560.00390625,-461.449676513672,74.4633636474609,-0.600413084030151,-0.799690008163452,0,"The Ruins,History of WAT247,Find Toppo's Posters,Crash Diagnostics - Mountains","50,watershed;50,infiltration;50,energy;49,poster1;49,poster4;49,poster5;49,poster6;46,jasper;87,Enter the ruins","U3,U3_Collectibles,U3_Quests,U3_RiverSpline","0.11.141","TaskProgressEvent",87,"Gain Acces to the Ruins",1
"2323","5c718e17e4194c47a159a28d",4,"Development","8d703246-39e0-4ff5-aef9-ec166f84d182","JG6 UX6",185,"2019-02-23 06:16:50","WindowsPlayer",NA,11,"TaskEvent",0,"0.11.141",-560.00390625,-461.449676513672,74.4633636474609,-0.600413084030151,-0.799690008163452,0,"History of WAT247,Find Toppo's Posters,Crash Diagnostics - Mountains,Collect all the Pumps in the Alien Facility","50,watershed;50,infiltration;50,energy;49,poster1;49,poster4;49,poster5;49,poster6;46,jasper;75,Pump1","U3,U3_Collectibles,U3_Quests,U3_RiverSpline,U3_Dungeon_Side_Quest","0.11.141","TaskCompleteEvent",87,"Gain Acces to the Ruins",NA
"2324","5c718e17e4194c47a159a291",4,"Development","8d703246-39e0-4ff5-aef9-ec166f84d182","JG6 UX6",185,"2019-02-23 06:16:50","WindowsPlayer",NA,11,"TaskEvent",0,"0.11.141",-560.00390625,-461.449676513672,74.4633636474609,-0.600413084030151,-0.799690008163452,0,"The Ruins,History of WAT247,Find Toppo's Posters,Crash Diagnostics - Mountains,Collect all the Pumps in the Alien Facility","50,watershed;50,infiltration;50,energy;49,poster1;49,poster4;49,poster5;49,poster6;46,jasper","U3,U3_Collectibles,U3_Quests,U3_RiverSpline,U3_Dungeon_Side_Quest","0.11.141","TaskProgressEvent",87,"Unlock the door",1
"2325","5c718ec1e4194c47a159a40a",4,"Development","8d703246-39e0-4ff5-aef9-ec166f84d182","JG6 UX6",185,"2019-02-23 06:19:39","WindowsPlayer",NA,11,"TaskEvent",0,"0.11.141",-166.454345703125,-105.377952575684,52.0339279174805,0.992546141147614,-0.12186861038208,0,"History of WAT247,Find Toppo's Posters,Crash Diagnostics - Mountains,Collect all the Pumps in the Alien Facility","50,watershed;50,infiltration;50,energy;49,poster1;49,poster4;49,poster5;49,poster6;46,jasper;75,Pump1;75,Pump2","U3_Dungeon_Side_Quest","0.11.141","TaskCompleteEvent",87,"Unlock the door",NA
"2326","5c718ec1e4194c47a159a40e",4,"Development","8d703246-39e0-4ff5-aef9-ec166f84d182","JG6 UX6",185,"2019-02-23 06:19:39","WindowsPlayer",NA,11,"TaskEvent",0,"0.11.141",-166.454345703125,-105.377952575684,52.0339279174805,0.992546141147614,-0.12186861038208,0,"History of WAT247,Find Toppo's Posters,Crash Diagnostics - Mountains,Collect all the Pumps in the Alien Facility","50,watershed;50,infiltration;50,energy;49,poster1;49,poster4;49,poster5;49,poster6;46,jasper;75,Pump1","U3_Dungeon_Side_Quest","0.11.141","TaskActiveEvent",87,"Enter the ruins",NA
"2327","5c718ec1e4194c47a159a40f",4,"Development","8d703246-39e0-4ff5-aef9-ec166f84d182","JG6 UX6",185,"2019-02-23 06:19:39","WindowsPlayer",NA,11,"TaskEvent",0,"0.11.141",-166.454345703125,-105.377952575684,52.0339279174805,0.992546141147614,-0.12186861038208,0,"History of WAT247,Find Toppo's Posters,Crash Diagnostics - Mountains,Collect all the Pumps in the Alien Facility","50,watershed;50,infiltration;50,energy;49,poster1;49,poster4;49,poster5;49,poster6;46,jasper;75,Pump1","U3_Dungeon_Side_Quest","0.11.141","TaskCompleteEvent",59,"Talk To Anderson",NA
"2328","5c71905ce4194c47a159a754",4,"Development","8d703246-39e0-4ff5-aef9-ec166f84d182","JG6 UX6",185,"2019-02-23 06:26:24","WindowsPlayer",NA,11,"TaskEvent",0,"0.11.141",-158.703979492188,-89.8330688476562,51.9857635498047,0.071498729288578,-0.997440695762634,0,"History of WAT247,Find Toppo's Posters,Crash Diagnostics - Mountains,Collect all the Pumps in the Alien Facility","50,watershed;50,infiltration;50,energy;49,poster1;49,poster4;49,poster5;49,poster6;46,jasper;75,Pump2","U3_Dungeon_Side_Quest","0.11.141","TaskProgressEvent",59,"Talk To Anderson",1
"2329","5c71905ce4194c47a159a75a",4,"Development","8d703246-39e0-4ff5-aef9-ec166f84d182","JG6 UX6",185,"2019-02-23 06:26:24","WindowsPlayer",NA,11,"TaskEvent",0,"0.11.141",-158.703979492188,-89.8330688476562,51.9857635498047,0.071498729288578,-0.997440695762634,0,"History of WAT247,Find Toppo's Posters,Crash Diagnostics - Mountains,Collect all the Pumps in the Alien Facility","50,watershed;50,infiltration;50,energy;49,poster1;49,poster4;49,poster5;49,poster6;46,jasper;75,Pump2","U3_Dungeon_Side_Quest","0.11.141","TaskProgressEvent",24,"Return to Sam",1
"2330","5c71905ce4194c47a159a75b",4,"Development","8d703246-39e0-4ff5-aef9-ec166f84d182","JG6 UX6",185,"2019-02-23 06:26:24","WindowsPlayer",NA,11,"TaskEvent",0,"0.11.141",-158.703979492188,-89.8330688476562,51.9857635498047,0.071498729288578,-0.997440695762634,0,"History of WAT247,Find Toppo's Posters,Crash Diagnostics - Mountains,Collect all the Pumps in the Alien Facility","50,watershed;50,infiltration;50,energy;49,poster1;49,poster4;49,poster5;49,poster6;46,jasper;75,Pump2;75,Pump3","U3_Dungeon_Side_Quest","0.11.141","TaskCompleteEvent",24,"Return to Sam",NA
"2331","5c7190d9e4194c47a159a876",4,"Development","8d703246-39e0-4ff5-aef9-ec166f84d182","JG6 UX6",185,"2019-02-23 06:28:39","WindowsPlayer",NA,11,"TaskEvent",0,"0.11.141",-142.801361083984,-106.578178405762,52.5804100036621,-0.788011789321899,0.615660190582275,0,"History of WAT247,Find Toppo's Posters,Crash Diagnostics - Mountains,Collect all the Pumps in the Alien Facility","50,watershed;50,infiltration;50,energy;49,poster1;49,poster4;49,poster5;49,poster6;46,jasper;75,Pump3","U3_Dungeon_Side_Quest","0.11.141","TaskActiveEvent",2,"Find the Ruins",NA
"2332","5c7190d9e4194c47a159a87c",4,"Development","8d703246-39e0-4ff5-aef9-ec166f84d182","JG6 UX6",185,"2019-02-23 06:28:39","WindowsPlayer",NA,11,"TaskEvent",0,"0.11.141",-142.801361083984,-106.578178405762,52.5804100036621,-0.788011789321899,0.615660190582275,0,"History of WAT247,Find Toppo's Posters,Crash Diagnostics - Mountains,Collect all the Pumps in the Alien Facility","50,watershed;50,infiltration;50,energy;49,poster1;49,poster4;49,poster5;49,poster6;46,jasper;75,Pump3","U3_Dungeon_Side_Quest","0.11.141","TaskActiveEvent",24,"Test the base's water",NA
"2333","5c7190d9e4194c47a159a87f",4,"Development","8d703246-39e0-4ff5-aef9-ec166f84d182","JG6 UX6",185,"2019-02-23 06:28:39","WindowsPlayer",NA,11,"TaskEvent",0,"0.11.141",-142.801361083984,-106.578178405762,52.5804100036621,-0.788011789321899,0.615660190582275,0,"History of WAT247,Find Toppo's Posters,Crash Diagnostics - Mountains,Collect all the Pumps in the Alien Facility","50,watershed;50,infiltration;50,energy;49,poster1;49,poster4;49,poster5;49,poster6;46,jasper;75,Pump3;75,Pump4","U3_Dungeon_Side_Quest","0.11.141","TaskProgressEvent",3,"Restore Power to B3",1
"2334","5c71916fe4194c47a159a9cb",4,"Development","8d703246-39e0-4ff5-aef9-ec166f84d182","JG6 UX6",185,"2019-02-23 06:31:07","WindowsPlayer",NA,11,"TaskEvent",0,"0.11.141",-158.30793762207,-113.156463623047,52.8385696411133,-0.116671524941921,0.993170559406281,0,"History of WAT247,Find Toppo's Posters,Crash Diagnostics - Mountains,Collect all the Pumps in the Alien Facility","50,watershed;50,infiltration;50,energy;49,poster1;49,poster4;49,poster5;49,poster6;46,jasper;75,Pump4","U3_Dungeon_Side_Quest","0.11.141","TaskCompleteEvent",3,"Restore Power to B3",NA
"2335","5c71916fe4194c47a159a9cc",4,"Development","8d703246-39e0-4ff5-aef9-ec166f84d182","JG6 UX6",185,"2019-02-23 06:31:07","WindowsPlayer",NA,11,"TaskEvent",0,"0.11.141",-158.30793762207,-113.156463623047,52.8385696411133,-0.116671524941921,0.993170559406281,0,"History of WAT247,Find Toppo's Posters,Crash Diagnostics - Mountains,Collect all the Pumps in the Alien Facility","50,watershed;50,infiltration;50,energy;49,poster1;49,poster4;49,poster5;49,poster6;46,jasper;75,Pump4","U3_Dungeon_Side_Quest","0.11.141","TaskActiveEvent",3,"Restore Power to B2",NA
"2336","5c71916fe4194c47a159a9d5",4,"Development","8d703246-39e0-4ff5-aef9-ec166f84d182","JG6 UX6",185,"2019-02-23 06:31:07","WindowsPlayer",NA,11,"TaskEvent",0,"0.11.141",-158.30793762207,-113.156463623047,52.8385696411133,-0.116671524941921,0.993170559406281,0,"History of WAT247,Find Toppo's Posters,Crash Diagnostics - Mountains,Collect all the Pumps in the Alien Facility","50,watershed;50,infiltration;50,energy;49,poster1;49,poster4;49,poster5;49,poster6;46,jasper;75,Pump4;75,BackToGardens","U3_Dungeon_Side_Quest","0.11.141","TaskProgressEvent",3,"Restore Power to B1",1
"2337","5c719187e4194c47a159aa02",4,"Development","8d703246-39e0-4ff5-aef9-ec166f84d182","JG6 UX6",185,"2019-02-23 06:31:25","WindowsPlayer",NA,11,"TaskEvent",0,"0.11.141",-201.775833129883,-123.205696105957,56.4889984130859,-0.84619277715683,-0.532876968383789,0,"History of WAT247,Find Toppo's Posters,Crash Diagnostics - Mountains,Strange Gardening","50,watershed;50,infiltration;50,energy;49,poster1;49,poster4;49,poster5;49,poster6;46,jasper;25,Install Pumps","U3_Dungeon_Side_Quest","0.11.141","TaskCompleteEvent",25,"Install Pumps",NA
"2338","5c719187e4194c47a159aa07",4,"Development","8d703246-39e0-4ff5-aef9-ec166f84d182","JG6 UX6",185,"2019-02-23 06:31:25","WindowsPlayer",NA,11,"TaskEvent",0,"0.11.141",-201.775833129883,-123.205696105957,56.4889984130859,-0.84619277715683,-0.532876968383789,0,"History of WAT247,Find Toppo's Posters,Crash Diagnostics - Mountains,Collect all the Pumps in the Alien Facility","50,watershed;50,infiltration;50,energy;49,poster1;49,poster4;49,poster5;49,poster6;46,jasper;75,BackToGardens","U3_Dungeon_Side_Quest","0.11.141","TaskProgressEvent",25,"Install Pumps",4
"2339","5c719187e4194c47a159aa08",4,"Development","8d703246-39e0-4ff5-aef9-ec166f84d182","JG6 UX6",185,"2019-02-23 06:31:25","WindowsPlayer",NA,11,"TaskEvent",0,"0.11.141",-201.775833129883,-123.205696105957,56.4889984130859,-0.84619277715683,-0.532876968383789,0,"History of WAT247,Find Toppo's Posters,Crash Diagnostics - Mountains,Collect all the Pumps in the Alien Facility,Strange Gardening","50,watershed;50,infiltration;50,energy;49,poster1;49,poster4;49,poster5;49,poster6;46,jasper","U3_Dungeon_Side_Quest","0.11.141","TaskCompleteEvent",3,"Restore Power to B1",NA
"2340","5c7191a1e4194c47a159aa3e",4,"Development","8d703246-39e0-4ff5-aef9-ec166f84d182","JG6 UX6",185,"2019-02-23 06:31:56","WindowsPlayer",NA,11,"TaskEvent",0,"0.11.141",-483.361663818359,-304.688354492188,54.9799995422363,0.55629563331604,0.830984473228455,0,"History of WAT247,Find Toppo's Posters,Crash Diagnostics - Mountains,Strange Gardening","50,watershed;50,infiltration;50,energy;49,poster1;49,poster4;49,poster5;49,poster6;46,jasper;25,Install Pumps","U3,U3_Collectibles,U3_Quests,U3_RiverSpline","0.11.141","TaskActiveEvent",5,"Retry the Controls",NA
"2341","5c71921de4194c47a159ab05",4,"Development","8d703246-39e0-4ff5-aef9-ec166f84d182","JG6 UX6",185,"2019-02-23 06:34:02","WindowsPlayer",NA,11,"TaskEvent",0,"0.11.141",-242.283325195312,-27.2862567901611,54.9799995422363,-0.0122175384312868,0.999925374984741,0,"History of WAT247,Find Toppo's Posters,Crash Diagnostics - Mountains,Strange Gardening","50,watershed;50,infiltration;50,energy;49,poster1;49,poster4;49,poster5;49,poster6;46,jasper;25,Install Pumps","U3,U3_Collectibles,U3_Quests,U3_RiverSpline","0.11.141","TaskActiveEvent",56,"Head to bed",NA
"2342","5c719246e4194c47a159ab4d",4,"Development","8d703246-39e0-4ff5-aef9-ec166f84d182","JG6 UX6",185,"2019-02-23 06:34:44","WindowsPlayer",NA,11,"TaskEvent",0,"0.11.141",-428.019073486328,367.713073730469,55.1900749206543,-0.0314111076295376,0.999506533145905,0,"History of WAT247,Find Toppo's Posters,Crash Diagnostics - Mountains,Strange Gardening","50,watershed;50,infiltration;50,energy;49,poster1;49,poster4;49,poster5;49,poster6;46,jasper;25,Install Pumps","U3,U3_Collectibles,U3_Quests,U3_RiverSpline","0.11.141","TaskProgressEvent",75,"Pump4",1
"2343","5c71926ee4194c47a159ab8a",4,"Development","8d703246-39e0-4ff5-aef9-ec166f84d182","JG6 UX6",185,"2019-02-23 06:35:21","WindowsPlayer",NA,11,"TaskEvent",0,"0.11.141",-560.960144042969,227.205093383789,54.9799995422363,-0.703394532203674,-0.710799694061279,0,"History of WAT247,Find Toppo's Posters,Crash Diagnostics - Mountains,Strange Gardening","50,watershed;50,infiltration;50,energy;49,poster1;49,poster4;49,poster5;49,poster6;46,jasper;25,Install Pumps","U3,U3_Collectibles,U3_Quests,U3_RiverSpline","0.11.141","TaskActiveEvent",75,"BackToGardens",NA
"2344","5c71926ee4194c47a159ab8c",4,"Development","8d703246-39e0-4ff5-aef9-ec166f84d182","JG6 UX6",185,"2019-02-23 06:35:21","WindowsPlayer",NA,11,"TaskEvent",0,"0.11.141",-560.960144042969,227.205093383789,54.9799995422363,-0.703394532203674,-0.710799694061279,0,"History of WAT247,Find Toppo's Posters,Crash Diagnostics - Mountains,Strange Gardening,Back at your base","50,watershed;50,infiltration;50,energy;49,poster1;49,poster4;49,poster5;49,poster6;46,jasper","U3,U3_Collectibles,U3_Quests,U3_RiverSpline","0.11.141","TaskCompleteEvent",75,"Pump4",NA
"2345","5c71926ee4194c47a159ab8d",4,"Development","8d703246-39e0-4ff5-aef9-ec166f84d182","JG6 UX6",185,"2019-02-23 06:35:21","WindowsPlayer",NA,11,"TaskEvent",0,"0.11.141",-560.960144042969,227.205093383789,54.9799995422363,-0.703394532203674,-0.710799694061279,0,"History of WAT247,Find Toppo's Posters,Crash Diagnostics - Mountains,Back at your base","50,watershed;50,infiltration;50,energy;49,poster1;49,poster4;49,poster5;49,poster6;46,jasper;56,Head to bed","U3,U3_Collectibles,U3_Quests,U3_RiverSpline","0.11.141","TaskActiveEvent",5,"Direct the irrigation",NA
"2346","5c7192c4e4194c47a159abff",4,"Development","8d703246-39e0-4ff5-aef9-ec166f84d182","JG6 UX6",185,"2019-02-23 06:36:43","WindowsPlayer",NA,11,"TaskEvent",0,"0.11.141",5.69032955169678,-6.94217681884766,0.982070922851562,0.905799806118011,0.42370617389679,0,"History of WAT247,Find Toppo's Posters,Crash Diagnostics - Mountains,Back at your base","50,watershed;50,infiltration;50,energy;49,poster1;49,poster4;49,poster5;49,poster6;46,jasper;56,Head to bed","PB_PlayerRoom","0.11.141","TaskProgressEvent",57,"Meet up with Sam",1
"2347","5c7192c4e4194c47a159ac01",4,"Development","8d703246-39e0-4ff5-aef9-ec166f84d182","JG6 UX6",185,"2019-02-23 06:36:43","WindowsPlayer",NA,11,"TaskEvent",0,"0.11.141",5.69032955169678,-6.94217681884766,0.982070922851562,0.905799806118011,0.42370617389679,0,"History of WAT247,Find Toppo's Posters,Crash Diagnostics - Mountains","50,watershed;50,infiltration;50,energy;49,poster1;49,poster4;49,poster5;49,poster6;46,jasper","PB_PlayerRoom","0.11.141","TaskProgressEvent",87,"Gain Acces to the Ruins",1
"2348","5c7192c4e4194c47a159ac04",4,"Development","8d703246-39e0-4ff5-aef9-ec166f84d182","JG6 UX6",185,"2019-02-23 06:36:45","WindowsPlayer",NA,11,"TaskEvent",0,"0.11.141",5.69032955169678,-6.94217681884766,0.982070922851562,0.795803248882294,0.605555176734924,0,"History of WAT247,Find Toppo's Posters,Crash Diagnostics - Mountains,Second Day at Base","50,watershed;50,infiltration;50,energy;49,poster1;49,poster4;49,poster5;49,poster6;46,jasper","PB_PlayerRoom","0.11.141","TaskCompleteEvent",87,"Gain Acces to the Ruins",NA
"2349","5c7192f1e4194c47a159ac3d",4,"Development","8d703246-39e0-4ff5-aef9-ec166f84d182","JG6 UX6",185,"2019-02-23 06:37:34","WindowsPlayer",NA,11,"TaskEvent",0,"0.11.141",-57.0714340209961,-159.925674438477,60.4097557067871,0.536831557750702,0.843689441680908,0,"History of WAT247,Find Toppo's Posters,Crash Diagnostics - Mountains,Second Day at Base","50,watershed;50,infiltration;50,energy;49,poster1;49,poster4;49,poster5;49,poster6;46,jasper;59,Get Ready","Player_Base","0.11.141","TaskActiveEvent",27,"Talk with Sam",NA
"2350","5c7192f1e4194c47a159ac3f",4,"Development","8d703246-39e0-4ff5-aef9-ec166f84d182","JG6 UX6",185,"2019-02-23 06:37:34","WindowsPlayer",NA,11,"TaskEvent",0,"0.11.141",-57.0714340209961,-159.925674438477,60.4097557067871,0.536831557750702,0.843689441680908,0,"History of WAT247,Find Toppo's Posters,Crash Diagnostics - Mountains,Second Day at Base","50,watershed;50,infiltration;50,energy;49,poster1;49,poster4;49,poster5;49,poster6;46,jasper;59,Get Ready;59,Head to the Desert","Player_Base","0.11.141","TaskActiveEvent",50,"dissolved materials",NA
"2351","5c7192f1e4194c47a159ac44",4,"Development","8d703246-39e0-4ff5-aef9-ec166f84d182","JG6 UX6",185,"2019-02-23 06:37:34","WindowsPlayer",NA,11,"TaskEvent",0,"0.11.141",-57.0714340209961,-159.925674438477,60.4097557067871,0.536831557750702,0.843689441680908,0,"History of WAT247,Find Toppo's Posters,Crash Diagnostics - Mountains,Second Day at Base","50,watershed;50,infiltration;50,energy;49,poster1;49,poster4;49,poster5;49,poster6;46,jasper;59,Get Ready","Player_Base","0.11.141","TaskActiveEvent",50,"infiltration",NA
"2352","5c719316e4194c47a159ac73",4,"Development","8d703246-39e0-4ff5-aef9-ec166f84d182","JG6 UX6",185,"2019-02-23 06:38:04","WindowsPlayer",NA,11,"TaskEvent",0,"0.11.141",-587.252014160156,758.656433105469,63.2577056884766,-0.172939822077751,-0.98492556810379,-0.00368788605555892,"History of WAT247,Find Toppo's Posters,Crash Diagnostics - Mountains,Second Day at Base","50,watershed;50,infiltration;50,energy;49,poster1;49,poster4;49,poster5;49,poster6;46,jasper;59,Head to the Desert","U4,U4_Collectibles,U4_Quests,U4_MilitaryBase","0.11.141","TaskProgressEvent",5,"Drill to the Water Table",1
"2353","5c719316e4194c47a159ac77",4,"Development","8d703246-39e0-4ff5-aef9-ec166f84d182","JG6 UX6",185,"2019-02-23 06:38:04","WindowsPlayer",NA,11,"TaskEvent",0,"0.11.141",-587.252014160156,758.656433105469,63.2577056884766,-0.172939822077751,-0.98492556810379,-0.00368788605555892,"History of WAT247,Find Toppo's Posters,Crash Diagnostics - Mountains,Second Day at Base","50,watershed;50,infiltration;50,energy;49,poster1;49,poster4;49,poster5;49,poster6;46,jasper;59,Head to the Desert","U4,U4_Collectibles,U4_Quests,U4_MilitaryBase","0.11.141","TaskCompleteEvent",5,"Drill to the Water Table",NA
"2354","5c719316e4194c47a159ac7b",4,"Development","8d703246-39e0-4ff5-aef9-ec166f84d182","JG6 UX6",185,"2019-02-23 06:38:04","WindowsPlayer",NA,11,"TaskEvent",0,"0.11.141",-587.252014160156,758.656433105469,63.2577056884766,-0.172939822077751,-0.98492556810379,-0.00368788605555892,"History of WAT247,Find Toppo's Posters,Crash Diagnostics - Mountains,Second Day at Base","50,watershed;50,infiltration;50,energy;49,poster1;49,poster4;49,poster5;49,poster6;46,jasper;59,Head to the Desert;59,Talk To Anderson","U4,U4_Collectibles,U4_Quests,U4_MilitaryBase","0.11.141","TaskActiveEvent",87,"Pickup the Key",NA
"2355","5c719343e4194c47a159acb6",4,"Development","8d703246-39e0-4ff5-aef9-ec166f84d182","JG6 UX6",185,"2019-02-23 06:38:56","WindowsPlayer",NA,11,"TaskEvent",0,"0.11.141",-586.071044921875,752.021484375,62.9977416992188,0.482239246368408,-0.875979125499725,0.0102836489677429,"History of WAT247,Find Toppo's Posters,Crash Diagnostics - Mountains,Second Day at Base,Alien Village","50,watershed;50,infiltration;50,energy;49,poster1;49,poster4;49,poster5;49,poster6;46,jasper","U4,U4_Collectibles,U4_Quests,U4_MilitaryBase","0.11.141","TaskCompleteEvent",57,"Meet up with Sam",NA
"2356","5c719343e4194c47a159acb9",4,"Development","8d703246-39e0-4ff5-aef9-ec166f84d182","JG6 UX6",185,"2019-02-23 06:38:56","WindowsPlayer",NA,11,"TaskEvent",0,"0.11.141",-586.071044921875,752.021484375,62.9977416992188,0.482239246368408,-0.875979125499725,0.0102836489677429,"History of WAT247,Find Toppo's Posters,Crash Diagnostics - Mountains,Second Day at Base","50,watershed;50,infiltration;50,energy;49,poster1;49,poster4;49,poster5;49,poster6;46,jasper;59,Talk To Anderson","U4,U4_Collectibles,U4_Quests,U4_MilitaryBase","0.11.141","TaskActiveEvent",50,"watershed",NA
"2357","5c719343e4194c47a159acc0",4,"Development","8d703246-39e0-4ff5-aef9-ec166f84d182","JG6 UX6",185,"2019-02-23 06:38:56","WindowsPlayer",NA,11,"TaskEvent",0,"0.11.141",-586.071044921875,752.021484375,62.9977416992188,0.482239246368408,-0.875979125499725,0.0102836489677429,"History of WAT247,Find Toppo's Posters,Crash Diagnostics - Mountains,Alien Village","50,watershed;50,infiltration;50,energy;49,poster1;49,poster4;49,poster5;49,poster6;46,jasper;2,Find the Ruins","U4,U4_Collectibles,U4_Quests,U4_MilitaryBase","0.11.141","TaskActiveEvent",50,"energy",NA
"2358","5c71934de4194c47a159acc9",4,"Development","8d703246-39e0-4ff5-aef9-ec166f84d182","JG6 UX6",185,"2019-02-23 06:39:04","WindowsPlayer",NA,11,"TaskEvent",0,"0.11.141",-593.712341308594,736.39990234375,62.1866188049316,-0.85930997133255,-0.511127054691315,-0.018324576318264,"History of WAT247,Find Toppo's Posters,Crash Diagnostics - Mountains,Alien Village","50,watershed;50,infiltration;50,energy;49,poster1;49,poster4;49,poster5;49,poster6;46,jasper;2,Find the Ruins","U4,U4_Collectibles,U4_Quests,U4_MilitaryBase","0.11.141","TaskProgressEvent",3,"Restore Power to B1",1
"2359","5c71934de4194c47a159acd3",4,"Development","8d703246-39e0-4ff5-aef9-ec166f84d182","JG6 UX6",185,"2019-02-23 06:39:04","WindowsPlayer",NA,11,"TaskEvent",0,"0.11.141",-593.712341308594,736.39990234375,62.1866188049316,-0.85930997133255,-0.511127054691315,-0.018324576318264,"History of WAT247,Find Toppo's Posters,Crash Diagnostics - Mountains,Alien Village","50,watershed;50,infiltration;50,energy;49,poster1;49,poster4;49,poster5;49,poster6;46,jasper;2,Find the Ruins","U4,U4_Collectibles,U4_Quests,U4_MilitaryBase","0.11.141","TaskActiveEvent",5,"Retry the Controls",NA
"2360","5c7193eee4194c47a159ada7",4,"Development","8d703246-39e0-4ff5-aef9-ec166f84d182","JG6 UX6",185,"2019-02-23 06:41:42","WindowsPlayer",NA,11,"TaskEvent",0,"0.11.141",161.710525512695,-607.182861328125,43.035961151123,-0.155728355050087,-0.987794637680054,-0.00332085881382227,"History of WAT247,Find Toppo's Posters,Crash Diagnostics - Mountains,Alien Village","50,watershed;50,infiltration;50,energy;49,poster1;49,poster5;49,poster6;46,jasper;2,Find the Ruins","U4,U4_Collectibles,U4_Quests,U4_AlienRuins","0.11.141","TaskCompleteEvent",3,"Restore Power to B1",NA
"2361","5c7193eee4194c47a159ada8",4,"Development","8d703246-39e0-4ff5-aef9-ec166f84d182","JG6 UX6",185,"2019-02-23 06:41:42","WindowsPlayer",NA,11,"TaskEvent",0,"0.11.141",161.710525512695,-607.182861328125,43.035961151123,-0.155728355050087,-0.987794637680054,-0.00332085881382227,"History of WAT247,Find Toppo's Posters,Crash Diagnostics - Mountains,Alien Village","50,watershed;50,infiltration;50,energy;49,poster1;49,poster5;49,poster6;46,jasper;2,Find the Ruins","U4,U4_Collectibles,U4_Quests,U4_AlienRuins","0.11.141","TaskActiveEvent",75,"Pump2",NA
"2362","5c7193eee4194c47a159adae",4,"Development","8d703246-39e0-4ff5-aef9-ec166f84d182","JG6 UX6",185,"2019-02-23 06:41:42","WindowsPlayer",NA,11,"TaskEvent",0,"0.11.141",161.710525512695,-607.182861328125,43.035961151123,-0.155728355050087,-0.987794637680054,-0.00332085881382227,"History of WAT247,Find Toppo's Posters,Crash Diagnostics - Mountains,Alien Village","50,watershed;50,infiltration;50,energy;49,poster1;49,poster5;49,poster6;46,jasper;2,Find the Ruins;2,Unlock the Door","U4,U4_Collectibles,U4_Quests,U4_AlienRuins","0.11.141","TaskProgressEvent",75,"Pump1",1
"2363","5c719416e4194c47a159adde",4,"Development","8d703246-39e0-4ff5-aef9-ec166f84d182","JG6 UX6",185,"2019-02-23 06:42:15","WindowsPlayer",NA,11,"TaskEvent",0,"0.11.141",173.26042175293,-687.119873046875,40.9909858703613,-0.538076341152191,-0.84281849861145,-0.0114743579179049,"History of WAT247,Find Toppo's Posters,Crash Diagnostics - Mountains,Alien Village","50,watershed;50,infiltration;50,energy;49,poster1;49,poster5;49,poster6;46,jasper;2,Unlock the Door","U4,U4_Collectibles,U4_Quests,U4_AlienRuins","0.11.141","TaskProgressEvent",87,"Unlock the door",1
"2364","5c719416e4194c47a159addf",4,"Development","8d703246-39e0-4ff5-aef9-ec166f84d182","JG6 UX6",185,"2019-02-23 06:42:15","WindowsPlayer",NA,11,"TaskEvent",0,"0.11.141",173.26042175293,-687.119873046875,40.9909858703613,-0.538076341152191,-0.84281849861145,-0.0114743579179049,"History of WAT247,Find Toppo's Posters,Crash Diagnostics - Mountains,Alien Village","50,watershed;50,infiltration;50,energy;49,poster1;49,poster5;49,poster6;46,jasper;2,Unlock the Door","U4,U4_Collectibles,U4_Quests,U4_AlienRuins","0.11.141","TaskCompleteEvent",87,"Unlock the door",NA
"2365","5c719416e4194c47a159ade6",4,"Development","8d703246-39e0-4ff5-aef9-ec166f84d182","JG6 UX6",185,"2019-02-23 06:42:15","WindowsPlayer",NA,11,"TaskEvent",0,"0.11.141",173.26042175293,-687.119873046875,40.9909858703613,-0.538076341152191,-0.84281849861145,-0.0114743579179049,"History of WAT247,Find Toppo's Posters,Crash Diagnostics - Mountains,Alien Village","50,watershed;50,infiltration;50,energy;49,poster1;49,poster5;49,poster6;46,jasper;2,Unlock the Door;2,Enter the Building","U4,U4_Collectibles,U4_Quests,U4_AlienRuins","0.11.141","TaskCompleteEvent",75,"Pump1",NA
"2366","5c719420e4194c47a159ae06",4,"Development","8d703246-39e0-4ff5-aef9-ec166f84d182","JG6 UX6",185,"2019-02-23 06:42:37","WindowsPlayer",NA,11,"TaskEvent",0,"0.11.141",158.420379638672,-682.808959960938,40.9909858703613,-0.117702811956406,-0.993045806884766,-0.00250997394323349,"History of WAT247,Find Toppo's Posters,Crash Diagnostics - Mountains,Alien Village","50,watershed;50,infiltration;50,energy;49,poster1;49,poster5;49,poster6;46,jasper;2,Enter the Building","U4,U4_Collectibles,U4_Quests,U4_AlienRuins","0.11.141","TaskActiveEvent",87,"Enter the ruins",NA
"2367","5c719420e4194c47a159ae07",4,"Development","8d703246-39e0-4ff5-aef9-ec166f84d182","JG6 UX6",185,"2019-02-23 06:42:37","WindowsPlayer",NA,11,"TaskEvent",0,"0.11.141",158.420379638672,-682.808959960938,40.9909858703613,-0.117702811956406,-0.993045806884766,-0.00250997394323349,"History of WAT247,Find Toppo's Posters,Crash Diagnostics - Mountains,Alien Village","50,watershed;50,infiltration;50,energy;49,poster1;49,poster5;49,poster6;46,jasper;2,Enter the Building","U4,U4_Collectibles,U4_Quests,U4_AlienRuins","0.11.141","TaskActiveEvent",86,"Check out the Supertree",NA
"2368","5c719428e4194c47a159ae14",4,"Development","8d703246-39e0-4ff5-aef9-ec166f84d182","JG6 UX6",185,"2019-02-23 06:42:43","WindowsPlayer",NA,11,"TaskEvent",0,"0.11.141",163.404876708984,-692.158386230469,41.8201599121094,-0.638100206851959,-0.769833385944366,-0.0136073529720306,"History of WAT247,Find Toppo's Posters,Crash Diagnostics - Mountains,Alien Village","50,watershed;50,energy;49,poster1;49,poster5;49,poster6;46,jasper;2,Enter the Building","U4,U4_Collectibles,U4_Quests,U4_AlienRuins,U4_DrillRoomV2","0.11.141","TaskProgressEvent",86,"Examine a Garden",1
"2369","5c719428e4194c47a159ae15",4,"Development","8d703246-39e0-4ff5-aef9-ec166f84d182","JG6 UX6",185,"2019-02-23 06:42:43","WindowsPlayer",NA,11,"TaskEvent",0,"0.11.141",163.404876708984,-692.158386230469,41.8201599121094,-0.638100206851959,-0.769833385944366,-0.0136073529720306,"History of WAT247,Find Toppo's Posters,Crash Diagnostics - Mountains,Alien Village","50,watershed;50,energy;49,poster1;49,poster5;49,poster6;46,jasper;2,Enter the Building","U4,U4_Collectibles,U4_Quests,U4_AlienRuins,U4_DrillRoomV2","0.11.141","TaskCompleteEvent",86,"Examine a Garden",NA
"2370","5c719428e4194c47a159ae19",4,"Development","8d703246-39e0-4ff5-aef9-ec166f84d182","JG6 UX6",185,"2019-02-23 06:42:43","WindowsPlayer",NA,11,"TaskEvent",0,"0.11.141",163.404876708984,-692.158386230469,41.8201599121094,-0.638100206851959,-0.769833385944366,-0.0136073529720306,"History of WAT247,Find Toppo's Posters,Crash Diagnostics - Mountains,Alien Village","50,watershed;50,energy;49,poster1;49,poster5;49,poster6;46,jasper;2,Enter the Building;2,Try the Controls","U4,U4_Collectibles,U4_Quests,U4_AlienRuins,U4_DrillRoomV2","0.11.141","TaskCompleteEvent",14,"overflow fountain",NA
"2371","5c71943ce4194c47a159ae34",4,"Development","8d703246-39e0-4ff5-aef9-ec166f84d182","JG6 UX6",185,"2019-02-23 06:43:01","WindowsPlayer",NA,11,"TaskEvent",0,"0.11.141",177.802780151367,-724.338623046875,-72.8817596435547,-0.760016739368439,-0.649903774261475,0,"History of WAT247,Find Toppo's Posters,Crash Diagnostics - Mountains,Alien Village","50,watershed;50,energy;49,poster1;49,poster5;49,poster6;46,jasper;2,Try the Controls","U4_DrillRoomV2,U4_DrillRoomV2_Quests","0.11.141","TaskProgressEvent",14,"overflow fountain",1
"2372","5c71943ce4194c47a159ae3a",4,"Development","8d703246-39e0-4ff5-aef9-ec166f84d182","JG6 UX6",185,"2019-02-23 06:43:01","WindowsPlayer",NA,11,"TaskEvent",0,"0.11.141",177.802780151367,-724.338623046875,-72.8817596435547,-0.760016739368439,-0.649903774261475,0,"History of WAT247,Find Toppo's Posters,Crash Diagnostics - Mountains,The Ruins","50,watershed;50,energy;49,poster1;49,poster5;49,poster6;46,jasper;3,Restore Power to B5","U4_DrillRoomV2,U4_DrillRoomV2_Quests","0.11.141","TaskCompleteEvent",59,"Talk To Anderson",NA
"2373","5c71943ce4194c47a159ae3d",4,"Development","8d703246-39e0-4ff5-aef9-ec166f84d182","JG6 UX6",185,"2019-02-23 06:43:01","WindowsPlayer",NA,11,"TaskEvent",0,"0.11.141",177.802780151367,-724.338623046875,-72.8817596435547,-0.760016739368439,-0.649903774261475,0,"History of WAT247,Find Toppo's Posters,Crash Diagnostics - Mountains,Alien Village,The Ruins","50,watershed;50,energy;49,poster1;49,poster5;49,poster6;46,jasper","U4_DrillRoomV2,U4_DrillRoomV2_Quests","0.11.141","TaskProgressEvent",59,"Talk To Anderson",1
"2374","5c7194a5e4194c47a159af1f",4,"Development","8d703246-39e0-4ff5-aef9-ec166f84d182","JG6 UX6",185,"2019-02-23 06:44:52","WindowsPlayer",NA,11,"TaskEvent",0,"0.11.141",53.4819221496582,-3.47511839866638,3.98000001907349,0.94776839017868,-0.318959593772888,0,"History of WAT247,Find Toppo's Posters,Crash Diagnostics - Mountains,The Ruins","50,watershed;50,energy;49,poster1;49,poster5;49,poster6;46,jasper;3,Restore Power to B5","U4_Dungeon,U4_Dungeon_Quests","0.11.141","TaskActiveEvent",2,"Find the Ruins",NA
"2375","5c7194a5e4194c47a159af20",4,"Development","8d703246-39e0-4ff5-aef9-ec166f84d182","JG6 UX6",185,"2019-02-23 06:44:52","WindowsPlayer",NA,11,"TaskEvent",0,"0.11.141",53.4819221496582,-3.47511839866638,3.98000001907349,0.94776839017868,-0.318959593772888,0,"History of WAT247,Find Toppo's Posters,Crash Diagnostics - Mountains,The Ruins","50,watershed;50,energy;49,poster1;49,poster5;49,poster6;46,jasper;3,Restore Power to B5","U4_Dungeon,U4_Dungeon_Quests","0.11.141","TaskActiveEvent",61,"Head to Bed",NA
"2376","5c7194a5e4194c47a159af28",4,"Development","8d703246-39e0-4ff5-aef9-ec166f84d182","JG6 UX6",185,"2019-02-23 06:44:52","WindowsPlayer",NA,11,"TaskEvent",0,"0.11.141",53.4819221496582,-3.47511839866638,3.98000001907349,0.94776839017868,-0.318959593772888,0,"History of WAT247,Find Toppo's Posters,Crash Diagnostics - Mountains,The Ruins","50,watershed;50,energy;49,poster1;49,poster5;49,poster6;46,jasper;3,Restore Power to B5;3,Restore Power to B4","U4_Dungeon,U4_Dungeon_Quests","0.11.141","TaskProgressEvent",57,"Meet up with Sam",1
"2377","5c71959fe4194c47a159b1bd",4,"Development","8d703246-39e0-4ff5-aef9-ec166f84d182","JG6 UX6",185,"2019-02-23 06:49:00","WindowsPlayer",NA,11,"TaskEvent",0,"0.11.141",138.340591430664,29.398157119751,9.2296257019043,-0.956304967403412,-0.292371869087219,0,"History of WAT247,Find Toppo's Posters,Crash Diagnostics - Mountains,The Ruins","50,watershed;50,energy;49,poster1;49,poster5;49,poster6;46,jasper;3,Restore Power to B4","U4_Dungeon,U4_Dungeon_Quests","0.11.141","TaskCompleteEvent",57,"Meet up with Sam",NA
"2378","5c71959fe4194c47a159b1c2",4,"Development","8d703246-39e0-4ff5-aef9-ec166f84d182","JG6 UX6",185,"2019-02-23 06:49:00","WindowsPlayer",NA,11,"TaskEvent",0,"0.11.141",138.340591430664,29.398157119751,9.2296257019043,-0.956304967403412,-0.292371869087219,0,"History of WAT247,Find Toppo's Posters,Crash Diagnostics - Mountains,The Ruins","50,watershed;50,energy;49,poster1;49,poster5;49,poster6;46,jasper;3,Restore Power to B4;3,Restore Power to B3","U4_Dungeon,U4_Dungeon_Quests","0.11.141","TaskActiveEvent",27,"Talk with Sam",NA
"2379","5c7195a0e4194c47a159b1c6",4,"Development","8d703246-39e0-4ff5-aef9-ec166f84d182","JG6 UX6",185,"2019-02-23 06:49:00","WindowsPlayer",NA,11,"TaskEvent",0,"0.11.141",138.340591430664,29.398157119751,9.2296257019043,-0.956304967403412,-0.292371869087219,0,"History of WAT247,Find Toppo's Posters,Crash Diagnostics - Mountains,The Ruins","50,watershed;50,energy;49,poster1;49,poster5;49,poster6;46,jasper;3,Restore Power to B4","U4_Dungeon,U4_Dungeon_Quests","0.11.141","TaskProgressEvent",27,"Talk with Sam",1
"2380","5c7195eae4194c47a159b239",4,"Development","8d703246-39e0-4ff5-aef9-ec166f84d182","JG6 UX6",185,"2019-02-23 06:50:16","WindowsPlayer",NA,11,"TaskEvent",0,"0.11.141",59.3277473449707,33.0512580871582,14.4796257019043,-0.97029584646225,-0.24192214012146,0,"History of WAT247,Find Toppo's Posters,Crash Diagnostics - Mountains,The Ruins","50,watershed;50,energy;49,poster1;49,poster5;49,poster6;46,jasper;3,Restore Power to B3;3,Restore Power to B2","U4_Dungeon,U4_Dungeon_Quests","0.11.141","TaskActiveEvent",27,"Find the supplies",NA
"2381","5c7195eae4194c47a159b23d",4,"Development","8d703246-39e0-4ff5-aef9-ec166f84d182","JG6 UX6",185,"2019-02-23 06:50:16","WindowsPlayer",NA,11,"TaskEvent",0,"0.11.141",59.3277473449707,33.0512580871582,14.4796257019043,-0.97029584646225,-0.24192214012146,0,"History of WAT247,Find Toppo's Posters,Crash Diagnostics - Mountains,The Ruins","50,watershed;50,energy;49,poster1;49,poster5;49,poster6;46,jasper;3,Restore Power to B3","U4_Dungeon,U4_Dungeon_Quests","0.11.141","TaskCompleteEvent",27,"Talk with Sam",NA
"2382","5c7195ebe4194c47a159b244",4,"Development","8d703246-39e0-4ff5-aef9-ec166f84d182","JG6 UX6",185,"2019-02-23 06:50:16","WindowsPlayer",NA,11,"TaskEvent",0,"0.11.141",59.3277473449707,33.0512580871582,14.4796257019043,-0.97029584646225,-0.24192214012146,0,"History of WAT247,Find Toppo's Posters,Crash Diagnostics - Mountains,The Ruins","50,watershed;50,energy;49,poster1;49,poster5;49,poster6;46,jasper;3,Restore Power to B3","U4_Dungeon,U4_Dungeon_Quests","0.11.141","TaskProgressEvent",27,"Find the supplies",1
"2383","5c7197e4e4194c47a159b612",4,"Development","8d703246-39e0-4ff5-aef9-ec166f84d182","JG6 UX6",185,"2019-02-23 06:58:41","WindowsPlayer",NA,11,"TaskEvent",0,"0.11.141",3.95682406425476,135.157836914062,24.9799995422363,-0.67301070690155,0.739632725715637,0,"History of WAT247,Find Toppo's Posters,Crash Diagnostics - Mountains,The Ruins","50,watershed;50,energy;49,poster1;49,poster5;49,poster6;46,jasper;3,Restore Power to B2","U4_Dungeon,U4_Dungeon_Quests","0.11.141","TaskCompleteEvent",27,"Find the supplies",NA
"2384","5c7197e4e4194c47a159b613",4,"Development","8d703246-39e0-4ff5-aef9-ec166f84d182","JG6 UX6",185,"2019-02-23 06:58:41","WindowsPlayer",NA,11,"TaskEvent",0,"0.11.141",3.95682406425476,135.157836914062,24.9799995422363,-0.67301070690155,0.739632725715637,0,"History of WAT247,Find Toppo's Posters,Crash Diagnostics - Mountains,The Ruins","50,watershed;50,energy;49,poster1;49,poster5;49,poster6;46,jasper;3,Restore Power to B2","U4_Dungeon,U4_Dungeon_Quests","0.11.141","TaskActiveEvent",27,"Deliver crates",NA
"2385","5c7197e5e4194c47a159b61a",4,"Development","8d703246-39e0-4ff5-aef9-ec166f84d182","JG6 UX6",185,"2019-02-23 06:58:41","WindowsPlayer",NA,11,"TaskEvent",0,"0.11.141",3.95682406425476,135.157836914062,24.9799995422363,-0.67301070690155,0.739632725715637,0,"History of WAT247,Find Toppo's Posters,Crash Diagnostics - Mountains,The Ruins","50,watershed;50,energy;49,poster1;49,poster5;49,poster6;46,jasper;3,Restore Power to B2;3,Restore Power to B1","U4_Dungeon,U4_Dungeon_Quests","0.11.141","TaskProgressEvent",27,"Deliver crates",1
"2386","5c71994ee4194c47a159b8f4",4,"Development","8d703246-39e0-4ff5-aef9-ec166f84d182","JG6 UX6",185,"2019-02-23 07:04:41","WindowsPlayer",NA,11,"TaskEvent",0,"0.11.141",-80.9598617553711,167.198471069336,30.2296581268311,-0.398745715618134,0.917061567306519,0,"History of WAT247,Find Toppo's Posters,Crash Diagnostics - Mountains,The Ruins","50,watershed;50,energy;49,poster1;49,poster5;49,poster6;46,jasper;3,Restore Power to B1","U4_Dungeon,U4_Dungeon_Quests","0.11.141","TaskProgressEvent",27,"Deliver crates",2
"2387","5c71994ee4194c47a159b8f6",4,"Development","8d703246-39e0-4ff5-aef9-ec166f84d182","JG6 UX6",185,"2019-02-23 07:04:41","WindowsPlayer",NA,11,"TaskEvent",0,"0.11.141",-80.9598617553711,167.198471069336,30.2296581268311,-0.398745715618134,0.917061567306519,0,"History of WAT247,Find Toppo's Posters,Crash Diagnostics - Mountains,The Ruins,The Fountain","50,watershed;50,energy;49,poster1;49,poster5;49,poster6;46,jasper","U4_Dungeon,U4_Dungeon_Quests","0.11.141","TaskProgressEvent",27,"Deliver crates",3
"2388","5c71994ee4194c47a159b8f7",4,"Development","8d703246-39e0-4ff5-aef9-ec166f84d182","JG6 UX6",185,"2019-02-23 07:04:41","WindowsPlayer",NA,11,"TaskEvent",0,"0.11.141",-80.9598617553711,167.198471069336,30.2296581268311,-0.398745715618134,0.917061567306519,0,"History of WAT247,Find Toppo's Posters,Crash Diagnostics - Mountains,The Fountain","50,watershed;50,energy;49,poster1;49,poster5;49,poster6;46,jasper;5,Retry the Controls","U4_Dungeon,U4_Dungeon_Quests","0.11.141","TaskCompleteEvent",27,"Deliver crates",NA
"2389","5c719962e4194c47a159b940",4,"Development","8d703246-39e0-4ff5-aef9-ec166f84d182","JG6 UX6",185,"2019-02-23 07:04:54","WindowsPlayer",NA,11,"TaskEvent",0,"0.11.141",178.025283813477,-724.175231933594,-72.919677734375,-0.876017808914185,-0.482279062271118,0,"History of WAT247,Find Toppo's Posters,Crash Diagnostics - Mountains,The Fountain","50,watershed;50,energy;49,poster1;49,poster5;49,poster6;46,jasper;5,Retry the Controls;5,Drill to the Water Table","U4_DrillRoomV2,U4_DrillRoomV2_Quests","0.11.141","TaskActiveEvent",24,"Return to Sam",NA
"2390","5c719962e4194c47a159b943",4,"Development","8d703246-39e0-4ff5-aef9-ec166f84d182","JG6 UX6",185,"2019-02-23 07:04:54","WindowsPlayer",NA,11,"TaskEvent",0,"0.11.141",178.025283813477,-724.175231933594,-72.919677734375,-0.876017808914185,-0.482279062271118,0,"History of WAT247,Find Toppo's Posters,Crash Diagnostics - Mountains,The Fountain","50,watershed;50,energy;49,poster1;49,poster5;49,poster6;46,jasper;5,Retry the Controls","U4_DrillRoomV2,U4_DrillRoomV2_Quests","0.11.141","TaskProgressEvent",27,"Deliver crates",4
"2391","5c719962e4194c47a159b944",4,"Development","8d703246-39e0-4ff5-aef9-ec166f84d182","JG6 UX6",185,"2019-02-23 07:04:54","WindowsPlayer",NA,11,"TaskEvent",0,"0.11.141",178.025283813477,-724.175231933594,-72.919677734375,-0.876017808914185,-0.482279062271118,0,"History of WAT247,Find Toppo's Posters,Crash Diagnostics - Mountains,The Fountain","50,watershed;50,energy;49,poster1;49,poster5;49,poster6;46,jasper;5,Retry the Controls","U4_DrillRoomV2,U4_DrillRoomV2_Quests","0.11.141","TaskProgressEvent",49,"poster3",1
"2392","5c719990e4194c47a159b9a8",4,"Development","8d703246-39e0-4ff5-aef9-ec166f84d182","JG6 UX6",185,"2019-02-23 07:05:43","WindowsPlayer",NA,11,"TaskEvent",0,"0.11.141",178.025283813477,-724.175231933594,-72.919677734375,-0.876017808914185,-0.482279062271118,0,"History of WAT247,Find Toppo's Posters,Crash Diagnostics - Mountains,The Fountain","50,watershed;50,energy;49,poster1;49,poster5;49,poster6;46,jasper;5,Drill to the Water Table","U4_DrillRoomV2,U4_DrillRoomV2_Quests","0.11.141","TaskCompleteEvent",49,"poster3",NA
"2393","5c719990e4194c47a159b9a9",4,"Development","8d703246-39e0-4ff5-aef9-ec166f84d182","JG6 UX6",185,"2019-02-23 07:05:43","WindowsPlayer",NA,11,"TaskEvent",0,"0.11.141",178.025283813477,-724.175231933594,-72.919677734375,-0.876017808914185,-0.482279062271118,0,"History of WAT247,Find Toppo's Posters,Crash Diagnostics - Mountains,The Fountain","50,watershed;50,energy;49,poster1;49,poster5;49,poster6;46,jasper;5,Drill to the Water Table","U4_DrillRoomV2,U4_DrillRoomV2_Quests","0.11.141","TaskProgressEvent",24,"Return to Sam",1
"2394","5c719990e4194c47a159b9b2",4,"Development","8d703246-39e0-4ff5-aef9-ec166f84d182","JG6 UX6",185,"2019-02-23 07:05:43","WindowsPlayer",NA,11,"TaskEvent",0,"0.11.141",178.025283813477,-724.175231933594,-72.919677734375,-0.876017808914185,-0.482279062271118,0,"History of WAT247,Find Toppo's Posters,Crash Diagnostics - Mountains,The Fountain","50,watershed;50,energy;49,poster1;49,poster5;49,poster6;46,jasper;5,Drill to the Water Table;5,Direct the irrigation","U4_DrillRoomV2,U4_DrillRoomV2_Quests","0.11.141","TaskActiveEvent",24,"Test the base's water",NA
"2395","5c7199e3e4194c47a159ba3f",4,"Development","8d703246-39e0-4ff5-aef9-ec166f84d182","JG6 UX6",185,"2019-02-23 07:07:08","WindowsPlayer",NA,11,"TaskEvent",0,"0.11.141",153.297897338867,-602.8466796875,43.2371864318848,-0.998920202255249,0.0464614033699036,0,"History of WAT247,Find Toppo's Posters,Crash Diagnostics - Mountains,The Fountain","50,watershed;50,energy;49,poster1;49,poster5;49,poster6;46,jasper;5,Direct the irrigation","U4,U4_Collectibles,U4_Quests,U4_MilitaryBase,U4_AlienRuins","0.11.141","TaskCompleteEvent",24,"Return to Sam",NA
"2396","5c7199e3e4194c47a159ba43",4,"Development","8d703246-39e0-4ff5-aef9-ec166f84d182","JG6 UX6",185,"2019-02-23 07:07:08","WindowsPlayer",NA,11,"TaskEvent",0,"0.11.141",153.297897338867,-602.8466796875,43.2371864318848,-0.998920202255249,0.0464614033699036,0,"History of WAT247,Find Toppo's Posters,Crash Diagnostics - Mountains,The Fountain,Flooding in the Bunker","50,watershed;50,energy;49,poster1;49,poster5;49,poster6;46,jasper","U4,U4_Collectibles,U4_Quests,U4_MilitaryBase,U4_AlienRuins","0.11.141","TaskProgressEvent",24,"Test the base's water",1
"2397","5c7199e4e4194c47a159ba49",4,"Development","8d703246-39e0-4ff5-aef9-ec166f84d182","JG6 UX6",185,"2019-02-23 07:07:08","WindowsPlayer",NA,11,"TaskEvent",0,"0.11.141",153.297897338867,-602.8466796875,43.2371864318848,-0.998920202255249,0.0464614033699036,0,"History of WAT247,Find Toppo's Posters,Crash Diagnostics - Mountains,Flooding in the Bunker","50,watershed;50,energy;49,poster1;49,poster5;49,poster6;46,jasper;6,Head Inside the Bunker","U4,U4_Collectibles,U4_Quests,U4_MilitaryBase,U4_AlienRuins","0.11.141","TaskCompleteEvent",24,"Test the base's water",NA
"2398","5c719a4be4194c47a159bb0b",4,"Development","8d703246-39e0-4ff5-aef9-ec166f84d182","JG6 UX6",185,"2019-02-23 07:08:52","WindowsPlayer",NA,11,"TaskEvent",0,"0.11.141",-574.489929199219,-16.5226421356201,27.2090167999268,-0.990420579910278,-0.138084053993225,0,"History of WAT247,Find Toppo's Posters,Crash Diagnostics - Mountains,Flooding in the Bunker","50,watershed;50,energy;49,poster1;49,poster5;49,poster6;46,jasper;6,Head Inside the Bunker","U4,U4_Collectibles,U4_Quests,U4_MilitaryBase,U4_Bunker","0.11.141","TaskActiveEvent",24,"Trace the pollutant",NA
"2399","5c719a4be4194c47a159bb10",4,"Development","8d703246-39e0-4ff5-aef9-ec166f84d182","JG6 UX6",185,"2019-02-23 07:08:52","WindowsPlayer",NA,11,"TaskEvent",0,"0.11.141",-574.489929199219,-16.5226421356201,27.2090167999268,-0.990420579910278,-0.138084053993225,0,"History of WAT247,Find Toppo's Posters,Crash Diagnostics - Mountains,Flooding in the Bunker","50,watershed;50,energy;49,poster1;49,poster5;49,poster6;46,jasper;6,Head Inside the Bunker","U4,U4_Collectibles,U4_Quests,U4_MilitaryBase,U4_Bunker","0.11.141","TaskActiveEvent",24,"Open the Claimer System",NA
"2400","5c719a4be4194c47a159bb11",4,"Development","8d703246-39e0-4ff5-aef9-ec166f84d182","JG6 UX6",185,"2019-02-23 07:08:52","WindowsPlayer",NA,11,"TaskEvent",0,"0.11.141",-574.489929199219,-16.5226421356201,27.2090167999268,-0.990420579910278,-0.138084053993225,0,"History of WAT247,Find Toppo's Posters,Crash Diagnostics - Mountains,Flooding in the Bunker","50,watershed;50,energy;49,poster1;49,poster5;49,poster6;46,jasper;6,Head Inside the Bunker;6,Investigate the Flood","U4,U4_Collectibles,U4_Quests,U4_MilitaryBase,U4_Bunker","0.11.141","TaskCompleteEvent",24,"Trace the pollutant",NA
"2401","5c719a7de4194c47a159bb5e",4,"Development","8d703246-39e0-4ff5-aef9-ec166f84d182","JG6 UX6",185,"2019-02-23 07:09:47","WindowsPlayer",NA,11,"TaskEvent",0,"0.11.141",26.9690265655518,14.5988712310791,-4.87309598922729,0.949425458908081,0.313992321491241,0,"History of WAT247,Find Toppo's Posters,Crash Diagnostics - Mountains,Flooding in the Bunker","50,watershed;50,energy;49,poster1;49,poster5;49,poster6;46,jasper;6,Investigate the Flood","U4_Bunker,U4_Bunker_Quests","0.11.141","TaskProgressEvent",24,"Trace the pollutant",1
"2402","5c719a7de4194c47a159bb64",4,"Development","8d703246-39e0-4ff5-aef9-ec166f84d182","JG6 UX6",185,"2019-02-23 07:09:47","WindowsPlayer",NA,11,"TaskEvent",0,"0.11.141",26.9690265655518,14.5988712310791,-4.87309598922729,0.949425458908081,0.313992321491241,0,"History of WAT247,Find Toppo's Posters,Crash Diagnostics - Mountains,Flooding in the Bunker,Checking the Armory","50,watershed;50,energy;49,poster1;49,poster5;49,poster6;46,jasper","U4_Bunker,U4_Bunker_Quests","0.11.141","TaskCompleteEvent",24,"Open the Claimer System",NA
"2403","5c719a7de4194c47a159bb66",4,"Development","8d703246-39e0-4ff5-aef9-ec166f84d182","JG6 UX6",185,"2019-02-23 07:09:47","WindowsPlayer",NA,11,"TaskEvent",0,"0.11.141",26.9690265655518,14.5988712310791,-4.87309598922729,0.949425458908081,0.313992321491241,0,"History of WAT247,Find Toppo's Posters,Crash Diagnostics - Mountains,Checking the Armory","50,watershed;50,energy;49,poster1;49,poster5;49,poster6;46,jasper;80,Scan the Armory Ceiling","U4_Bunker,U4_Bunker_Quests","0.11.141","TaskActiveEvent",0,"Convince Bill the pollutant is nearby",NA
"2404","5c719a91e4194c47a159bb9b",4,"Development","8d703246-39e0-4ff5-aef9-ec166f84d182","JG6 UX6",185,"2019-02-23 07:10:07","WindowsPlayer",NA,11,"TaskEvent",0,"0.11.141",33.465934753418,13.141152381897,-7.41999959945679,-0.994338095188141,0.106264114379883,0,"History of WAT247,Find Toppo's Posters,Crash Diagnostics - Mountains,Checking the Armory","50,watershed;50,energy;49,poster1;49,poster5;49,poster6;46,jasper;80,Scan the Armory Ceiling","U4_Bunker,U4_Bunker_Quests","0.11.141","TaskProgressEvent",24,"Open the Claimer System",1
"2405","5c719a91e4194c47a159bb9d",4,"Development","8d703246-39e0-4ff5-aef9-ec166f84d182","JG6 UX6",185,"2019-02-23 07:10:07","WindowsPlayer",NA,11,"TaskEvent",0,"0.11.141",33.465934753418,13.141152381897,-7.41999959945679,-0.994338095188141,0.106264114379883,0,"History of WAT247,Find Toppo's Posters,Crash Diagnostics - Mountains,Checking the Armory","50,watershed;50,energy;49,poster1;49,poster5;49,poster6;46,jasper;80,Scan the Armory Ceiling","U4_Bunker,U4_Bunker_Quests","0.11.141","TaskProgressEvent",0,"Convince Bill the pollutant is nearby",1
"2406","5c719a91e4194c47a159bba5",4,"Development","8d703246-39e0-4ff5-aef9-ec166f84d182","JG6 UX6",185,"2019-02-23 07:10:07","WindowsPlayer",NA,11,"TaskEvent",0,"0.11.141",33.465934753418,13.141152381897,-7.41999959945679,-0.994338095188141,0.106264114379883,0,"History of WAT247,Find Toppo's Posters,Crash Diagnostics - Mountains,Checking the Armory","50,watershed;50,energy;49,poster1;49,poster5;49,poster6;46,jasper;80,Scan the Armory Ceiling;80,Scan the Amory Floor","U4_Bunker,U4_Bunker_Quests","0.11.141","TaskActiveEvent",0,"Identify pollutant",NA
"2407","5c719a9be4194c47a159bbb7",4,"Development","8d703246-39e0-4ff5-aef9-ec166f84d182","JG6 UX6",185,"2019-02-23 07:10:18","WindowsPlayer",NA,11,"TaskEvent",0,"0.11.141",43.1545906066895,13.7861671447754,-7.41999959945679,0.999194383621216,-0.0401314496994019,0,"History of WAT247,Find Toppo's Posters,Crash Diagnostics - Mountains,Checking the Armory","50,watershed;50,energy;49,poster1;49,poster5;49,poster6;46,jasper;80,Scan the Amory Floor","U4_Bunker,U4_Bunker_Quests","0.11.141","TaskCompleteEvent",0,"Convince Bill the pollutant is nearby",NA
"2408","5c719a9be4194c47a159bbbb",4,"Development","8d703246-39e0-4ff5-aef9-ec166f84d182","JG6 UX6",185,"2019-02-23 07:10:18","WindowsPlayer",NA,11,"TaskEvent",0,"0.11.141",43.1545906066895,13.7861671447754,-7.41999959945679,0.999194383621216,-0.0401314496994019,0,"History of WAT247,Find Toppo's Posters,Crash Diagnostics - Mountains,Checking the Armory","50,watershed;50,energy;49,poster1;49,poster5;49,poster6;46,jasper;80,Scan the Amory Floor","U4_Bunker,U4_Bunker_Quests","0.11.141","TaskCompleteEvent",0,"Identify pollutant",NA
"2409","5c719a9be4194c47a159bbbc",4,"Development","8d703246-39e0-4ff5-aef9-ec166f84d182","JG6 UX6",185,"2019-02-23 07:10:18","WindowsPlayer",NA,11,"TaskEvent",0,"0.11.141",43.1545906066895,13.7861671447754,-7.41999959945679,0.999194383621216,-0.0401314496994019,0,"History of WAT247,Find Toppo's Posters,Crash Diagnostics - Mountains,Checking the Armory","50,watershed;50,energy;49,poster1;49,poster5;49,poster6;46,jasper;80,Scan the Amory Floor;80,Scan the Armory Depth","U4_Bunker,U4_Bunker_Quests","0.11.141","TaskProgressEvent",0,"Identify pollutant",1
"2410","5c719ab4e4194c47a159bbd9",4,"Development","8d703246-39e0-4ff5-aef9-ec166f84d182","JG6 UX6",185,"2019-02-23 07:10:36","WindowsPlayer",NA,11,"TaskEvent",0,"0.11.141",25.7791614532471,15.5153131484985,-4.62601613998413,-0.999194443225861,-0.0401321649551392,0,"History of WAT247,Find Toppo's Posters,Crash Diagnostics - Mountains,Checking the Armory","50,watershed;50,energy;49,poster1;49,poster5;49,poster6;46,jasper;80,Scan the Armory Depth","U4_Bunker,U4_Bunker_Quests","0.11.141","TaskActiveEvent",0,"Talk with Sam",NA
"2411","5c719ab4e4194c47a159bbdb",4,"Development","8d703246-39e0-4ff5-aef9-ec166f84d182","JG6 UX6",185,"2019-02-23 07:10:36","WindowsPlayer",NA,11,"TaskEvent",0,"0.11.141",25.7791614532471,15.5153131484985,-4.62601613998413,-0.999194443225861,-0.0401321649551392,0,"History of WAT247,Find Toppo's Posters,Crash Diagnostics - Mountains,Checking the Living Quarters","50,watershed;50,energy;49,poster1;49,poster5;49,poster6;46,jasper;81,Scan the Living Quarters Ceiling","U4_Bunker,U4_Bunker_Quests","0.11.141","TaskActiveEvent",86,"Talk to Sam",NA
"2412","5c719ab4e4194c47a159bbe3",4,"Development","8d703246-39e0-4ff5-aef9-ec166f84d182","JG6 UX6",185,"2019-02-23 07:10:36","WindowsPlayer",NA,11,"TaskEvent",0,"0.11.141",25.7791614532471,15.5153131484985,-4.62601613998413,-0.999194443225861,-0.0401321649551392,0,"History of WAT247,Find Toppo's Posters,Crash Diagnostics - Mountains,Checking the Armory,Checking the Living Quarters","50,watershed;50,energy;49,poster1;49,poster5;49,poster6;46,jasper","U4_Bunker,U4_Bunker_Quests","0.11.141","TaskCompleteEvent",0,"Talk with Sam",NA
"2413","5c719ad7e4194c47a159bc34",4,"Development","8d703246-39e0-4ff5-aef9-ec166f84d182","JG6 UX6",185,"2019-02-23 07:11:15","WindowsPlayer",NA,11,"TaskEvent",0,"0.11.141",-17.3438987731934,24.409610748291,-13.0200004577637,0.342019826173782,0.939692735671997,0,"History of WAT247,Find Toppo's Posters,Crash Diagnostics - Mountains,Checking the Living Quarters","50,watershed;50,energy;49,poster1;49,poster5;49,poster6;46,jasper;81,Scan the Living Quarters Ceiling","U4_Bunker,U4_Bunker_Quests","0.11.141","TaskProgressEvent",0,"Talk with Sam",1
"2414","5c719ad7e4194c47a159bc35",4,"Development","8d703246-39e0-4ff5-aef9-ec166f84d182","JG6 UX6",185,"2019-02-23 07:11:15","WindowsPlayer",NA,11,"TaskEvent",0,"0.11.141",-17.3438987731934,24.409610748291,-13.0200004577637,0.342019826173782,0.939692735671997,0,"History of WAT247,Find Toppo's Posters,Crash Diagnostics - Mountains,Checking the Living Quarters","50,watershed;50,energy;49,poster1;49,poster5;49,poster6;46,jasper;81,Scan the Living Quarters Ceiling","U4_Bunker,U4_Bunker_Quests","0.11.141","TaskProgressEvent",86,"Talk to Sam",1
"2415","5c719ad7e4194c47a159bc36",4,"Development","8d703246-39e0-4ff5-aef9-ec166f84d182","JG6 UX6",185,"2019-02-23 07:11:15","WindowsPlayer",NA,11,"TaskEvent",0,"0.11.141",-17.3438987731934,24.409610748291,-13.0200004577637,0.342019826173782,0.939692735671997,0,"History of WAT247,Find Toppo's Posters,Crash Diagnostics - Mountains,Checking the Living Quarters","50,watershed;50,energy;49,poster1;49,poster5;49,poster6;46,jasper;81,Scan the Living Quarters Ceiling;81,Scan the Living Quarters Floor","U4_Bunker,U4_Bunker_Quests","0.11.141","TaskActiveEvent",86,"Examine a Garden",NA
"2416","5c719adce4194c47a159bc4a",4,"Development","8d703246-39e0-4ff5-aef9-ec166f84d182","JG6 UX6",185,"2019-02-23 07:11:22","WindowsPlayer",NA,11,"TaskEvent",0,"0.11.141",-20.0920658111572,21.7853355407715,-13.0199995040894,-0.709570527076721,-0.704634547233582,0,"History of WAT247,Find Toppo's Posters,Crash Diagnostics - Mountains,Checking the Living Quarters","50,watershed;50,energy;49,poster1;49,poster5;49,poster6;46,jasper;81,Scan the Living Quarters Floor","U4_Bunker,U4_Bunker_Quests","0.11.141","TaskCompleteEvent",86,"Talk to Sam",NA
"2417","5c719adde4194c47a159bc4d",4,"Development","8d703246-39e0-4ff5-aef9-ec166f84d182","JG6 UX6",185,"2019-02-23 07:11:22","WindowsPlayer",NA,11,"TaskEvent",0,"0.11.141",-20.0920658111572,21.7853355407715,-13.0199995040894,-0.709570527076721,-0.704634547233582,0,"History of WAT247,Find Toppo's Posters,Crash Diagnostics - Mountains,Checking the Living Quarters","50,watershed;50,energy;49,poster1;49,poster5;49,poster6;46,jasper;81,Scan the Living Quarters Floor","U4_Bunker,U4_Bunker_Quests","0.11.141","TaskProgressEvent",86,"Examine a Garden",1
"2418","5c719adde4194c47a159bc4e",4,"Development","8d703246-39e0-4ff5-aef9-ec166f84d182","JG6 UX6",185,"2019-02-23 07:11:22","WindowsPlayer",NA,11,"TaskEvent",0,"0.11.141",-20.0920658111572,21.7853355407715,-13.0199995040894,-0.709570527076721,-0.704634547233582,0,"History of WAT247,Find Toppo's Posters,Crash Diagnostics - Mountains,Checking the Living Quarters","50,watershed;50,energy;49,poster1;49,poster5;49,poster6;46,jasper;81,Scan the Living Quarters Floor;81,Scan the Living Quarters Depth","U4_Bunker,U4_Bunker_Quests","0.11.141","TaskActiveEvent",86,"Check out the Supertree",NA
"2419","5c719ae6e4194c47a159bc63",4,"Development","8d703246-39e0-4ff5-aef9-ec166f84d182","JG6 UX6",185,"2019-02-23 07:11:31","WindowsPlayer",NA,11,"TaskEvent",0,"0.11.141",-9.79641056060791,23.2470989227295,-13.0200004577637,0.985408008098602,0.170209407806396,0,"History of WAT247,Find Toppo's Posters,Crash Diagnostics - Mountains,Checking the Living Quarters","50,watershed;50,energy;49,poster1;49,poster5;49,poster6;46,jasper;81,Scan the Living Quarters Depth","U4_Bunker,U4_Bunker_Quests","0.11.141","TaskCompleteEvent",86,"Examine a Garden",NA
"2420","5c719ae6e4194c47a159bc64",4,"Development","8d703246-39e0-4ff5-aef9-ec166f84d182","JG6 UX6",185,"2019-02-23 07:11:31","WindowsPlayer",NA,11,"TaskEvent",0,"0.11.141",-9.79641056060791,23.2470989227295,-13.0200004577637,0.985408008098602,0.170209407806396,0,"History of WAT247,Find Toppo's Posters,Crash Diagnostics - Mountains,Checking the Living Quarters,Checking the Mess Hall","50,watershed;50,energy;49,poster1;49,poster5;49,poster6;46,jasper","U4_Bunker,U4_Bunker_Quests","0.11.141","TaskCompleteEvent",86,"Check out the Supertree",NA
"2421","5c719ae7e4194c47a159bc67",4,"Development","8d703246-39e0-4ff5-aef9-ec166f84d182","JG6 UX6",185,"2019-02-23 07:11:31","WindowsPlayer",NA,11,"TaskEvent",0,"0.11.141",-9.79641056060791,23.2470989227295,-13.0200004577637,0.985408008098602,0.170209407806396,0,"History of WAT247,Find Toppo's Posters,Crash Diagnostics - Mountains,Checking the Mess Hall","50,watershed;50,energy;49,poster1;49,poster5;49,poster6;46,jasper;82,Scan the Mess Hall Ceiling","U4_Bunker,U4_Bunker_Quests","0.11.141","TaskProgressEvent",86,"Check out the Supertree",1
"2422","5c719b0ee4194c47a159bcd6",4,"Development","8d703246-39e0-4ff5-aef9-ec166f84d182","JG6 UX6",185,"2019-02-23 07:12:09","WindowsPlayer",NA,11,"TaskEvent",0,"0.11.141",47.3622283935547,35.8751182556152,-18.6200008392334,0.999559998512268,-0.0296670198440552,0,"History of WAT247,Find Toppo's Posters,Crash Diagnostics - Mountains,Checking the Mess Hall","50,watershed;50,energy;49,poster1;49,poster5;49,poster6;46,jasper;82,Scan the Mess Hall Ceiling","U4_Bunker,U4_Bunker_Quests","0.11.141","TaskActiveEvent",87,"Gain Acces to the Ruins",NA
"2423","5c719b0ee4194c47a159bcd7",4,"Development","8d703246-39e0-4ff5-aef9-ec166f84d182","JG6 UX6",185,"2019-02-23 07:12:09","WindowsPlayer",NA,11,"TaskEvent",0,"0.11.141",47.3622283935547,35.8751182556152,-18.6200008392334,0.999559998512268,-0.0296670198440552,0,"History of WAT247,Find Toppo's Posters,Crash Diagnostics - Mountains,Checking the Mess Hall","50,watershed;50,energy;49,poster1;49,poster5;49,poster6;46,jasper;82,Scan the Mess Hall Ceiling","U4_Bunker,U4_Bunker_Quests","0.11.141","TaskProgressEvent",87,"Gain Acces to the Ruins",1
"2424","5c719b0fe4194c47a159bcdf",4,"Development","8d703246-39e0-4ff5-aef9-ec166f84d182","JG6 UX6",185,"2019-02-23 07:12:09","WindowsPlayer",NA,11,"TaskEvent",0,"0.11.141",47.3622283935547,35.8751182556152,-18.6200008392334,0.999559998512268,-0.0296670198440552,0,"History of WAT247,Find Toppo's Posters,Crash Diagnostics - Mountains,Checking the Mess Hall","50,watershed;50,energy;49,poster1;49,poster5;49,poster6;46,jasper;82,Scan the Mess Hall Ceiling;82,Scan the Mess Hall Floor","U4_Bunker,U4_Bunker_Quests","0.11.141","TaskProgressEvent",87,"Pickup the Key",1
"2425","5c719b18e4194c47a159bce9",4,"Development","8d703246-39e0-4ff5-aef9-ec166f84d182","JG6 UX6",185,"2019-02-23 07:12:17","WindowsPlayer",NA,11,"TaskEvent",0,"0.11.141",45.9842109680176,32.5505790710449,-18.6199989318848,-0.351842075586319,-0.936059355735779,0,"History of WAT247,Find Toppo's Posters,Crash Diagnostics - Mountains,Checking the Mess Hall","50,watershed;50,energy;49,poster1;49,poster5;49,poster6;46,jasper;82,Scan the Mess Hall Floor","U4_Bunker,U4_Bunker_Quests","0.11.141","TaskActiveEvent",87,"Pickup the Key",NA
"2426","5c719b18e4194c47a159bcef",4,"Development","8d703246-39e0-4ff5-aef9-ec166f84d182","JG6 UX6",185,"2019-02-23 07:12:17","WindowsPlayer",NA,11,"TaskEvent",0,"0.11.141",45.9842109680176,32.5505790710449,-18.6199989318848,-0.351842075586319,-0.936059355735779,0,"History of WAT247,Find Toppo's Posters,Crash Diagnostics - Mountains,Checking the Mess Hall","50,watershed;50,energy;49,poster1;49,poster5;49,poster6;46,jasper;82,Scan the Mess Hall Floor;82,Scan the Mess Hall Depth","U4_Bunker,U4_Bunker_Quests","0.11.141","TaskCompleteEvent",87,"Gain Acces to the Ruins",NA
"2427","5c719b19e4194c47a159bcf4",4,"Development","8d703246-39e0-4ff5-aef9-ec166f84d182","JG6 UX6",185,"2019-02-23 07:12:17","WindowsPlayer",NA,11,"TaskEvent",0,"0.11.141",45.9842109680176,32.5505790710449,-18.6199989318848,-0.351842075586319,-0.936059355735779,0,"History of WAT247,Find Toppo's Posters,Crash Diagnostics - Mountains,Checking the Mess Hall","50,watershed;50,energy;49,poster1;49,poster5;49,poster6;46,jasper;82,Scan the Mess Hall Floor","U4_Bunker,U4_Bunker_Quests","0.11.141","TaskActiveEvent",87,"Unlock the door",NA
"2428","5c719b1de4194c47a159bcff",4,"Development","8d703246-39e0-4ff5-aef9-ec166f84d182","JG6 UX6",185,"2019-02-23 07:12:26","WindowsPlayer",NA,11,"TaskEvent",0,"0.11.141",37.2484931945801,38.1090087890625,-18.6200008392334,-0.85895973443985,0.512043118476868,0,"History of WAT247,Find Toppo's Posters,Crash Diagnostics - Mountains,Checking the Mess Hall","50,watershed;50,energy;49,poster1;49,poster5;49,poster6;46,jasper;82,Scan the Mess Hall Depth","U4_Bunker,U4_Bunker_Quests","0.11.141","TaskCompleteEvent",87,"Pickup the Key",NA
"2429","5c719b1de4194c47a159bd06",4,"Development","8d703246-39e0-4ff5-aef9-ec166f84d182","JG6 UX6",185,"2019-02-23 07:12:26","WindowsPlayer",NA,11,"TaskEvent",0,"0.11.141",37.2484931945801,38.1090087890625,-18.6200008392334,-0.85895973443985,0.512043118476868,0,"History of WAT247,Find Toppo's Posters,Crash Diagnostics - Mountains,Checking the Warehouse","50,watershed;50,energy;49,poster1;49,poster5;49,poster6;46,jasper;83,Scan the Warehouse Ceiling","U4_Bunker,U4_Bunker_Quests","0.11.141","TaskProgressEvent",87,"Unlock the door",1
"2430","5c719b1de4194c47a159bd08",4,"Development","8d703246-39e0-4ff5-aef9-ec166f84d182","JG6 UX6",185,"2019-02-23 07:12:26","WindowsPlayer",NA,11,"TaskEvent",0,"0.11.141",37.2484931945801,38.1090087890625,-18.6200008392334,-0.85895973443985,0.512043118476868,0,"History of WAT247,Find Toppo's Posters,Crash Diagnostics - Mountains,Checking the Mess Hall,Checking the Warehouse","50,watershed;50,energy;49,poster1;49,poster5;49,poster6;46,jasper","U4_Bunker,U4_Bunker_Quests","0.11.141","TaskActiveEvent",87,"Enter the ruins",NA
"2431","5c719b63e4194c47a159bd64",4,"Development","8d703246-39e0-4ff5-aef9-ec166f84d182","JG6 UX6",185,"2019-02-23 07:13:31","WindowsPlayer",NA,11,"TaskEvent",0,"0.11.141",13.476016998291,41.5832290649414,-17.1108646392822,-0.987688481807709,0.156434655189514,0,"History of WAT247,Find Toppo's Posters,Crash Diagnostics - Mountains,Checking the Warehouse","50,watershed;50,energy;49,poster1;49,poster5;49,poster6;46,jasper;83,Scan the Warehouse Ceiling","U4_Bunker,U4_Bunker_Quests","0.11.141","TaskCompleteEvent",87,"Unlock the door",NA
"2432","5c719b63e4194c47a159bd65",4,"Development","8d703246-39e0-4ff5-aef9-ec166f84d182","JG6 UX6",185,"2019-02-23 07:13:31","WindowsPlayer",NA,11,"TaskEvent",0,"0.11.141",13.476016998291,41.5832290649414,-17.1108646392822,-0.987688481807709,0.156434655189514,0,"History of WAT247,Find Toppo's Posters,Crash Diagnostics - Mountains,Checking the Warehouse","50,watershed;50,energy;49,poster1;49,poster5;49,poster6;46,jasper;83,Scan the Warehouse Ceiling","U4_Bunker,U4_Bunker_Quests","0.11.141","TaskActiveEvent",75,"Pump1",NA
"2433","5c719b64e4194c47a159bd6a",4,"Development","8d703246-39e0-4ff5-aef9-ec166f84d182","JG6 UX6",185,"2019-02-23 07:13:31","WindowsPlayer",NA,11,"TaskEvent",0,"0.11.141",13.476016998291,41.5832290649414,-17.1108646392822,-0.987688481807709,0.156434655189514,0,"History of WAT247,Find Toppo's Posters,Crash Diagnostics - Mountains,Checking the Warehouse","50,watershed;50,energy;49,poster1;49,poster5;49,poster6;46,jasper;83,Scan the Warehouse Ceiling;83,Scan the Warehouse Floor","U4_Bunker,U4_Bunker_Quests","0.11.141","TaskCompleteEvent",87,"Enter the ruins",NA
"2434","5c719b6ee4194c47a159bd78",4,"Development","8d703246-39e0-4ff5-aef9-ec166f84d182","JG6 UX6",185,"2019-02-23 07:13:45","WindowsPlayer",NA,11,"TaskEvent",0,"0.11.141",-15.5094842910767,52.5542030334473,-24.0799999237061,-0.813100636005402,0.582123160362244,0,"History of WAT247,Find Toppo's Posters,Crash Diagnostics - Mountains,Checking the Warehouse","50,watershed;50,energy;49,poster1;49,poster5;49,poster6;46,jasper;83,Scan the Warehouse Floor","U4_Bunker,U4_Bunker_Quests","0.11.141","TaskProgressEvent",87,"Enter the ruins",1
"2435","5c719b6ee4194c47a159bd79",4,"Development","8d703246-39e0-4ff5-aef9-ec166f84d182","JG6 UX6",185,"2019-02-23 07:13:45","WindowsPlayer",NA,11,"TaskEvent",0,"0.11.141",-15.5094842910767,52.5542030334473,-24.0799999237061,-0.813100636005402,0.582123160362244,0,"History of WAT247,Find Toppo's Posters,Crash Diagnostics - Mountains,Checking the Warehouse","50,watershed;50,energy;49,poster1;49,poster5;49,poster6;46,jasper;83,Scan the Warehouse Floor","U4_Bunker,U4_Bunker_Quests","0.11.141","TaskProgressEvent",75,"Pump1",1
"2436","5c719b6ee4194c47a159bd7a",4,"Development","8d703246-39e0-4ff5-aef9-ec166f84d182","JG6 UX6",185,"2019-02-23 07:13:45","WindowsPlayer",NA,11,"TaskEvent",0,"0.11.141",-15.5094842910767,52.5542030334473,-24.0799999237061,-0.813100636005402,0.582123160362244,0,"History of WAT247,Find Toppo's Posters,Crash Diagnostics - Mountains,Checking the Warehouse","50,watershed;50,energy;49,poster1;49,poster5;49,poster6;46,jasper;83,Scan the Warehouse Floor;83,Scan the Warehouse Depth","U4_Bunker,U4_Bunker_Quests","0.11.141","TaskActiveEvent",75,"Pump2",NA
"2437","5c719b77e4194c47a159bd8e",4,"Development","8d703246-39e0-4ff5-aef9-ec166f84d182","JG6 UX6",185,"2019-02-23 07:13:55","WindowsPlayer",NA,11,"TaskEvent",0,"0.11.141",-9.24190616607666,46.2676124572754,-24.0799999237061,0.785856664180756,-0.618409037590027,0,"History of WAT247,Find Toppo's Posters,Crash Diagnostics - Mountains,Checking the Warehouse,Argue about the Flooded Bunker","50,watershed;50,energy;49,poster1;49,poster5;49,poster6;46,jasper","U4_Bunker,U4_Bunker_Quests","0.11.141","TaskCompleteEvent",75,"Pump1",NA
"2438","5c719b77e4194c47a159bd90",4,"Development","8d703246-39e0-4ff5-aef9-ec166f84d182","JG6 UX6",185,"2019-02-23 07:13:55","WindowsPlayer",NA,11,"TaskEvent",0,"0.11.141",-9.24190616607666,46.2676124572754,-24.0799999237061,0.785856664180756,-0.618409037590027,0,"History of WAT247,Find Toppo's Posters,Crash Diagnostics - Mountains,Argue about the Flooded Bunker","50,watershed;50,energy;49,poster1;49,poster5;49,poster6;46,jasper;12,Who Flooded the Armory?","U4_Bunker,U4_Bunker_Quests","0.11.141","TaskProgressEvent",75,"Pump2",1
"2439","5c719b78e4194c47a159bd96",4,"Development","8d703246-39e0-4ff5-aef9-ec166f84d182","JG6 UX6",185,"2019-02-23 07:13:55","WindowsPlayer",NA,11,"TaskEvent",0,"0.11.141",-9.24190616607666,46.2676124572754,-24.0799999237061,0.785856664180756,-0.618409037590027,0,"History of WAT247,Find Toppo's Posters,Crash Diagnostics - Mountains,Checking the Warehouse","50,watershed;50,energy;49,poster1;49,poster5;49,poster6;46,jasper;83,Scan the Warehouse Depth","U4_Bunker,U4_Bunker_Quests","0.11.141","TaskActiveEvent",75,"Pump3",NA
"2440","5c719c2ce4194c47a159be9f",4,"Development","8d703246-39e0-4ff5-aef9-ec166f84d182","JG6 UX6",185,"2019-02-23 07:16:42","WindowsPlayer",NA,11,"TaskEvent",0,"0.11.141",-9.24190616607666,46.2676124572754,-24.0799999237061,-0.733729362487793,0.679441928863525,0,"History of WAT247,Find Toppo's Posters,Crash Diagnostics - Mountains,Argue about the Flooded Bunker","50,watershed;50,energy;49,poster1;49,poster5;49,poster6;46,jasper;12,Who Flooded the Armory?","U4_Bunker,U4_Bunker_Quests","0.11.141","TaskCompleteEvent",75,"Pump2",NA
"2441","5c719c2ce4194c47a159bea1",4,"Development","8d703246-39e0-4ff5-aef9-ec166f84d182","JG6 UX6",185,"2019-02-23 07:16:42","WindowsPlayer",NA,11,"TaskEvent",0,"0.11.141",-9.24190616607666,46.2676124572754,-24.0799999237061,-0.733729362487793,0.679441928863525,0,"History of WAT247,Find Toppo's Posters,Crash Diagnostics - Mountains,Argue about the Flooded Bunker","50,watershed;50,energy;49,poster1;49,poster5;49,poster6;46,jasper;12,Who Flooded the Armory?","U4_Bunker,U4_Bunker_Quests","0.11.141","TaskCompleteEvent",75,"Pump3",NA
"2442","5c719c2ce4194c47a159bea2",4,"Development","8d703246-39e0-4ff5-aef9-ec166f84d182","JG6 UX6",185,"2019-02-23 07:16:42","WindowsPlayer",NA,11,"TaskEvent",0,"0.11.141",-9.24190616607666,46.2676124572754,-24.0799999237061,-0.733729362487793,0.679441928863525,0,"History of WAT247,Find Toppo's Posters,Crash Diagnostics - Mountains,Argue about the Flooded Bunker","50,watershed;50,energy;49,poster1;49,poster5;49,poster6;46,jasper;12,Who Flooded the Armory?;12,Who Flooded the Warehouse?","U4_Bunker,U4_Bunker_Quests","0.11.141","TaskProgressEvent",75,"Pump3",1
"2443","5c719ce0e4194c47a159bf83",4,"Development","8d703246-39e0-4ff5-aef9-ec166f84d182","JG6 UX6",185,"2019-02-23 07:19:49","WindowsPlayer",NA,11,"TaskEvent",0,"0.11.141",-11.1224679946899,42.3245620727539,-24.0799999237061,-0.236839041113853,-0.971549153327942,0,"History of WAT247,Find Toppo's Posters,Crash Diagnostics - Mountains,Fix the Leak","50,watershed;50,energy;49,poster1;49,poster5;49,poster6;46,jasper;13,deactivate","U4_Bunker,U4_Bunker_Quests","0.11.141","TaskActiveEvent",75,"Pump4",NA
"2444","5c719ce0e4194c47a159bf86",4,"Development","8d703246-39e0-4ff5-aef9-ec166f84d182","JG6 UX6",185,"2019-02-23 07:19:49","WindowsPlayer",NA,11,"TaskEvent",0,"0.11.141",-11.1224679946899,42.3245620727539,-24.0799999237061,-0.236839041113853,-0.971549153327942,0,"History of WAT247,Find Toppo's Posters,Crash Diagnostics - Mountains,Argue about the Flooded Bunker,Fix the Leak","50,watershed;50,energy;49,poster1;49,poster5;49,poster6;46,jasper","U4_Bunker,U4_Bunker_Quests","0.11.141","TaskActiveEvent",75,"BackToGardens",NA
"2445","5c719ce0e4194c47a159bf88",4,"Development","8d703246-39e0-4ff5-aef9-ec166f84d182","JG6 UX6",185,"2019-02-23 07:19:49","WindowsPlayer",NA,11,"TaskEvent",0,"0.11.141",-11.1224679946899,42.3245620727539,-24.0799999237061,-0.236839041113853,-0.971549153327942,0,"History of WAT247,Find Toppo's Posters,Crash Diagnostics - Mountains,Argue about the Flooded Bunker","50,watershed;50,energy;49,poster1;49,poster5;49,poster6;46,jasper;12,Who Flooded the Warehouse?","U4_Bunker,U4_Bunker_Quests","0.11.141","TaskProgressEvent",75,"Pump4",1
"2446","5c719d1ae4194c47a159bfd6",4,"Development","8d703246-39e0-4ff5-aef9-ec166f84d182","JG6 UX6",185,"2019-02-23 07:20:51","WindowsPlayer",NA,11,"TaskEvent",0,"0.11.141",-556.730895996094,-27.1892070770264,27.8242034912109,0.858959794044495,-0.512043476104736,0,"History of WAT247,Find Toppo's Posters,Crash Diagnostics - Mountains,Fix the Leak","50,watershed;50,energy;49,poster1;49,poster5;49,poster6;46,jasper;13,deactivate","U4,U4_Collectibles,U4_Quests,U4_MilitaryBase","0.11.141","TaskCompleteEvent",75,"Pump4",NA
"2447","5c719d1ae4194c47a159bfd7",4,"Development","8d703246-39e0-4ff5-aef9-ec166f84d182","JG6 UX6",185,"2019-02-23 07:20:51","WindowsPlayer",NA,11,"TaskEvent",0,"0.11.141",-556.730895996094,-27.1892070770264,27.8242034912109,0.858959794044495,-0.512043476104736,0,"History of WAT247,Find Toppo's Posters,Crash Diagnostics - Mountains,Fix the Leak","50,watershed;50,energy;49,poster1;49,poster5;49,poster6;46,jasper;13,deactivate","U4,U4_Collectibles,U4_Quests,U4_MilitaryBase","0.11.141","TaskActiveEvent",25,"Install Pumps",NA
"2448","5c719d1ae4194c47a159bfd8",4,"Development","8d703246-39e0-4ff5-aef9-ec166f84d182","JG6 UX6",185,"2019-02-23 07:20:51","WindowsPlayer",NA,11,"TaskEvent",0,"0.11.141",-556.730895996094,-27.1892070770264,27.8242034912109,0.858959794044495,-0.512043476104736,0,"History of WAT247,Find Toppo's Posters,Crash Diagnostics - Mountains,Fix the Leak","50,watershed;50,energy;49,poster1;49,poster5;49,poster6;46,jasper;13,deactivate;13,report","U4,U4_Collectibles,U4_Quests,U4_MilitaryBase","0.11.141","TaskCompleteEvent",75,"BackToGardens",NA
"2449","5ce16fb8e4194c2f5ffaa43a",4,"Development","e0e8ba1d-a1a8-492c-a490-549b4a24c221","JG6 UX6",185,"2019-05-19 05:01:02","WindowsPlayer",NA,11,"TaskEvent",0,"0.11.235",66.7399978637695,-2.96000003814697,0.792359113693237,-1,5.96046447753906e-08,0,"U1 - Welcome to WAT247",NA,"U1,U1_Quest","0.11.235","TaskProgressEvent",75,"BackToGardens",1
"2450","5ce16feae4194c2f5ffaa4b7",4,"Development","e0e8ba1d-a1a8-492c-a490-549b4a24c221","JG6 UX6",185,"2019-05-19 05:02:00","WindowsPlayer",NA,11,"TaskEvent",0,"0.11.235",0.240755334496498,-54.4994316101074,0.984734416007996,0.0209425128996372,-0.999780654907227,0,"U1 - Welcome to WAT247","74,arfRoom","U1,U1_Quest","0.11.235","TaskProgressEvent",50,"dissolved materials",1
"2451","5ce16feae4194c2f5ffaa4b9",4,"Development","e0e8ba1d-a1a8-492c-a490-549b4a24c221","JG6 UX6",185,"2019-05-19 05:02:00","WindowsPlayer",NA,11,"TaskEvent",0,"0.11.235",0.240755334496498,-54.4994316101074,0.984734416007996,0.0209425128996372,-0.999780654907227,0,"U1 - Welcome to WAT247,U1 - An Amazing AI",NA,"U1,U1_Quest","0.11.235","TaskCompleteEvent",50,"dissolved materials",NA
"2452","5ce16feae4194c2f5ffaa4ba",4,"Development","e0e8ba1d-a1a8-492c-a490-549b4a24c221","JG6 UX6",185,"2019-05-19 05:02:00","WindowsPlayer",NA,11,"TaskEvent",0,"0.11.235",0.240755334496498,-54.4994316101074,0.984734416007996,0.0209425128996372,-0.999780654907227,0,"U1 - An Amazing AI","77,collectARF","U1,U1_Quest","0.11.235","TaskProgressEvent",25,"Install Pumps",1
"2453","5ce16ffae4194c2f5ffaa514",4,"Development","e0e8ba1d-a1a8-492c-a490-549b4a24c221","JG6 UX6",185,"2019-05-19 05:01:43","WindowsPlayer",NA,11,"TaskEvent",0,"0.11.235",66.7399978637695,-2.96000003814697,0.792359113693237,0.956304907798767,0.292371332645416,0,"U1 - Welcome to WAT247","74,wakeup;74,arfRoom","U1,U1_Quest","0.11.235","TaskProgressEvent",25,"Install Pumps",2
"2454","5ce16ffae4194c2f5ffaa52e",4,"Development","e0e8ba1d-a1a8-492c-a490-549b4a24c221","JG6 UX6",185,"2019-05-19 05:01:43","WindowsPlayer",NA,11,"TaskEvent",0,"0.11.235",66.7399978637695,-2.96000003814697,0.792359113693237,0.956304907798767,0.292371332645416,0,"U1 - Welcome to WAT247","74,wakeup","U1,U1_Quest","0.11.235","TaskProgressEvent",25,"Install Pumps",3
"2455","5ce16ffae4194c2f5ffaa52f",4,"Development","e0e8ba1d-a1a8-492c-a490-549b4a24c221","JG6 UX6",185,"2019-05-19 05:01:43","WindowsPlayer",NA,11,"TaskEvent",0,"0.11.235",66.7399978637695,-2.96000003814697,0.792359113693237,0.956304907798767,0.292371332645416,0,"U1 - Welcome to WAT247","74,wakeup","U1,U1_Quest","0.11.235","TaskActiveEvent",56,"Head to bed",NA
"2456","5ce170cae4194c2f5ffaa5ba",4,"Development","e0e8ba1d-a1a8-492c-a490-549b4a24c221","JG6 UX6",185,"2019-05-19 05:05:33","WindowsPlayer",NA,11,"TaskEvent",0,"0.11.235",5.86011791229248,-7.091233253479,0.982120335102081,0.924087703227997,0.382180511951447,0,"Third Night at Base,History of WAT247,Find Toppo's Posters,Crash Diagnostics - Mountains,U3 - Crash Side Quest P3","61,Head to Bed;50,watershed;50,energy;49,poster1;49,poster5;49,poster6;46,jasper;40,Find the supplies crate","PB_PlayerRoom","0.11.235","TaskCompleteEvent",25,"Install Pumps",NA
"2457","5ce170cae4194c2f5ffaa5bc",4,"Development","e0e8ba1d-a1a8-492c-a490-549b4a24c221","JG6 UX6",185,"2019-05-19 05:05:33","WindowsPlayer",NA,11,"TaskEvent",0,"0.11.235",5.86011791229248,-7.091233253479,0.982120335102081,0.924087703227997,0.382180511951447,0,"History of WAT247,Find Toppo's Posters,Crash Diagnostics - Mountains,U3 - Crash Side Quest P3","50,watershed;50,energy;49,poster1;49,poster5;49,poster6;46,jasper;40,Find the supplies crate","PB_PlayerRoom","0.11.235","TaskProgressEvent",25,"Install Pumps",4
"2458","5ce170cae4194c2f5ffaa5be",4,"Development","e0e8ba1d-a1a8-492c-a490-549b4a24c221","JG6 UX6",185,"2019-05-19 05:05:35","WindowsPlayer",NA,11,"TaskEvent",0,"0.11.235",5.86011791229248,-7.091233253479,0.982120335102081,0.924087703227997,0.382180511951447,0,"History of WAT247,Find Toppo's Posters,Crash Diagnostics - Mountains,U3 - Crash Side Quest P3,U5 - Waking up on WAT247","50,watershed;50,energy;49,poster1;49,poster5;49,poster6;46,jasper;40,Find the supplies crate","PB_PlayerRoom","0.11.235","TaskActiveEvent",59,"Get Ready",NA
"2459","5ce17109e4194c2f5ffaa600",4,"Development","e0e8ba1d-a1a8-492c-a490-549b4a24c221","JG6 UX6",185,"2019-05-19 05:06:46","WindowsPlayer",NA,11,"TaskEvent",0,"0.11.235",-217.399993896484,195.199996948242,50.8499984741211,0,1,0,"History of WAT247,Find Toppo's Posters,Crash Diagnostics - Mountains,U3 - Crash Side Quest P3,U5 - Waking up on WAT247,LargeMart Island","50,watershed;50,energy;49,poster1;49,poster5;49,poster6;46,jasper;40,Find the supplies crate","U5,U5_Quests","0.11.235","TaskCompleteEvent",56,"Head to bed",NA
"2460","5ce17109e4194c2f5ffaa607",4,"Development","e0e8ba1d-a1a8-492c-a490-549b4a24c221","JG6 UX6",185,"2019-05-19 05:06:46","WindowsPlayer",NA,11,"TaskEvent",0,"0.11.235",-217.399993896484,195.199996948242,50.8499984741211,0,1,0,"History of WAT247,Find Toppo's Posters,Crash Diagnostics - Mountains,U3 - Crash Side Quest P3,U5 - Waking up on WAT247","50,watershed;50,energy;49,poster1;49,poster5;49,poster6;46,jasper;40,Find the supplies crate;85,teleport island","U5,U5_Quests","0.11.235","TaskProgressEvent",56,"Head to bed",1
"2461","5ce17113e4194c2f5ffaa620",4,"Development","e0e8ba1d-a1a8-492c-a490-549b4a24c221","JG6 UX6",185,"2019-05-19 05:06:58","WindowsPlayer",NA,11,"TaskEvent",0,"0.11.235",-212.064575195312,192.836517333984,51.8253860473633,0.463295817375183,-0.886203408241272,0,"History of WAT247,Find Toppo's Posters,Crash Diagnostics - Mountains,U3 - Crash Side Quest P3,LargeMart Island","50,watershed;50,energy;49,poster1;49,poster5;49,poster6;46,jasper;40,Find the supplies crate;29,meet;29,talk","U5,U5_Quests","0.11.235","TaskProgressEvent",59,"Get Ready",1
"2462","5ce17113e4194c2f5ffaa621",4,"Development","e0e8ba1d-a1a8-492c-a490-549b4a24c221","JG6 UX6",185,"2019-05-19 05:06:58","WindowsPlayer",NA,11,"TaskEvent",0,"0.11.235",-212.064575195312,192.836517333984,51.8253860473633,0.463295817375183,-0.886203408241272,0,"History of WAT247,Find Toppo's Posters,Crash Diagnostics - Mountains,U3 - Crash Side Quest P3,LargeMart Island","50,watershed;50,energy;49,poster1;49,poster5;49,poster6;46,jasper;40,Find the supplies crate;29,meet","U5,U5_Quests","0.11.235","TaskActiveEvent",59,"Head to the Desert",NA
"2463","5ce17113e4194c2f5ffaa622",4,"Development","e0e8ba1d-a1a8-492c-a490-549b4a24c221","JG6 UX6",185,"2019-05-19 05:06:58","WindowsPlayer",NA,11,"TaskEvent",0,"0.11.235",-212.064575195312,192.836517333984,51.8253860473633,0.463295817375183,-0.886203408241272,0,"History of WAT247,Find Toppo's Posters,Crash Diagnostics - Mountains,U3 - Crash Side Quest P3,LargeMart Island","50,watershed;50,energy;49,poster1;49,poster5;49,poster6;46,jasper;40,Find the supplies crate;29,meet","U5,U5_Quests","0.11.235","TaskCompleteEvent",59,"Get Ready",NA
"2464","5ce1711de4194c2f5ffaa628",4,"Development","e0e8ba1d-a1a8-492c-a490-549b4a24c221","JG6 UX6",185,"2019-05-19 05:07:07","WindowsPlayer",NA,11,"TaskEvent",0,"0.11.235",-211.804489135742,170.705780029297,54.5241355895996,-0.302370250225067,-0.953190922737122,0,"History of WAT247,Find Toppo's Posters,Crash Diagnostics - Mountains,U3 - Crash Side Quest P3,LargeMart Island","50,watershed;50,energy;49,poster1;49,poster5;49,poster6;46,jasper;40,Find the supplies crate;29,talk","U5,U5_Quests","0.11.235","TaskCompleteEvent",59,"Head to the Desert",NA
"2465","5ce1711de4194c2f5ffaa632",4,"Development","e0e8ba1d-a1a8-492c-a490-549b4a24c221","JG6 UX6",185,"2019-05-19 05:07:07","WindowsPlayer",NA,11,"TaskEvent",0,"0.11.235",-211.804489135742,170.705780029297,54.5241355895996,-0.302370250225067,-0.953190922737122,0,"History of WAT247,Find Toppo's Posters,Crash Diagnostics - Mountains,U3 - Crash Side Quest P3,LargeMart Island","50,watershed;50,energy;49,poster1;49,poster5;49,poster6;46,jasper;40,Find the supplies crate;29,talk","U5,U5_Quests","0.11.235","TaskProgressEvent",59,"Head to the Desert",1
"2466","5ce17186e4194c2f5ffaa729",4,"Development","e0e8ba1d-a1a8-492c-a490-549b4a24c221","JG6 UX6",185,"2019-05-19 05:08:40","WindowsPlayer",NA,11,"TaskEvent",0,"0.11.235",-211.70182800293,11.8780965805054,69.7545547485352,-0.903335332870483,0.428934991359711,0,"History of WAT247,Find Toppo's Posters,Crash Diagnostics - Mountains,U3 - Crash Side Quest P3,LargeMart Island","50,watershed;50,energy;49,poster1;49,poster6;46,jasper;40,Find the supplies crate;29,talk","U5,U5_Quests","0.11.235","TaskActiveEvent",59,"Talk To Anderson",NA
"2467","5ce17186e4194c2f5ffaa72a",4,"Development","e0e8ba1d-a1a8-492c-a490-549b4a24c221","JG6 UX6",185,"2019-05-19 05:08:40","WindowsPlayer",NA,11,"TaskEvent",0,"0.11.235",-211.70182800293,11.8780965805054,69.7545547485352,-0.903335332870483,0.428934991359711,0,"History of WAT247,Find Toppo's Posters,Crash Diagnostics - Mountains,U3 - Crash Side Quest P3,LargeMart Island","50,watershed;50,energy;49,poster1;49,poster6;46,jasper;40,Find the supplies crate;29,talk","U5,U5_Quests","0.11.235","TaskCompleteEvent",59,"Talk To Anderson",NA
"2468","5ce17186e4194c2f5ffaa72b",4,"Development","e0e8ba1d-a1a8-492c-a490-549b4a24c221","JG6 UX6",185,"2019-05-19 05:08:40","WindowsPlayer",NA,11,"TaskEvent",0,"0.11.235",-211.70182800293,11.8780965805054,69.7545547485352,-0.903335332870483,0.428934991359711,0,"History of WAT247,Find Toppo's Posters,Crash Diagnostics - Mountains,U3 - Crash Side Quest P3,LargeMart Island","50,watershed;50,energy;49,poster1;49,poster6;46,jasper;40,Find the supplies crate;29,talk;29,unlock","U5,U5_Quests","0.11.235","TaskProgressEvent",59,"Talk To Anderson",1
"2469","5ce171d1e4194c2f5ffaa7a5",4,"Development","e0e8ba1d-a1a8-492c-a490-549b4a24c221","JG6 UX6",185,"2019-05-19 05:10:00","WindowsPlayer",NA,11,"TaskEvent",0,"0.11.235",-702.597106933594,30.0996761322021,-106.191177368164,0.95577472448349,-0.294100046157837,0,"History of WAT247,Find Toppo's Posters,Crash Diagnostics - Mountains,U3 - Crash Side Quest P3,LargeMart Island,Explore the Alien Seaside Facility","50,watershed;50,energy;49,poster1;49,poster6;46,jasper;40,Find the supplies crate","U5_Cavern,U5_Cavern_Quests","0.11.235","TaskActiveEvent",2,"Find the Ruins",NA
"2470","5ce171d1e4194c2f5ffaa7ae",4,"Development","e0e8ba1d-a1a8-492c-a490-549b4a24c221","JG6 UX6",185,"2019-05-19 05:10:00","WindowsPlayer",NA,11,"TaskEvent",0,"0.11.235",-702.597106933594,30.0996761322021,-106.191177368164,0.95577472448349,-0.294100046157837,0,"History of WAT247,Find Toppo's Posters,Crash Diagnostics - Mountains,U3 - Crash Side Quest P3,LargeMart Island","50,watershed;50,energy;49,poster1;49,poster6;46,jasper;40,Find the supplies crate;29,unlock","U5_Cavern,U5_Cavern_Quests","0.11.235","TaskProgressEvent",49,"poster4",1
"2471","5ce171d1e4194c2f5ffaa7b1",4,"Development","e0e8ba1d-a1a8-492c-a490-549b4a24c221","JG6 UX6",185,"2019-05-19 05:10:00","WindowsPlayer",NA,11,"TaskEvent",0,"0.11.235",-702.597106933594,30.0996761322021,-106.191177368164,0.95577472448349,-0.294100046157837,0,"History of WAT247,Find Toppo's Posters,Crash Diagnostics - Mountains,U3 - Crash Side Quest P3,Explore the Alien Seaside Facility","50,watershed;50,energy;49,poster1;49,poster6;46,jasper;40,Find the supplies crate;36,Reach Seaside","U5_Cavern,U5_Cavern_Quests","0.11.235","TaskCompleteEvent",49,"poster4",NA
"2472","5ce171e0e4194c2f5ffaa7b7",4,"Development","e0e8ba1d-a1a8-492c-a490-549b4a24c221","JG6 UX6",185,"2019-05-19 05:10:10","WindowsPlayer",NA,11,"TaskEvent",0,"0.11.235",-712.640502929688,7.58655881881714,-106.184310913086,0.548970639705658,-0.83584189414978,0,"History of WAT247,Find Toppo's Posters,Crash Diagnostics - Mountains,U3 - Crash Side Quest P3,Explore the Alien Seaside Facility","50,watershed;50,energy;49,poster1;49,poster6;46,jasper;40,Find the supplies crate;36,Reach Seaside","U5_Cavern,U5_Cavern_Quests","0.11.235","TaskActiveEvent",2,"Unlock the Door",NA
"2473","5ce171e0e4194c2f5ffaa7c0",4,"Development","e0e8ba1d-a1a8-492c-a490-549b4a24c221","JG6 UX6",185,"2019-05-19 05:10:10","WindowsPlayer",NA,11,"TaskEvent",0,"0.11.235",-712.640502929688,7.58655881881714,-106.184310913086,0.548970639705658,-0.83584189414978,0,"History of WAT247,Find Toppo's Posters,Crash Diagnostics - Mountains,U3 - Crash Side Quest P3,Explore the Alien Seaside Facility","50,watershed;50,energy;49,poster1;49,poster6;46,jasper;40,Find the supplies crate;36,Reach Seaside","U5_Cavern,U5_Cavern_Quests","0.11.235","TaskCompleteEvent",2,"Find the Ruins",NA
"2474","5ce1725de4194c2f5ffaa8b9",4,"Development","e0e8ba1d-a1a8-492c-a490-549b4a24c221","JG6 UX6",185,"2019-05-19 05:12:27","WindowsPlayer",NA,11,"TaskEvent",0,"0.11.235",318.505889892578,-8.98010635375977,3.97999978065491,0.998970568180084,0.0453624129295349,0,"History of WAT247,Find Toppo's Posters,Crash Diagnostics - Mountains,U3 - Crash Side Quest P3,Explore the Alien Seaside Facility","50,watershed;49,poster1;49,poster6;46,jasper;40,Find the supplies crate;36,Reach Seaside","U5_Dungeon","0.11.235","TaskProgressEvent",2,"Find the Ruins",1
"2475","5ce1725de4194c2f5ffaa8ba",4,"Development","e0e8ba1d-a1a8-492c-a490-549b4a24c221","JG6 UX6",185,"2019-05-19 05:12:27","WindowsPlayer",NA,11,"TaskEvent",0,"0.11.235",318.505889892578,-8.98010635375977,3.97999978065491,0.998970568180084,0.0453624129295349,0,"History of WAT247,Find Toppo's Posters,Crash Diagnostics - Mountains,U3 - Crash Side Quest P3,Explore the Alien Seaside Facility","50,watershed;49,poster1;49,poster6;46,jasper;40,Find the supplies crate;36,Reach Seaside","U5_Dungeon","0.11.235","TaskActiveEvent",2,"Enter the Building",NA
"2476","5ce1725de4194c2f5ffaa8bb",4,"Development","e0e8ba1d-a1a8-492c-a490-549b4a24c221","JG6 UX6",185,"2019-05-19 05:12:27","WindowsPlayer",NA,11,"TaskEvent",0,"0.11.235",318.505889892578,-8.98010635375977,3.97999978065491,0.998970568180084,0.0453624129295349,0,"History of WAT247,Find Toppo's Posters,Crash Diagnostics - Mountains,U3 - Crash Side Quest P3,Explore the Alien Seaside Facility","50,watershed;49,poster1;49,poster6;46,jasper;40,Find the supplies crate;36,Reach Seaside;36,Condense Humidity","U5_Dungeon","0.11.235","TaskProgressEvent",2,"Unlock the Door",1
"2477","5ce17271e4194c2f5ffaa8e3",4,"Development","e0e8ba1d-a1a8-492c-a490-549b4a24c221","JG6 UX6",185,"2019-05-19 05:12:48","WindowsPlayer",NA,11,"TaskEvent",0,"0.11.235",332.082794189453,-5.44144821166992,4.05847549438477,-0.901832461357117,0.432085931301117,0,"History of WAT247,Find Toppo's Posters,Crash Diagnostics - Mountains,U3 - Crash Side Quest P3,Explore the Alien Seaside Facility","50,watershed;49,poster1;49,poster6;46,jasper;40,Find the supplies crate;36,Condense Humidity","U5_Dungeon","0.11.235","TaskCompleteEvent",2,"Unlock the Door",NA
"2478","5ce17271e4194c2f5ffaa8e4",4,"Development","e0e8ba1d-a1a8-492c-a490-549b4a24c221","JG6 UX6",185,"2019-05-19 05:12:48","WindowsPlayer",NA,11,"TaskEvent",0,"0.11.235",332.082794189453,-5.44144821166992,4.05847549438477,-0.901832461357117,0.432085931301117,0,"History of WAT247,Find Toppo's Posters,Crash Diagnostics - Mountains,U3 - Crash Side Quest P3,Explore the Alien Seaside Facility","50,watershed;49,poster1;49,poster6;46,jasper;40,Find the supplies crate;36,Condense Humidity","U5_Dungeon","0.11.235","TaskProgressEvent",50,"infiltration",1
"2479","5ce17271e4194c2f5ffaa8eb",4,"Development","e0e8ba1d-a1a8-492c-a490-549b4a24c221","JG6 UX6",185,"2019-05-19 05:12:48","WindowsPlayer",NA,11,"TaskEvent",0,"0.11.235",332.082794189453,-5.44144821166992,4.05847549438477,-0.901832461357117,0.432085931301117,0,"History of WAT247,Find Toppo's Posters,Crash Diagnostics - Mountains,U3 - Crash Side Quest P3,Explore the Alien Seaside Facility","50,watershed;49,poster1;49,poster6;46,jasper;40,Find the supplies crate;36,Condense Humidity;36,Evaporate Water","U5_Dungeon","0.11.235","TaskCompleteEvent",50,"infiltration",NA
"2480","5ce172c6e4194c2f5ffaa96a",4,"Development","e0e8ba1d-a1a8-492c-a490-549b4a24c221","JG6 UX6",185,"2019-05-19 05:14:06","WindowsPlayer",NA,11,"TaskEvent",0,"0.11.235",301.480010986328,24.4346218109131,3.98000001907349,0.583542823791504,0.812082350254059,0,"History of WAT247,Find Toppo's Posters,Crash Diagnostics - Mountains,U3 - Crash Side Quest P3,Explore the Alien Seaside Facility","50,watershed;49,poster1;49,poster6;46,jasper;40,Find the supplies crate;36,Evaporate Water","U5_Dungeon","0.11.235","TaskProgressEvent",2,"Enter the Building",1
"2481","5ce172c6e4194c2f5ffaa96e",4,"Development","e0e8ba1d-a1a8-492c-a490-549b4a24c221","JG6 UX6",185,"2019-05-19 05:14:06","WindowsPlayer",NA,11,"TaskEvent",0,"0.11.235",301.480010986328,24.4346218109131,3.98000001907349,0.583542823791504,0.812082350254059,0,"History of WAT247,Find Toppo's Posters,Crash Diagnostics - Mountains,U3 - Crash Side Quest P3,Explore the Alien Seaside Facility","50,watershed;49,poster1;49,poster6;46,jasper;40,Find the supplies crate;36,Evaporate Water","U5_Dungeon","0.11.235","TaskActiveEvent",2,"Try the Controls",NA
"2482","5ce172c7e4194c2f5ffaa970",4,"Development","e0e8ba1d-a1a8-492c-a490-549b4a24c221","JG6 UX6",185,"2019-05-19 05:14:06","WindowsPlayer",NA,11,"TaskEvent",0,"0.11.235",301.480010986328,24.4346218109131,3.98000001907349,0.583542823791504,0.812082350254059,0,"History of WAT247,Find Toppo's Posters,Crash Diagnostics - Mountains,U3 - Crash Side Quest P3,Explore the Alien Seaside Facility","50,watershed;49,poster1;49,poster6;46,jasper;40,Find the supplies crate;36,Evaporate Water;36,Transport Water","U5_Dungeon","0.11.235","TaskCompleteEvent",2,"Enter the Building",NA
"2483","5ce17475e4194c2f5ffaad13",4,"Development","e0e8ba1d-a1a8-492c-a490-549b4a24c221","JG6 UX6",185,"2019-05-19 05:21:22","WindowsPlayer",NA,11,"TaskEvent",0,"0.11.235",100.904502868652,-24.0429077148438,3.97000002861023,-0.305699825286865,-0.952127695083618,0,"History of WAT247,Find Toppo's Posters,Crash Diagnostics - Mountains,U3 - Crash Side Quest P3,Explore the Alien Seaside Facility","50,watershed;49,poster1;49,poster6;46,jasper;40,Find the supplies crate;36,Transport Water","U5_Dungeon","0.11.235","TaskCompleteEvent",2,"Try the Controls",NA
"2484","5ce17475e4194c2f5ffaad14",4,"Development","e0e8ba1d-a1a8-492c-a490-549b4a24c221","JG6 UX6",185,"2019-05-19 05:21:22","WindowsPlayer",NA,11,"TaskEvent",0,"0.11.235",100.904502868652,-24.0429077148438,3.97000002861023,-0.305699825286865,-0.952127695083618,0,"History of WAT247,Find Toppo's Posters,Crash Diagnostics - Mountains,U3 - Crash Side Quest P3,Explore the Alien Seaside Facility","50,watershed;49,poster1;49,poster6;46,jasper;40,Find the supplies crate;36,Transport Water","U5_Dungeon","0.11.235","TaskActiveEvent",3,"Restore Power to B5",NA
"2485","5ce17475e4194c2f5ffaad17",4,"Development","e0e8ba1d-a1a8-492c-a490-549b4a24c221","JG6 UX6",185,"2019-05-19 05:21:22","WindowsPlayer",NA,11,"TaskEvent",0,"0.11.235",100.904502868652,-24.0429077148438,3.97000002861023,-0.305699825286865,-0.952127695083618,0,"History of WAT247,Find Toppo's Posters,Crash Diagnostics - Mountains,U3 - Crash Side Quest P3,Explore the Alien Seaside Facility","50,watershed;49,poster1;49,poster6;46,jasper;40,Find the supplies crate;36,Transport Water;36,Start Fountain","U5_Dungeon","0.11.235","TaskProgressEvent",2,"Try the Controls",1
"2486","5ce17481e4194c2f5ffaad24",4,"Development","e0e8ba1d-a1a8-492c-a490-549b4a24c221","JG6 UX6",185,"2019-05-19 05:21:30","WindowsPlayer",NA,11,"TaskEvent",0,"0.11.235",105.630599975586,-35.0530319213867,3.96999979019165,0.590601801872253,-0.806963324546814,0,"History of WAT247,Find Toppo's Posters,Crash Diagnostics - Mountains,U3 - Crash Side Quest P3,Explore the Alien Seaside Facility","50,watershed;49,poster1;49,poster6;46,jasper;40,Find the supplies crate;36,Start Fountain","U5_Dungeon,U5_Cavern","0.11.235","TaskActiveEvent",3,"Restore Power to B4",NA
"2487","5ce17481e4194c2f5ffaad25",4,"Development","e0e8ba1d-a1a8-492c-a490-549b4a24c221","JG6 UX6",185,"2019-05-19 05:21:30","WindowsPlayer",NA,11,"TaskEvent",0,"0.11.235",105.630599975586,-35.0530319213867,3.96999979019165,0.590601801872253,-0.806963324546814,0,"History of WAT247,Find Toppo's Posters,Crash Diagnostics - Mountains,U3 - Crash Side Quest P3,Explore the Alien Seaside Facility","50,watershed;49,poster1;49,poster6;46,jasper;40,Find the supplies crate;36,Start Fountain","U5_Dungeon,U5_Cavern","0.11.235","TaskProgressEvent",3,"Restore Power to B5",1
"2488","5ce17481e4194c2f5ffaad26",4,"Development","e0e8ba1d-a1a8-492c-a490-549b4a24c221","JG6 UX6",185,"2019-05-19 05:21:30","WindowsPlayer",NA,11,"TaskEvent",0,"0.11.235",105.630599975586,-35.0530319213867,3.96999979019165,0.590601801872253,-0.806963324546814,0,"History of WAT247,Find Toppo's Posters,Crash Diagnostics - Mountains,U3 - Crash Side Quest P3,Explore the Alien Seaside Facility","50,watershed;49,poster1;49,poster6;46,jasper;40,Find the supplies crate;36,Start Fountain;36,Talk Bill","U5_Dungeon,U5_Cavern","0.11.235","TaskCompleteEvent",3,"Restore Power to B5",NA
"2489","5ce174c2e4194c2f5ffaad77",4,"Development","e0e8ba1d-a1a8-492c-a490-549b4a24c221","JG6 UX6",185,"2019-05-19 05:22:37","WindowsPlayer",NA,11,"TaskEvent",0,"0.11.235",-558.222839355469,-83.8552169799805,-107.269966125488,0.999610066413879,0.027923047542572,0,"History of WAT247,Find Toppo's Posters,Crash Diagnostics - Mountains,U3 - Crash Side Quest P3,Explore the Alien Seaside Facility","50,watershed;49,poster1;49,poster6;46,jasper;40,Find the supplies crate;36,Talk Bill","U5_Cavern,U5_Cavern_Quests","0.11.235","TaskActiveEvent",3,"Restore Power to B3",NA
"2490","5ce174c2e4194c2f5ffaad7d",4,"Development","e0e8ba1d-a1a8-492c-a490-549b4a24c221","JG6 UX6",185,"2019-05-19 05:22:37","WindowsPlayer",NA,11,"TaskEvent",0,"0.11.235",-558.222839355469,-83.8552169799805,-107.269966125488,0.999610066413879,0.027923047542572,0,"History of WAT247,Find Toppo's Posters,Crash Diagnostics - Mountains,U3 - Crash Side Quest P3,Explore the Alien Seaside Facility,Bill’s Grand Idea","50,watershed;49,poster1;49,poster6;46,jasper;40,Find the supplies crate","U5_Cavern,U5_Cavern_Quests","0.11.235","TaskProgressEvent",3,"Restore Power to B4",1
"2491","5ce174c2e4194c2f5ffaad7e",4,"Development","e0e8ba1d-a1a8-492c-a490-549b4a24c221","JG6 UX6",185,"2019-05-19 05:22:37","WindowsPlayer",NA,11,"TaskEvent",0,"0.11.235",-558.222839355469,-83.8552169799805,-107.269966125488,0.999610066413879,0.027923047542572,0,"History of WAT247,Find Toppo's Posters,Crash Diagnostics - Mountains,U3 - Crash Side Quest P3,Bill’s Grand Idea","50,watershed;49,poster1;49,poster6;46,jasper;40,Find the supplies crate;37,bill outside cavern","U5_Cavern,U5_Cavern_Quests","0.11.235","TaskCompleteEvent",3,"Restore Power to B4",NA
"2492","5ce174fae4194c2f5ffaadbb",4,"Development","e0e8ba1d-a1a8-492c-a490-549b4a24c221","JG6 UX6",185,"2019-05-19 05:23:25","WindowsPlayer",NA,11,"TaskEvent",0,"0.11.235",-113.063285827637,-122.378562927246,53.2408294677734,0.964557528495789,-0.263872861862183,0,"History of WAT247,Find Toppo's Posters,Crash Diagnostics - Mountains,U3 - Crash Side Quest P3,Bill’s Grand Idea","50,watershed;49,poster1;49,poster6;46,jasper;40,Find the supplies crate;37,bill outside cavern","U5,U5_Quests","0.11.235","TaskProgressEvent",3,"Restore Power to B2",1
"2493","5ce174fae4194c2f5ffaadbc",4,"Development","e0e8ba1d-a1a8-492c-a490-549b4a24c221","JG6 UX6",185,"2019-05-19 05:23:25","WindowsPlayer",NA,11,"TaskEvent",0,"0.11.235",-113.063285827637,-122.378562927246,53.2408294677734,0.964557528495789,-0.263872861862183,0,"History of WAT247,Find Toppo's Posters,Crash Diagnostics - Mountains,U3 - Crash Side Quest P3,Bill’s Grand Idea","50,watershed;49,poster1;49,poster6;46,jasper;40,Find the supplies crate;37,bill outside cavern","U5,U5_Quests","0.11.235","TaskActiveEvent",3,"Restore Power to B1",NA
"2494","5ce174fae4194c2f5ffaadbd",4,"Development","e0e8ba1d-a1a8-492c-a490-549b4a24c221","JG6 UX6",185,"2019-05-19 05:23:25","WindowsPlayer",NA,11,"TaskEvent",0,"0.11.235",-113.063285827637,-122.378562927246,53.2408294677734,0.964557528495789,-0.263872861862183,0,"History of WAT247,Find Toppo's Posters,Crash Diagnostics - Mountains,U3 - Crash Side Quest P3,Bill’s Grand Idea","50,watershed;49,poster1;49,poster6;46,jasper;40,Find the supplies crate;37,bill outside cavern;37,meet Bill","U5,U5_Quests","0.11.235","TaskCompleteEvent",3,"Restore Power to B2",NA
"2495","5ce17590e4194c2f5ffaae91",4,"Development","e0e8ba1d-a1a8-492c-a490-549b4a24c221","JG6 UX6",185,"2019-05-19 05:25:58","WindowsPlayer",NA,11,"TaskEvent",0,"0.11.235",0.223676487803459,8.25420570373535,1.67763733863831,-0.00864280201494694,-0.999962568283081,0,"History of WAT247,Find Toppo's Posters,Crash Diagnostics - Mountains,U3 - Crash Side Quest P3,Bill’s Grand Idea","50,watershed;49,poster1;49,poster6;46,jasper;40,Find the supplies crate;37,meet Bill","U5_Cave,U5_Cave_Quests,U5_Cave_Collectibles","0.11.235","TaskProgressEvent",3,"Restore Power to B3",1
"2496","5ce17590e4194c2f5ffaae92",4,"Development","e0e8ba1d-a1a8-492c-a490-549b4a24c221","JG6 UX6",185,"2019-05-19 05:25:58","WindowsPlayer",NA,11,"TaskEvent",0,"0.11.235",0.223676487803459,8.25420570373535,1.67763733863831,-0.00864280201494694,-0.999962568283081,0,"History of WAT247,Find Toppo's Posters,Crash Diagnostics - Mountains,U3 - Crash Side Quest P3,Bill’s Grand Idea","50,watershed;49,poster1;49,poster6;46,jasper;40,Find the supplies crate;37,meet Bill","U5_Cave,U5_Cave_Quests,U5_Cave_Collectibles","0.11.235","TaskCompleteEvent",3,"Restore Power to B3",NA
"2497","5ce17590e4194c2f5ffaae94",4,"Development","e0e8ba1d-a1a8-492c-a490-549b4a24c221","JG6 UX6",185,"2019-05-19 05:25:58","WindowsPlayer",NA,11,"TaskEvent",0,"0.11.235",0.223676487803459,8.25420570373535,1.67763733863831,-0.00864280201494694,-0.999962568283081,0,"History of WAT247,Find Toppo's Posters,Crash Diagnostics - Mountains,U3 - Crash Side Quest P3,Bill’s Grand Idea","50,watershed;49,poster1;49,poster6;46,jasper;40,Find the supplies crate;37,meet Bill;37,Try Escape","U5_Cave,U5_Cave_Quests,U5_Cave_Collectibles","0.11.235","TaskActiveEvent",3,"Restore Power to B2",NA
"2498","5ce175b3e4194c2f5ffaaeca",4,"Development","e0e8ba1d-a1a8-492c-a490-549b4a24c221","JG6 UX6",185,"2019-05-19 05:26:35","WindowsPlayer",NA,11,"TaskEvent",0,"0.11.235",0.223676487803459,8.25420570373535,1.67763733863831,0.0140459081158042,-0.999901294708252,0,"History of WAT247,Find Toppo's Posters,Crash Diagnostics - Mountains,U3 - Crash Side Quest P3,Bill’s Grand Idea","50,watershed;49,poster1;49,poster6;46,jasper;40,Find the supplies crate;37,Try Escape","U5_Cave,U5_Cave_Quests,U5_Cave_Collectibles","0.11.235","TaskActiveEvent",5,"Drill to the Water Table",NA
"2499","5ce175b3e4194c2f5ffaaecc",4,"Development","e0e8ba1d-a1a8-492c-a490-549b4a24c221","JG6 UX6",185,"2019-05-19 05:26:35","WindowsPlayer",NA,11,"TaskEvent",0,"0.11.235",0.223676487803459,8.25420570373535,1.67763733863831,0.0140459081158042,-0.999901294708252,0,"History of WAT247,Find Toppo's Posters,Crash Diagnostics - Mountains,U3 - Crash Side Quest P3,Bill’s Grand Idea,Water Crisis!","50,watershed;49,poster1;49,poster6;46,jasper;40,Find the supplies crate","U5_Cave,U5_Cave_Quests,U5_Cave_Collectibles","0.11.235","TaskCompleteEvent",5,"Retry the Controls",NA
"2500","5ce175b3e4194c2f5ffaaecd",4,"Development","e0e8ba1d-a1a8-492c-a490-549b4a24c221","JG6 UX6",185,"2019-05-19 05:26:35","WindowsPlayer",NA,11,"TaskEvent",0,"0.11.235",0.223676487803459,8.25420570373535,1.67763733863831,0.0140459081158042,-0.999901294708252,0,"History of WAT247,Find Toppo's Posters,Crash Diagnostics - Mountains,U3 - Crash Side Quest P3,Water Crisis!","50,watershed;49,poster1;49,poster6;46,jasper;40,Find the supplies crate;32,humidity meter","U5_Cave,U5_Cave_Quests,U5_Cave_Collectibles","0.11.235","TaskProgressEvent",5,"Retry the Controls",1
"2501","5ce17630e4194c2f5ffaaf7e",4,"Development","e0e8ba1d-a1a8-492c-a490-549b4a24c221","JG6 UX6",185,"2019-05-19 05:28:37","WindowsPlayer",NA,11,"TaskEvent",0,"0.11.235",5.97003030776978,9.87175846099854,1.57492864131927,0.96219527721405,0.272360324859619,0,"History of WAT247,Find Toppo's Posters,Crash Diagnostics - Mountains,U3 - Crash Side Quest P3,Water Crisis!","50,watershed;49,poster1;49,poster6;46,jasper;40,Find the supplies crate;32,humidity meter","U5_Cave,U5_Cave_Quests,U5_Cave_Collectibles","0.11.235","TaskCompleteEvent",5,"Direct the irrigation",NA
"2502","5ce17630e4194c2f5ffaaf7f",4,"Development","e0e8ba1d-a1a8-492c-a490-549b4a24c221","JG6 UX6",185,"2019-05-19 05:28:37","WindowsPlayer",NA,11,"TaskEvent",0,"0.11.235",5.97003030776978,9.87175846099854,1.57492864131927,0.96219527721405,0.272360324859619,0,"History of WAT247,Find Toppo's Posters,Crash Diagnostics - Mountains,U3 - Crash Side Quest P3,Water Crisis!","50,watershed;49,poster1;49,poster6;46,jasper;40,Find the supplies crate;32,humidity meter","U5_Cave,U5_Cave_Quests,U5_Cave_Collectibles","0.11.235","TaskActiveEvent",6,"Head Inside the Bunker",NA
"2503","5ce17630e4194c2f5ffaaf80",4,"Development","e0e8ba1d-a1a8-492c-a490-549b4a24c221","JG6 UX6",185,"2019-05-19 05:28:37","WindowsPlayer",NA,11,"TaskEvent",0,"0.11.235",5.97003030776978,9.87175846099854,1.57492864131927,0.96219527721405,0.272360324859619,0,"History of WAT247,Find Toppo's Posters,Crash Diagnostics - Mountains,U3 - Crash Side Quest P3,Water Crisis!","50,watershed;49,poster1;49,poster6;46,jasper;40,Find the supplies crate;32,humidity meter;32,pan","U5_Cave,U5_Cave_Quests,U5_Cave_Collectibles","0.11.235","TaskProgressEvent",5,"Direct the irrigation",1
"2504","5ce1763ae4194c2f5ffaaf94",4,"Development","e0e8ba1d-a1a8-492c-a490-549b4a24c221","JG6 UX6",185,"2019-05-19 05:28:56","WindowsPlayer",NA,11,"TaskEvent",0,"0.11.235",8.4627628326416,-6.69553375244141,1.97371089458466,0.986009836196899,-0.166686773300171,0,"History of WAT247,Find Toppo's Posters,Crash Diagnostics - Mountains,U3 - Crash Side Quest P3,Water Crisis!","50,watershed;49,poster1;49,poster6;46,jasper;40,Find the supplies crate;32,pan","U5_Cave,U5_Cave_Quests,U5_Cave_Collectibles","0.11.235","TaskProgressEvent",5,"Drill to the Water Table",1
"2505","5ce1763ae4194c2f5ffaaf9a",4,"Development","e0e8ba1d-a1a8-492c-a490-549b4a24c221","JG6 UX6",185,"2019-05-19 05:28:56","WindowsPlayer",NA,11,"TaskEvent",0,"0.11.235",8.4627628326416,-6.69553375244141,1.97371089458466,0.986009836196899,-0.166686773300171,0,"History of WAT247,Find Toppo's Posters,Crash Diagnostics - Mountains,U3 - Crash Side Quest P3,Water Crisis!","50,watershed;49,poster1;49,poster6;46,jasper;40,Find the supplies crate;32,pan","U5_Cave,U5_Cave_Quests,U5_Cave_Collectibles","0.11.235","TaskActiveEvent",5,"Direct the irrigation",NA
"2506","5ce1763ae4194c2f5ffaaf9b",4,"Development","e0e8ba1d-a1a8-492c-a490-549b4a24c221","JG6 UX6",185,"2019-05-19 05:28:56","WindowsPlayer",NA,11,"TaskEvent",0,"0.11.235",8.4627628326416,-6.69553375244141,1.97371089458466,0.986009836196899,-0.166686773300171,0,"History of WAT247,Find Toppo's Posters,Crash Diagnostics - Mountains,U3 - Crash Side Quest P3,Water Crisis!","50,watershed;49,poster1;49,poster6;46,jasper;40,Find the supplies crate;32,pan;32,fill pan","U5_Cave,U5_Cave_Quests,U5_Cave_Collectibles","0.11.235","TaskCompleteEvent",5,"Drill to the Water Table",NA
"2507","5ce17644e4194c2f5ffaafa4",4,"Development","e0e8ba1d-a1a8-492c-a490-549b4a24c221","JG6 UX6",185,"2019-05-19 05:29:02","WindowsPlayer",NA,11,"TaskEvent",0,"0.11.235",10.7530746459961,-5.92583417892456,1.97629702091217,-0.333728730678558,-0.942669272422791,0,"History of WAT247,Find Toppo's Posters,Crash Diagnostics - Mountains,U3 - Crash Side Quest P3,Water Crisis!","50,watershed;49,poster1;49,poster6;46,jasper;40,Find the supplies crate;32,fill pan","U5_Cave,U5_Cave_Quests,U5_Cave_Collectibles","0.11.235","TaskCompleteEvent",3,"Restore Power to B1",NA
"2508","5ce17644e4194c2f5ffaafa9",4,"Development","e0e8ba1d-a1a8-492c-a490-549b4a24c221","JG6 UX6",185,"2019-05-19 05:29:02","WindowsPlayer",NA,11,"TaskEvent",0,"0.11.235",10.7530746459961,-5.92583417892456,1.97629702091217,-0.333728730678558,-0.942669272422791,0,"History of WAT247,Find Toppo's Posters,Crash Diagnostics - Mountains,U3 - Crash Side Quest P3,Water Crisis!","50,watershed;49,poster1;49,poster6;46,jasper;40,Find the supplies crate;32,fill pan","U5_Cave,U5_Cave_Quests,U5_Cave_Collectibles","0.11.235","TaskActiveEvent",5,"Retry the Controls",NA
"2509","5ce17644e4194c2f5ffaafaa",4,"Development","e0e8ba1d-a1a8-492c-a490-549b4a24c221","JG6 UX6",185,"2019-05-19 05:29:02","WindowsPlayer",NA,11,"TaskEvent",0,"0.11.235",10.7530746459961,-5.92583417892456,1.97629702091217,-0.333728730678558,-0.942669272422791,0,"History of WAT247,Find Toppo's Posters,Crash Diagnostics - Mountains,U3 - Crash Side Quest P3,Water Crisis!","50,watershed;49,poster1;49,poster6;46,jasper;40,Find the supplies crate;32,fill pan;32,Find Rock","U5_Cave,U5_Cave_Quests,U5_Cave_Collectibles","0.11.235","TaskProgressEvent",3,"Restore Power to B1",1
"2510","5ce1764ee4194c2f5ffaafc5",4,"Development","e0e8ba1d-a1a8-492c-a490-549b4a24c221","JG6 UX6",185,"2019-05-19 05:29:16","WindowsPlayer",NA,11,"TaskEvent",0,"0.11.235",5.85374975204468,1.37131369113922,1.78285109996796,-0.569347858428955,0.822096765041351,0,"History of WAT247,Find Toppo's Posters,Crash Diagnostics - Mountains,U3 - Crash Side Quest P3,Water Crisis!","50,watershed;49,poster1;49,poster6;46,jasper;40,Find the supplies crate;32,Find Rock","U5_Cave,U5_Cave_Quests,U5_Cave_Collectibles","0.11.235","TaskActiveEvent",6,"Investigate the Flood",NA
"2511","5ce1764ee4194c2f5ffaafc6",4,"Development","e0e8ba1d-a1a8-492c-a490-549b4a24c221","JG6 UX6",185,"2019-05-19 05:29:16","WindowsPlayer",NA,11,"TaskEvent",0,"0.11.235",5.85374975204468,1.37131369113922,1.78285109996796,-0.569347858428955,0.822096765041351,0,"History of WAT247,Find Toppo's Posters,Crash Diagnostics - Mountains,U3 - Crash Side Quest P3,Water Crisis!","50,watershed;49,poster1;49,poster6;46,jasper;40,Find the supplies crate;32,Find Rock","U5_Cave,U5_Cave_Quests,U5_Cave_Collectibles","0.11.235","TaskCompleteEvent",6,"Head Inside the Bunker",NA
"2512","5ce1764fe4194c2f5ffaafc7",4,"Development","e0e8ba1d-a1a8-492c-a490-549b4a24c221","JG6 UX6",185,"2019-05-19 05:29:16","WindowsPlayer",NA,11,"TaskEvent",0,"0.11.235",5.85374975204468,1.37131369113922,1.78285109996796,-0.569347858428955,0.822096765041351,0,"History of WAT247,Find Toppo's Posters,Crash Diagnostics - Mountains,U3 - Crash Side Quest P3,Water Crisis!","50,watershed;49,poster1;49,poster6;46,jasper;40,Find the supplies crate;32,Find Rock;32,Drill hole","U5_Cave,U5_Cave_Quests,U5_Cave_Collectibles","0.11.235","TaskProgressEvent",6,"Head Inside the Bunker",1
"2513","5ce17676e4194c2f5ffaaff5",4,"Development","e0e8ba1d-a1a8-492c-a490-549b4a24c221","JG6 UX6",185,"2019-05-19 05:29:50","WindowsPlayer",NA,11,"TaskEvent",0,"0.11.235",9.51772117614746,-6.03742122650146,1.97366523742676,0.671782195568085,-0.740748763084412,0,"History of WAT247,Find Toppo's Posters,Crash Diagnostics - Mountains,U3 - Crash Side Quest P3,Water Crisis!","50,watershed;49,poster1;49,poster6;46,jasper;40,Find the supplies crate;32,Drill hole","U5_Cave,U5_Cave_Quests,U5_Cave_Collectibles","0.11.235","TaskCompleteEvent",6,"Investigate the Flood",NA
"2514","5ce17676e4194c2f5ffaaff7",4,"Development","e0e8ba1d-a1a8-492c-a490-549b4a24c221","JG6 UX6",185,"2019-05-19 05:29:50","WindowsPlayer",NA,11,"TaskEvent",0,"0.11.235",9.51772117614746,-6.03742122650146,1.97366523742676,0.671782195568085,-0.740748763084412,0,"History of WAT247,Find Toppo's Posters,Crash Diagnostics - Mountains,U3 - Crash Side Quest P3,Water Crisis!","50,watershed;49,poster1;49,poster6;46,jasper;40,Find the supplies crate;32,Drill hole","U5_Cave,U5_Cave_Quests,U5_Cave_Collectibles","0.11.235","TaskActiveEvent",80,"Scan the Armory Ceiling",NA
"2515","5ce17676e4194c2f5ffab001",4,"Development","e0e8ba1d-a1a8-492c-a490-549b4a24c221","JG6 UX6",185,"2019-05-19 05:29:50","WindowsPlayer",NA,11,"TaskEvent",0,"0.11.235",9.51772117614746,-6.03742122650146,1.97366523742676,0.671782195568085,-0.740748763084412,0,"History of WAT247,Find Toppo's Posters,Crash Diagnostics - Mountains,U3 - Crash Side Quest P3,Water Crisis!","50,watershed;49,poster1;49,poster6;46,jasper;40,Find the supplies crate;32,Drill hole;32,check humidity again","U5_Cave,U5_Cave_Quests,U5_Cave_Collectibles","0.11.235","TaskProgressEvent",6,"Investigate the Flood",1
"2516","5ce17680e4194c2f5ffab00c",4,"Development","e0e8ba1d-a1a8-492c-a490-549b4a24c221","JG6 UX6",185,"2019-05-19 05:30:01","WindowsPlayer",NA,11,"TaskEvent",0,"0.11.235",8.35879611968994,9.37398338317871,1.57492864131927,-0.0349825359880924,0.999387919902802,0,"History of WAT247,Find Toppo's Posters,Crash Diagnostics - Mountains,U3 - Crash Side Quest P3,Water Crisis!","50,watershed;49,poster1;49,poster6;46,jasper;40,Find the supplies crate;32,check humidity again","U5_Cave,U5_Cave_Quests,U5_Cave_Collectibles","0.11.235","TaskProgressEvent",80,"Scan the Armory Ceiling",1
"2517","5ce17680e4194c2f5ffab012",4,"Development","e0e8ba1d-a1a8-492c-a490-549b4a24c221","JG6 UX6",185,"2019-05-19 05:30:01","WindowsPlayer",NA,11,"TaskEvent",0,"0.11.235",8.35879611968994,9.37398338317871,1.57492864131927,-0.0349825359880924,0.999387919902802,0,"History of WAT247,Find Toppo's Posters,Crash Diagnostics - Mountains,U3 - Crash Side Quest P3,Water Crisis!,Convince Bill the Distillery will work","50,watershed;49,poster1;49,poster6;46,jasper;40,Find the supplies crate","U5_Cave,U5_Cave_Quests,U5_Cave_Collectibles","0.11.235","TaskActiveEvent",80,"Scan the Amory Floor",NA
"2518","5ce17680e4194c2f5ffab016",4,"Development","e0e8ba1d-a1a8-492c-a490-549b4a24c221","JG6 UX6",185,"2019-05-19 05:30:01","WindowsPlayer",NA,11,"TaskEvent",0,"0.11.235",8.35879611968994,9.37398338317871,1.57492864131927,-0.0349825359880924,0.999387919902802,0,"History of WAT247,Find Toppo's Posters,Crash Diagnostics - Mountains,U3 - Crash Side Quest P3,Convince Bill the Distillery will work","50,watershed;49,poster1;49,poster6;46,jasper;40,Find the supplies crate;33,convince bill","U5_Cave,U5_Cave_Quests,U5_Cave_Collectibles","0.11.235","TaskCompleteEvent",80,"Scan the Armory Ceiling",NA
"2519","5ce176d0e4194c2f5ffab08c",4,"Development","e0e8ba1d-a1a8-492c-a490-549b4a24c221","JG6 UX6",185,"2019-05-19 05:31:25","WindowsPlayer",NA,11,"TaskEvent",0,"0.11.235",8.35879611968994,9.37398338317871,1.57492864131927,-0.753508806228638,-0.657438039779663,0,"History of WAT247,Find Toppo's Posters,Crash Diagnostics - Mountains,U3 - Crash Side Quest P3,Convince Bill the Distillery will work","50,watershed;49,poster1;49,poster6;46,jasper;40,Find the supplies crate;33,convince bill","U5_Cave,U5_Cave_Quests,U5_Cave_Collectibles","0.11.235","TaskProgressEvent",80,"Scan the Amory Floor",1
"2520","5ce176d0e4194c2f5ffab08e",4,"Development","e0e8ba1d-a1a8-492c-a490-549b4a24c221","JG6 UX6",185,"2019-05-19 05:31:25","WindowsPlayer",NA,11,"TaskEvent",0,"0.11.235",8.35879611968994,9.37398338317871,1.57492864131927,-0.753508806228638,-0.657438039779663,0,"History of WAT247,Find Toppo's Posters,Crash Diagnostics - Mountains,U3 - Crash Side Quest P3,Convince Bill the Distillery will work","50,watershed;49,poster1;49,poster6;46,jasper;40,Find the supplies crate;33,convince bill;33,Make a hole in the pan","U5_Cave,U5_Cave_Quests,U5_Cave_Collectibles","0.11.235","TaskActiveEvent",80,"Scan the Armory Depth",NA
"2521","5ce176d1e4194c2f5ffab091",4,"Development","e0e8ba1d-a1a8-492c-a490-549b4a24c221","JG6 UX6",185,"2019-05-19 05:31:25","WindowsPlayer",NA,11,"TaskEvent",0,"0.11.235",8.35879611968994,9.37398338317871,1.57492864131927,-0.753508806228638,-0.657438039779663,0,"History of WAT247,Find Toppo's Posters,Crash Diagnostics - Mountains,U3 - Crash Side Quest P3,Convince Bill the Distillery will work","50,watershed;49,poster1;49,poster6;46,jasper;40,Find the supplies crate;33,convince bill","U5_Cave,U5_Cave_Quests,U5_Cave_Collectibles","0.11.235","TaskCompleteEvent",80,"Scan the Amory Floor",NA
"2522","5ce176f8e4194c2f5ffab0c4",4,"Development","e0e8ba1d-a1a8-492c-a490-549b4a24c221","JG6 UX6",185,"2019-05-19 05:32:02","WindowsPlayer",NA,11,"TaskEvent",0,"0.11.235",7.60705137252808,-5.13512992858887,1.57490730285645,0.761592388153076,-0.648056507110596,0,"History of WAT247,Find Toppo's Posters,Crash Diagnostics - Mountains,U3 - Crash Side Quest P3,Convince Bill the Distillery will work","50,watershed;49,poster1;49,poster6;46,jasper;40,Find the supplies crate;33,Make a hole in the pan","U5_Cave,U5_Cave_Quests,U5_Cave_Collectibles","0.11.235","TaskProgressEvent",80,"Scan the Armory Depth",1
"2523","5ce176f8e4194c2f5ffab0c5",4,"Development","e0e8ba1d-a1a8-492c-a490-549b4a24c221","JG6 UX6",185,"2019-05-19 05:32:02","WindowsPlayer",NA,11,"TaskEvent",0,"0.11.235",7.60705137252808,-5.13512992858887,1.57490730285645,0.761592388153076,-0.648056507110596,0,"History of WAT247,Find Toppo's Posters,Crash Diagnostics - Mountains,U3 - Crash Side Quest P3,Convince Bill the Distillery will work","50,watershed;49,poster1;49,poster6;46,jasper;40,Find the supplies crate;33,Make a hole in the pan;33,attach hose","U5_Cave,U5_Cave_Quests,U5_Cave_Collectibles","0.11.235","TaskCompleteEvent",80,"Scan the Armory Depth",NA
"2524","5ce176f9e4194c2f5ffab0ca",4,"Development","e0e8ba1d-a1a8-492c-a490-549b4a24c221","JG6 UX6",185,"2019-05-19 05:32:02","WindowsPlayer",NA,11,"TaskEvent",0,"0.11.235",7.60705137252808,-5.13512992858887,1.57490730285645,0.761592388153076,-0.648056507110596,0,"History of WAT247,Find Toppo's Posters,Crash Diagnostics - Mountains,U3 - Crash Side Quest P3,Convince Bill the Distillery will work","50,watershed;49,poster1;49,poster6;46,jasper;40,Find the supplies crate;33,Make a hole in the pan","U5_Cave,U5_Cave_Quests,U5_Cave_Collectibles","0.11.235","TaskActiveEvent",81,"Scan the Living Quarters Ceiling",NA
"2525","5ce17711e4194c2f5ffab0e2",4,"Development","e0e8ba1d-a1a8-492c-a490-549b4a24c221","JG6 UX6",185,"2019-05-19 05:32:23","WindowsPlayer",NA,11,"TaskEvent",0,"0.11.235",6.39541864395142,-6.42124509811401,1.51763725280762,0.979941248893738,-0.199286222457886,0,"History of WAT247,Find Toppo's Posters,Crash Diagnostics - Mountains,U3 - Crash Side Quest P3,Convince Bill the Distillery will work","50,watershed;49,poster1;49,poster6;46,jasper;40,Find the supplies crate;33,attach hose","U5_Cave,U5_Cave_Quests,U5_Cave_Collectibles","0.11.235","TaskProgressEvent",81,"Scan the Living Quarters Ceiling",1
"2526","5ce17711e4194c2f5ffab0e4",4,"Development","e0e8ba1d-a1a8-492c-a490-549b4a24c221","JG6 UX6",185,"2019-05-19 05:32:23","WindowsPlayer",NA,11,"TaskEvent",0,"0.11.235",6.39541864395142,-6.42124509811401,1.51763725280762,0.979941248893738,-0.199286222457886,0,"History of WAT247,Find Toppo's Posters,Crash Diagnostics - Mountains,U3 - Crash Side Quest P3,Convince Bill the Distillery will work","50,watershed;49,poster1;49,poster6;46,jasper;40,Find the supplies crate;33,attach hose","U5_Cave,U5_Cave_Quests,U5_Cave_Collectibles","0.11.235","TaskActiveEvent",81,"Scan the Living Quarters Floor",NA
"2527","5ce17711e4194c2f5ffab0e5",4,"Development","e0e8ba1d-a1a8-492c-a490-549b4a24c221","JG6 UX6",185,"2019-05-19 05:32:23","WindowsPlayer",NA,11,"TaskEvent",0,"0.11.235",6.39541864395142,-6.42124509811401,1.51763725280762,0.979941248893738,-0.199286222457886,0,"History of WAT247,Find Toppo's Posters,Crash Diagnostics - Mountains,U3 - Crash Side Quest P3,Convince Bill the Distillery will work","50,watershed;49,poster1;49,poster6;46,jasper;40,Find the supplies crate;33,attach hose;33,Grab Canteen","U5_Cave,U5_Cave_Quests,U5_Cave_Collectibles","0.11.235","TaskCompleteEvent",81,"Scan the Living Quarters Ceiling",NA
"2528","5ce17711e4194c2f5ffab0ea",4,"Development","e0e8ba1d-a1a8-492c-a490-549b4a24c221","JG6 UX6",185,"2019-05-19 05:32:33","WindowsPlayer",NA,11,"TaskEvent",0,"0.11.235",-2.31354689598083,6.19125127792358,1.68429005146027,-0.497046411037445,0.867723941802979,0,"History of WAT247,Find Toppo's Posters,Crash Diagnostics - Mountains,U3 - Crash Side Quest P3,Convince Bill the Distillery will work","50,watershed;49,poster1;49,poster6;46,jasper;40,Find the supplies crate;33,Grab Canteen","U5_Cave,U5_Cave_Quests,U5_Cave_Collectibles","0.11.235","TaskCompleteEvent",81,"Scan the Living Quarters Floor",NA
"2529","5ce17711e4194c2f5ffab0f1",4,"Development","e0e8ba1d-a1a8-492c-a490-549b4a24c221","JG6 UX6",185,"2019-05-19 05:32:33","WindowsPlayer",NA,11,"TaskEvent",0,"0.11.235",-2.31354689598083,6.19125127792358,1.68429005146027,-0.497046411037445,0.867723941802979,0,"History of WAT247,Find Toppo's Posters,Crash Diagnostics - Mountains,U3 - Crash Side Quest P3,Convince Bill the Distillery will work","50,watershed;49,poster1;49,poster6;46,jasper;40,Find the supplies crate;33,Grab Canteen","U5_Cave,U5_Cave_Quests,U5_Cave_Collectibles","0.11.235","TaskProgressEvent",81,"Scan the Living Quarters Floor",1
"2530","5ce17712e4194c2f5ffab0f6",4,"Development","e0e8ba1d-a1a8-492c-a490-549b4a24c221","JG6 UX6",185,"2019-05-19 05:32:33","WindowsPlayer",NA,11,"TaskEvent",0,"0.11.235",-2.31354689598083,6.19125127792358,1.68429005146027,-0.497046411037445,0.867723941802979,0,"History of WAT247,Find Toppo's Posters,Crash Diagnostics - Mountains,U3 - Crash Side Quest P3,Convince Bill the Distillery will work","50,watershed;49,poster1;49,poster6;46,jasper;40,Find the supplies crate;33,Grab Canteen;33,Condense Atmospheric Water","U5_Cave,U5_Cave_Quests,U5_Cave_Collectibles","0.11.235","TaskActiveEvent",81,"Scan the Living Quarters Depth",NA
"2531","5ce17724e4194c2f5ffab108",4,"Development","e0e8ba1d-a1a8-492c-a490-549b4a24c221","JG6 UX6",185,"2019-05-19 05:32:44","WindowsPlayer",NA,11,"TaskEvent",0,"0.11.235",9.45701503753662,-6.08486127853394,1.97370684146881,0.552006602287292,-0.833839774131775,0,"History of WAT247,Find Toppo's Posters,Crash Diagnostics - Mountains,U3 - Crash Side Quest P3,Convince Bill the Distillery will work","50,watershed;49,poster1;49,poster6;46,jasper;40,Find the supplies crate;33,Condense Atmospheric Water","U5_Cave,U5_Cave_Quests,U5_Cave_Collectibles","0.11.235","TaskCompleteEvent",81,"Scan the Living Quarters Depth",NA
"2532","5ce17724e4194c2f5ffab10a",4,"Development","e0e8ba1d-a1a8-492c-a490-549b4a24c221","JG6 UX6",185,"2019-05-19 05:32:44","WindowsPlayer",NA,11,"TaskEvent",0,"0.11.235",9.45701503753662,-6.08486127853394,1.97370684146881,0.552006602287292,-0.833839774131775,0,"History of WAT247,Find Toppo's Posters,Crash Diagnostics - Mountains,U3 - Crash Side Quest P3,Convince Bill the Distillery will work,Head Back to Large Mart","50,watershed;49,poster1;49,poster6;46,jasper;40,Find the supplies crate","U5_Cave,U5_Cave_Quests,U5_Cave_Collectibles","0.11.235","TaskActiveEvent",82,"Scan the Mess Hall Ceiling",NA
"2533","5ce17725e4194c2f5ffab10f",4,"Development","e0e8ba1d-a1a8-492c-a490-549b4a24c221","JG6 UX6",185,"2019-05-19 05:32:44","WindowsPlayer",NA,11,"TaskEvent",0,"0.11.235",9.45701503753662,-6.08486127853394,1.97370684146881,0.552006602287292,-0.833839774131775,0,"History of WAT247,Find Toppo's Posters,Crash Diagnostics - Mountains,U3 - Crash Side Quest P3,Head Back to Large Mart","50,watershed;49,poster1;49,poster6;46,jasper;40,Find the supplies crate;34,return to large mart","U5_Cave,U5_Cave_Quests,U5_Cave_Collectibles","0.11.235","TaskProgressEvent",81,"Scan the Living Quarters Depth",1
"2534","5ce1774ce4194c2f5ffab138",4,"Development","e0e8ba1d-a1a8-492c-a490-549b4a24c221","JG6 UX6",185,"2019-05-19 05:33:22","WindowsPlayer",NA,11,"TaskEvent",0,"0.11.235",93.0946197509766,66.1781387329102,104.486267089844,0.260506123304367,-0.965472340583801,0,"History of WAT247,Find Toppo's Posters,Crash Diagnostics - Mountains,U3 - Crash Side Quest P3,Head Back to Large Mart","50,watershed;49,poster1;49,poster6;46,jasper;40,Find the supplies crate;34,return to large mart","U5,U5_Quests","0.11.235","TaskProgressEvent",82,"Scan the Mess Hall Ceiling",1
"2535","5ce1774ce4194c2f5ffab13b",4,"Development","e0e8ba1d-a1a8-492c-a490-549b4a24c221","JG6 UX6",185,"2019-05-19 05:33:22","WindowsPlayer",NA,11,"TaskEvent",0,"0.11.235",93.0946197509766,66.1781387329102,104.486267089844,0.260506123304367,-0.965472340583801,0,"History of WAT247,Find Toppo's Posters,Crash Diagnostics - Mountains,U3 - Crash Side Quest P3,Head Back to Large Mart","50,watershed;49,poster1;49,poster6;46,jasper;40,Find the supplies crate;34,return to large mart;34,talk to Bill","U5,U5_Quests","0.11.235","TaskActiveEvent",82,"Scan the Mess Hall Floor",NA
"2536","5ce1774ce4194c2f5ffab142",4,"Development","e0e8ba1d-a1a8-492c-a490-549b4a24c221","JG6 UX6",185,"2019-05-19 05:33:22","WindowsPlayer",NA,11,"TaskEvent",0,"0.11.235",93.0946197509766,66.1781387329102,104.486267089844,0.260506123304367,-0.965472340583801,0,"History of WAT247,Find Toppo's Posters,Crash Diagnostics - Mountains,U3 - Crash Side Quest P3,Head Back to Large Mart","50,watershed;49,poster1;49,poster6;46,jasper;40,Find the supplies crate;34,return to large mart","U5,U5_Quests","0.11.235","TaskCompleteEvent",82,"Scan the Mess Hall Ceiling",NA
"2537","5ce17777e4194c2f5ffab17e",4,"Development","e0e8ba1d-a1a8-492c-a490-549b4a24c221","JG6 UX6",185,"2019-05-19 05:34:07","WindowsPlayer",NA,11,"TaskEvent",0,"0.11.235",96.9518051147461,59.2786560058594,106.760383605957,0.783694505691528,-0.62114679813385,0,"History of WAT247,Find Toppo's Posters,Crash Diagnostics - Mountains,U3 - Crash Side Quest P3,Head Back to Large Mart","50,watershed;49,poster1;49,poster6;46,jasper;40,Find the supplies crate;34,talk to Bill","U5,U5_Quests","0.11.235","TaskActiveEvent",82,"Scan the Mess Hall Depth",NA
"2538","5ce17777e4194c2f5ffab17f",4,"Development","e0e8ba1d-a1a8-492c-a490-549b4a24c221","JG6 UX6",185,"2019-05-19 05:34:07","WindowsPlayer",NA,11,"TaskEvent",0,"0.11.235",96.9518051147461,59.2786560058594,106.760383605957,0.783694505691528,-0.62114679813385,0,"History of WAT247,Find Toppo's Posters,Crash Diagnostics - Mountains,U3 - Crash Side Quest P3,Head Back to Large Mart","50,watershed;49,poster1;49,poster6;46,jasper;40,Find the supplies crate;34,talk to Bill","U5,U5_Quests","0.11.235","TaskProgressEvent",82,"Scan the Mess Hall Floor",1
"2539","5ce17777e4194c2f5ffab184",4,"Development","e0e8ba1d-a1a8-492c-a490-549b4a24c221","JG6 UX6",185,"2019-05-19 05:34:07","WindowsPlayer",NA,11,"TaskEvent",0,"0.11.235",96.9518051147461,59.2786560058594,106.760383605957,0.783694505691528,-0.62114679813385,0,"History of WAT247,Find Toppo's Posters,Crash Diagnostics - Mountains,U3 - Crash Side Quest P3,Head Back to Large Mart","50,watershed;49,poster1;49,poster6;46,jasper;40,Find the supplies crate;34,talk to Bill;34,go to factory","U5,U5_Quests","0.11.235","TaskCompleteEvent",82,"Scan the Mess Hall Floor",NA
"2540","5ce17777e4194c2f5ffab187",4,"Development","e0e8ba1d-a1a8-492c-a490-549b4a24c221","JG6 UX6",185,"2019-05-19 05:34:12","WindowsPlayer",NA,11,"TaskEvent",0,"0.11.235",96.5782241821289,52.6925392150879,106.760375976562,0.0627919286489487,-0.998026847839355,0,"History of WAT247,Find Toppo's Posters,Crash Diagnostics - Mountains,U3 - Crash Side Quest P3,Head Back to Large Mart","50,watershed;49,poster1;49,poster6;46,jasper;40,Find the supplies crate;34,go to factory","U5,U5_Quests","0.11.235","TaskCompleteEvent",82,"Scan the Mess Hall Depth",NA
"2541","5ce17777e4194c2f5ffab189",4,"Development","e0e8ba1d-a1a8-492c-a490-549b4a24c221","JG6 UX6",185,"2019-05-19 05:34:12","WindowsPlayer",NA,11,"TaskEvent",0,"0.11.235",96.5782241821289,52.6925392150879,106.760375976562,0.0627919286489487,-0.998026847839355,0,"History of WAT247,Find Toppo's Posters,Crash Diagnostics - Mountains,U3 - Crash Side Quest P3,Head Back to Large Mart,Construct a Distillery at the Factory","50,watershed;49,poster1;49,poster6;46,jasper;40,Find the supplies crate","U5,U5_Quests","0.11.235","TaskActiveEvent",83,"Scan the Warehouse Ceiling",NA
"2542","5ce17778e4194c2f5ffab18a",4,"Development","e0e8ba1d-a1a8-492c-a490-549b4a24c221","JG6 UX6",185,"2019-05-19 05:34:12","WindowsPlayer",NA,11,"TaskEvent",0,"0.11.235",96.5782241821289,52.6925392150879,106.760375976562,0.0627919286489487,-0.998026847839355,0,"History of WAT247,Find Toppo's Posters,Crash Diagnostics - Mountains,U3 - Crash Side Quest P3,Construct a Distillery at the Factory","50,watershed;49,poster1;49,poster6;46,jasper;40,Find the supplies crate;35,setup first","U5,U5_Quests","0.11.235","TaskProgressEvent",82,"Scan the Mess Hall Depth",1
"2543","5ce177b3e4194c2f5ffab1e0",4,"Development","e0e8ba1d-a1a8-492c-a490-549b4a24c221","JG6 UX6",185,"2019-05-19 05:35:05","WindowsPlayer",NA,11,"TaskEvent",0,"0.11.235",-44.6661987304688,47.2593994140625,17.0575981140137,-0.99970144033432,-0.0244320631027222,0,"History of WAT247,Find Toppo's Posters,Crash Diagnostics - Mountains,U3 - Crash Side Quest P3,Construct a Distillery at the Factory","50,watershed;49,poster1;49,poster6;46,jasper;40,Find the supplies crate;35,setup first","U5_Largemart_Factory,U5_Largemart_Factory_Quests","0.11.235","TaskActiveEvent",83,"Scan the Warehouse Floor",NA
"2544","5ce177b3e4194c2f5ffab1e3",4,"Development","e0e8ba1d-a1a8-492c-a490-549b4a24c221","JG6 UX6",185,"2019-05-19 05:35:05","WindowsPlayer",NA,11,"TaskEvent",0,"0.11.235",-44.6661987304688,47.2593994140625,17.0575981140137,-0.99970144033432,-0.0244320631027222,0,"History of WAT247,Find Toppo's Posters,Crash Diagnostics - Mountains,U3 - Crash Side Quest P3,Construct a Distillery at the Factory","50,watershed;49,poster1;49,poster6;46,jasper;40,Find the supplies crate;35,setup first","U5_Largemart_Factory,U5_Largemart_Factory_Quests","0.11.235","TaskCompleteEvent",83,"Scan the Warehouse Ceiling",NA
"2545","5ce177b4e4194c2f5ffab1e8",4,"Development","e0e8ba1d-a1a8-492c-a490-549b4a24c221","JG6 UX6",185,"2019-05-19 05:35:05","WindowsPlayer",NA,11,"TaskEvent",0,"0.11.235",-44.6661987304688,47.2593994140625,17.0575981140137,-0.99970144033432,-0.0244320631027222,0,"History of WAT247,Find Toppo's Posters,Crash Diagnostics - Mountains,U3 - Crash Side Quest P3,Construct a Distillery at the Factory","50,watershed;49,poster1;49,poster6;46,jasper;40,Find the supplies crate;35,setup first;35,setup second","U5_Largemart_Factory,U5_Largemart_Factory_Quests","0.11.235","TaskProgressEvent",83,"Scan the Warehouse Ceiling",1
"2546","5ce177efe4194c2f5ffab248",4,"Development","e0e8ba1d-a1a8-492c-a490-549b4a24c221","JG6 UX6",185,"2019-05-19 05:36:11","WindowsPlayer",NA,11,"TaskEvent",0,"0.11.235",-13.7132730484009,51.3231201171875,20.976598739624,0.934825599193573,-0.355107426643372,0,"History of WAT247,Find Toppo's Posters,Crash Diagnostics - Mountains,U3 - Crash Side Quest P3,Construct a Distillery at the Factory","50,watershed;49,poster1;49,poster6;46,jasper;40,Find the supplies crate;35,setup second","U5_Largemart_Factory,U5_Largemart_Factory_Quests","0.11.235","TaskProgressEvent",83,"Scan the Warehouse Floor",1
"2547","5ce177efe4194c2f5ffab253",4,"Development","e0e8ba1d-a1a8-492c-a490-549b4a24c221","JG6 UX6",185,"2019-05-19 05:36:11","WindowsPlayer",NA,11,"TaskEvent",0,"0.11.235",-13.7132730484009,51.3231201171875,20.976598739624,0.934825599193573,-0.355107426643372,0,"History of WAT247,Find Toppo's Posters,Crash Diagnostics - Mountains,U3 - Crash Side Quest P3,Construct a Distillery at the Factory","50,watershed;49,poster1;49,poster6;46,jasper;40,Find the supplies crate;35,setup second;35,setup third","U5_Largemart_Factory,U5_Largemart_Factory_Quests","0.11.235","TaskCompleteEvent",83,"Scan the Warehouse Floor",NA
"2548","5ce177efe4194c2f5ffab256",4,"Development","e0e8ba1d-a1a8-492c-a490-549b4a24c221","JG6 UX6",185,"2019-05-19 05:36:11","WindowsPlayer",NA,11,"TaskEvent",0,"0.11.235",-13.7132730484009,51.3231201171875,20.976598739624,0.934825599193573,-0.355107426643372,0,"History of WAT247,Find Toppo's Posters,Crash Diagnostics - Mountains,U3 - Crash Side Quest P3,Construct a Distillery at the Factory","50,watershed;49,poster1;49,poster6;46,jasper;40,Find the supplies crate;35,setup second","U5_Largemart_Factory,U5_Largemart_Factory_Quests","0.11.235","TaskActiveEvent",83,"Scan the Warehouse Depth",NA
"2549","5ce17803e4194c2f5ffab27b",4,"Development","e0e8ba1d-a1a8-492c-a490-549b4a24c221","JG6 UX6",185,"2019-05-19 05:36:32","WindowsPlayer",NA,11,"TaskEvent",0,"0.11.235",-13.7032823562622,62.4327774047852,20.976598739624,0.780430734157562,0.625242352485657,0,"History of WAT247,Find Toppo's Posters,Crash Diagnostics - Mountains,U3 - Crash Side Quest P3,Construct a Distillery at the Factory","50,watershed;49,poster1;49,poster6;46,jasper;40,Find the supplies crate;35,setup third","U5_Largemart_Factory,U5_Largemart_Factory_Quests","0.11.235","TaskCompleteEvent",83,"Scan the Warehouse Depth",NA
"2550","5ce17803e4194c2f5ffab27c",4,"Development","e0e8ba1d-a1a8-492c-a490-549b4a24c221","JG6 UX6",185,"2019-05-19 05:36:32","WindowsPlayer",NA,11,"TaskEvent",0,"0.11.235",-13.7032823562622,62.4327774047852,20.976598739624,0.780430734157562,0.625242352485657,0,"History of WAT247,Find Toppo's Posters,Crash Diagnostics - Mountains,U3 - Crash Side Quest P3,Construct a Distillery at the Factory","50,watershed;49,poster1;49,poster6;46,jasper;40,Find the supplies crate;35,setup third;35,setup fourth","U5_Largemart_Factory,U5_Largemart_Factory_Quests","0.11.235","TaskProgressEvent",83,"Scan the Warehouse Depth",1
"2551","5ce17803e4194c2f5ffab27f",4,"Development","e0e8ba1d-a1a8-492c-a490-549b4a24c221","JG6 UX6",185,"2019-05-19 05:36:32","WindowsPlayer",NA,11,"TaskEvent",0,"0.11.235",-13.7032823562622,62.4327774047852,20.976598739624,0.780430734157562,0.625242352485657,0,"History of WAT247,Find Toppo's Posters,Crash Diagnostics - Mountains,U3 - Crash Side Quest P3,Construct a Distillery at the Factory","50,watershed;49,poster1;49,poster6;46,jasper;40,Find the supplies crate;35,setup third","U5_Largemart_Factory,U5_Largemart_Factory_Quests","0.11.235","TaskActiveEvent",12,"Who Flooded the Armory?",NA
"2552","5ce1785de4194c2f5ffab2f3",4,"Development","e0e8ba1d-a1a8-492c-a490-549b4a24c221","JG6 UX6",185,"2019-05-19 05:38:00","WindowsPlayer",NA,11,"TaskEvent",0,"0.11.235",-44.3204765319824,55.301830291748,24.9726009368896,-0.745476603507996,-0.666532158851624,0,"History of WAT247,Find Toppo's Posters,Crash Diagnostics - Mountains,U3 - Crash Side Quest P3,Construct a Distillery at the Factory","50,watershed;49,poster1;49,poster6;46,jasper;40,Find the supplies crate;35,setup fourth","U5_Largemart_Factory,U5_Largemart_Factory_Quests","0.11.235","TaskCompleteEvent",12,"Who Flooded the Armory?",NA
"2553","5ce1785de4194c2f5ffab2f5",4,"Development","e0e8ba1d-a1a8-492c-a490-549b4a24c221","JG6 UX6",185,"2019-05-19 05:38:00","WindowsPlayer",NA,11,"TaskEvent",0,"0.11.235",-44.3204765319824,55.301830291748,24.9726009368896,-0.745476603507996,-0.666532158851624,0,"History of WAT247,Find Toppo's Posters,Crash Diagnostics - Mountains,U3 - Crash Side Quest P3,Construct a Distillery at the Factory,Back at the Base","50,watershed;49,poster1;49,poster6;46,jasper;40,Find the supplies crate","U5_Largemart_Factory,U5_Largemart_Factory_Quests","0.11.235","TaskProgressEvent",12,"Who Flooded the Armory?",1
"2554","5ce1785de4194c2f5ffab2f6",4,"Development","e0e8ba1d-a1a8-492c-a490-549b4a24c221","JG6 UX6",185,"2019-05-19 05:38:00","WindowsPlayer",NA,11,"TaskEvent",0,"0.11.235",-44.3204765319824,55.301830291748,24.9726009368896,-0.745476603507996,-0.666532158851624,0,"History of WAT247,Find Toppo's Posters,Crash Diagnostics - Mountains,U3 - Crash Side Quest P3,Back at the Base","50,watershed;49,poster1;49,poster6;46,jasper;40,Find the supplies crate;69,Go to Sleep","U5_Largemart_Factory,U5_Largemart_Factory_Quests","0.11.235","TaskActiveEvent",12,"Who Flooded the Warehouse?",NA
"2555","5ce178c4e4194c2f5ffab36b",4,"Development","e0e8ba1d-a1a8-492c-a490-549b4a24c221","JG6 UX6",185,"2019-05-19 05:39:40","WindowsPlayer",NA,11,"TaskEvent",0,"0.11.235",5.4502911567688,-6.72609519958496,0.981999218463898,0.914474725723267,0.4046431183815,0,"History of WAT247,Find Toppo's Posters,Crash Diagnostics - Mountains,U3 - Crash Side Quest P3","50,watershed;49,poster1;49,poster6;46,jasper;40,Find the supplies crate","PB_PlayerRoom","0.11.235","TaskCompleteEvent",12,"Who Flooded the Warehouse?",NA
"2556","5ce178c4e4194c2f5ffab36d",4,"Development","e0e8ba1d-a1a8-492c-a490-549b4a24c221","JG6 UX6",185,"2019-05-19 05:39:42","WindowsPlayer",NA,11,"TaskEvent",0,"0.11.235",5.4502911567688,-6.72609519958496,0.981999218463898,-0.996242046356201,-0.0866129398345947,0,"History of WAT247,Find Toppo's Posters,Crash Diagnostics - Mountains,U3 - Crash Side Quest P3,Check in with Toppo","50,watershed;49,poster1;49,poster6;46,jasper;40,Find the supplies crate","PB_PlayerRoom","0.11.235","TaskActiveEvent",13,"deactivate",NA
"2557","5ce178c4e4194c2f5ffab372",4,"Development","e0e8ba1d-a1a8-492c-a490-549b4a24c221","JG6 UX6",185,"2019-05-19 05:39:40","WindowsPlayer",NA,11,"TaskEvent",0,"0.11.235",5.4502911567688,-6.72609519958496,0.981999218463898,0.914474725723267,0.4046431183815,0,"History of WAT247,Find Toppo's Posters,Crash Diagnostics - Mountains,U3 - Crash Side Quest P3,Back at the Base","50,watershed;49,poster1;49,poster6;46,jasper;40,Find the supplies crate;69,Go to Sleep","PB_PlayerRoom","0.11.235","TaskProgressEvent",12,"Who Flooded the Warehouse?",1
"2558","5ce178eae4194c2f5ffab391",4,"Development","e0e8ba1d-a1a8-492c-a490-549b4a24c221","JG6 UX6",185,"2019-05-19 05:40:24","WindowsPlayer",NA,11,"TaskEvent",0,"0.11.235",-57.0714340209961,-159.925674438477,60.4097557067871,-0.148358002305031,0.988933742046356,0,"History of WAT247,Find Toppo's Posters,Crash Diagnostics - Mountains,U3 - Crash Side Quest P3,Check in with Toppo","50,watershed;49,poster1;49,poster6;46,jasper;40,Find the supplies crate;63,Leave your house","Player_Base","0.11.235","TaskProgressEvent",13,"deactivate",1
"2559","5ce178eae4194c2f5ffab3a1",4,"Development","e0e8ba1d-a1a8-492c-a490-549b4a24c221","JG6 UX6",185,"2019-05-19 05:40:24","WindowsPlayer",NA,11,"TaskEvent",0,"0.11.235",-57.0714340209961,-159.925674438477,60.4097557067871,-0.148358002305031,0.988933742046356,0,"History of WAT247,Find Toppo's Posters,Crash Diagnostics - Mountains,U3 - Crash Side Quest P3,Check in with Toppo","50,watershed;49,poster1;49,poster6;46,jasper;40,Find the supplies crate;63,Leave your house","Player_Base","0.11.235","TaskActiveEvent",13,"report",NA
"2560","5ce178eae4194c2f5ffab3a2",4,"Development","e0e8ba1d-a1a8-492c-a490-549b4a24c221","JG6 UX6",185,"2019-05-19 05:40:24","WindowsPlayer",NA,11,"TaskEvent",0,"0.11.235",-57.0714340209961,-159.925674438477,60.4097557067871,-0.148358002305031,0.988933742046356,0,"History of WAT247,Find Toppo's Posters,Crash Diagnostics - Mountains,U3 - Crash Side Quest P3,Check in with Toppo","50,watershed;49,poster1;49,poster6;46,jasper;40,Find the supplies crate;63,Leave your house;63,Talk with Toppo","Player_Base","0.11.235","TaskCompleteEvent",13,"deactivate",NA
"2561","5ce17981e4194c2f5ffab467",4,"Development","e0e8ba1d-a1a8-492c-a490-549b4a24c221","JG6 UX6",185,"2019-05-19 05:42:52","WindowsPlayer",NA,11,"TaskEvent",0,"0.11.235",-68.92724609375,-106.25617980957,58.9669380187988,-0.686221897602081,0.727392315864563,0,"History of WAT247,Find Toppo's Posters,Crash Diagnostics - Mountains,U3 - Crash Side Quest P3,Check in with Toppo,Investigate Sam's Water Shortage","50,watershed;49,poster1;49,poster6;46,jasper;40,Find the supplies crate","Player_Base","0.11.235","TaskCompleteEvent",13,"report",NA
"2562","5ce17981e4194c2f5ffab46a",4,"Development","e0e8ba1d-a1a8-492c-a490-549b4a24c221","JG6 UX6",185,"2019-05-19 05:42:52","WindowsPlayer",NA,11,"TaskEvent",0,"0.11.235",-68.92724609375,-106.25617980957,58.9669380187988,-0.686221897602081,0.727392315864563,0,"History of WAT247,Find Toppo's Posters,Crash Diagnostics - Mountains,U3 - Crash Side Quest P3,Investigate Sam's Water Shortage","50,watershed;49,poster1;49,poster6;46,jasper;40,Find the supplies crate;64,Check Sam's Garden","Player_Base","0.11.235","TaskProgressEvent",13,"report",1
"2563","5ce17981e4194c2f5ffab46c",4,"Development","e0e8ba1d-a1a8-492c-a490-549b4a24c221","JG6 UX6",185,"2019-05-19 05:42:52","WindowsPlayer",NA,11,"TaskEvent",0,"0.11.235",-68.92724609375,-106.25617980957,58.9669380187988,-0.686221897602081,0.727392315864563,0,"History of WAT247,Find Toppo's Posters,Crash Diagnostics - Mountains,U3 - Crash Side Quest P3,Check in with Toppo","50,watershed;49,poster1;49,poster6;46,jasper;40,Find the supplies crate;63,Talk with Toppo","Player_Base","0.11.235","TaskActiveEvent",14,"fountain1",NA
"2564","5ce179d0e4194c2f5ffab4ef",4,"Development","e0e8ba1d-a1a8-492c-a490-549b4a24c221","JG6 UX6",185,"2019-05-19 05:44:13","WindowsPlayer",NA,11,"TaskEvent",0,"0.11.235",-7.53667306900024,623.236999511719,56.1157646179199,-0.678328096866608,0.734759151935577,0,"History of WAT247,Find Toppo's Posters,Crash Diagnostics - Mountains,U3 - Crash Side Quest P3,Investigate Sam's Water Shortage","50,watershed;49,poster1;49,poster6;46,jasper;40,Find the supplies crate;64,Check Sam's Garden","U3,U3_Collectibles,U3_Quests,U3_RiverSpline","0.11.235","TaskProgressEvent",14,"fountain1",1
"2565","5ce179d0e4194c2f5ffab4f2",4,"Development","e0e8ba1d-a1a8-492c-a490-549b4a24c221","JG6 UX6",185,"2019-05-19 05:44:13","WindowsPlayer",NA,11,"TaskEvent",0,"0.11.235",-7.53667306900024,623.236999511719,56.1157646179199,-0.678328096866608,0.734759151935577,0,"History of WAT247,Find Toppo's Posters,Crash Diagnostics - Mountains,U3 - Crash Side Quest P3,Investigate Sam's Water Shortage","50,watershed;49,poster1;49,poster6;46,jasper;40,Find the supplies crate;64,Check Sam's Garden;64,Measure the East River Levels","U3,U3_Collectibles,U3_Quests,U3_RiverSpline","0.11.235","TaskActiveEvent",14,"fountain2",NA
"2566","5ce179d1e4194c2f5ffab4fa",4,"Development","e0e8ba1d-a1a8-492c-a490-549b4a24c221","JG6 UX6",185,"2019-05-19 05:44:13","WindowsPlayer",NA,11,"TaskEvent",0,"0.11.235",-7.53667306900024,623.236999511719,56.1157646179199,-0.678328096866608,0.734759151935577,0,"History of WAT247,Find Toppo's Posters,Crash Diagnostics - Mountains,U3 - Crash Side Quest P3,Investigate Sam's Water Shortage","50,watershed;49,poster1;49,poster6;46,jasper;40,Find the supplies crate;64,Check Sam's Garden","U3,U3_Collectibles,U3_Quests,U3_RiverSpline","0.11.235","TaskCompleteEvent",14,"fountain1",NA
"2567","5ce17a02e4194c2f5ffab53c",4,"Development","e0e8ba1d-a1a8-492c-a490-549b4a24c221","JG6 UX6",185,"2019-05-19 05:44:56","WindowsPlayer",NA,11,"TaskEvent",0,"0.11.235",100.930938720703,591.169860839844,52.6633834838867,0.959869623184204,-0.280447125434875,0,"History of WAT247,Find Toppo's Posters,Crash Diagnostics - Mountains,U3 - Crash Side Quest P3,Investigate Sam's Water Shortage","50,watershed;49,poster1;49,poster6;46,jasper;40,Find the supplies crate;64,Measure the East River Levels","U3,U3_Collectibles,U3_Quests,U3_RiverSpline","0.11.235","TaskProgressEvent",14,"fountain2",1
"2568","5ce17a02e4194c2f5ffab53f",4,"Development","e0e8ba1d-a1a8-492c-a490-549b4a24c221","JG6 UX6",185,"2019-05-19 05:44:56","WindowsPlayer",NA,11,"TaskEvent",0,"0.11.235",100.930938720703,591.169860839844,52.6633834838867,0.959869623184204,-0.280447125434875,0,"History of WAT247,Find Toppo's Posters,Crash Diagnostics - Mountains,U3 - Crash Side Quest P3,Investigate Sam's Water Shortage","50,watershed;49,poster1;49,poster6;46,jasper;40,Find the supplies crate;64,Measure the East River Levels","U3,U3_Collectibles,U3_Quests,U3_RiverSpline","0.11.235","TaskActiveEvent",14,"fountain3",NA
"2569","5ce17a02e4194c2f5ffab543",4,"Development","e0e8ba1d-a1a8-492c-a490-549b4a24c221","JG6 UX6",185,"2019-05-19 05:44:56","WindowsPlayer",NA,11,"TaskEvent",0,"0.11.235",100.930938720703,591.169860839844,52.6633834838867,0.959869623184204,-0.280447125434875,0,"History of WAT247,Find Toppo's Posters,Crash Diagnostics - Mountains,U3 - Crash Side Quest P3,Investigate Sam's Water Shortage","50,watershed;49,poster1;49,poster6;46,jasper;40,Find the supplies crate;64,Measure the East River Levels;64,Measure the West River Levels","U3,U3_Collectibles,U3_Quests,U3_RiverSpline","0.11.235","TaskCompleteEvent",14,"fountain2",NA
"2570","5ce17a5ce4194c2f5ffab5b7",4,"Development","e0e8ba1d-a1a8-492c-a490-549b4a24c221","JG6 UX6",185,"2019-05-19 05:46:30","WindowsPlayer",NA,11,"TaskEvent",0,"0.11.235",-388.640319824219,637.298828125,54.0638008117676,-0.986323237419128,0.164822161197662,0,"History of WAT247,Find Toppo's Posters,Crash Diagnostics - Mountains,U3 - Crash Side Quest P3,Investigate Sam's Water Shortage","50,watershed;49,poster1;49,poster6;46,jasper;40,Find the supplies crate;64,Measure the West River Levels","U3,U3_Collectibles,U3_Quests,U3_RiverSpline","0.11.235","TaskProgressEvent",14,"fountain3",1
"2571","5ce17a5ce4194c2f5ffab5b8",4,"Development","e0e8ba1d-a1a8-492c-a490-549b4a24c221","JG6 UX6",185,"2019-05-19 05:46:30","WindowsPlayer",NA,11,"TaskEvent",0,"0.11.235",-388.640319824219,637.298828125,54.0638008117676,-0.986323237419128,0.164822161197662,0,"History of WAT247,Find Toppo's Posters,Crash Diagnostics - Mountains,U3 - Crash Side Quest P3,Investigate Sam's Water Shortage,Investigate Anderson's Water Shortage","50,watershed;49,poster1;49,poster6;46,jasper;40,Find the supplies crate","U3,U3_Collectibles,U3_Quests,U3_RiverSpline","0.11.235","TaskActiveEvent",14,"Head back to Anderson",NA
"2572","5ce17a5de4194c2f5ffab5c1",4,"Development","e0e8ba1d-a1a8-492c-a490-549b4a24c221","JG6 UX6",185,"2019-05-19 05:46:30","WindowsPlayer",NA,11,"TaskEvent",0,"0.11.235",-388.640319824219,637.298828125,54.0638008117676,-0.986323237419128,0.164822161197662,0,"History of WAT247,Find Toppo's Posters,Crash Diagnostics - Mountains,U3 - Crash Side Quest P3,Investigate Anderson's Water Shortage","50,watershed;49,poster1;49,poster6;46,jasper;40,Find the supplies crate;65,Check Anderson's Water Supply","U3,U3_Collectibles,U3_Quests,U3_RiverSpline","0.11.235","TaskCompleteEvent",14,"fountain3",NA
"2573","5ce17af5e4194c2f5ffab68e",4,"Development","e0e8ba1d-a1a8-492c-a490-549b4a24c221","JG6 UX6",185,"2019-05-19 05:48:57","WindowsPlayer",NA,11,"TaskEvent",0,"0.11.235",-522.011291503906,767.133728027344,51.9231605529785,-0.732838690280914,0.680222868919373,-0.015627596527338,"History of WAT247,Find Toppo's Posters,Crash Diagnostics - Mountains,U3 - Crash Side Quest P3,Investigate Anderson's Water Shortage","50,watershed;49,poster1;49,poster6;46,jasper;40,Find the supplies crate;65,Check Anderson's Water Supply","U4,U4_Collectibles,U4_Quests,U4_MilitaryBase","0.11.235","TaskProgressEvent",14,"Head back to Anderson",1
"2574","5ce17af5e4194c2f5ffab68f",4,"Development","e0e8ba1d-a1a8-492c-a490-549b4a24c221","JG6 UX6",185,"2019-05-19 05:48:57","WindowsPlayer",NA,11,"TaskEvent",0,"0.11.235",-522.011291503906,767.133728027344,51.9231605529785,-0.732838690280914,0.680222868919373,-0.015627596527338,"History of WAT247,Find Toppo's Posters,Crash Diagnostics - Mountains,U3 - Crash Side Quest P3,Investigate Anderson's Water Shortage","50,watershed;49,poster1;49,poster6;46,jasper;40,Find the supplies crate;65,Check Anderson's Water Supply","U4,U4_Collectibles,U4_Quests,U4_MilitaryBase","0.11.235","TaskActiveEvent",14,"overflow fountain",NA
"2575","5ce17af5e4194c2f5ffab692",4,"Development","e0e8ba1d-a1a8-492c-a490-549b4a24c221","JG6 UX6",185,"2019-05-19 05:48:57","WindowsPlayer",NA,11,"TaskEvent",0,"0.11.235",-522.011291503906,767.133728027344,51.9231605529785,-0.732838690280914,0.680222868919373,-0.015627596527338,"History of WAT247,Find Toppo's Posters,Crash Diagnostics - Mountains,U3 - Crash Side Quest P3,Investigate Anderson's Water Shortage","50,watershed;49,poster1;49,poster6;46,jasper;40,Find the supplies crate;65,Check Anderson's Water Supply;65,Check the Bunker Water Table","U4,U4_Collectibles,U4_Quests,U4_MilitaryBase","0.11.235","TaskCompleteEvent",14,"Head back to Anderson",NA
"2576","5ce17b2ce4194c2f5ffab6df",4,"Development","e0e8ba1d-a1a8-492c-a490-549b4a24c221","JG6 UX6",185,"2019-05-19 05:49:59","WindowsPlayer",NA,11,"TaskEvent",0,"0.11.235",-559.133544921875,-23.4055461883545,27.4015293121338,0.2408337444067,-0.970552980899811,0.00513572571799159,"History of WAT247,Find Toppo's Posters,Crash Diagnostics - Mountains,U3 - Crash Side Quest P3,Investigate Anderson's Water Shortage","50,watershed;49,poster1;49,poster6;46,jasper;40,Find the supplies crate;65,Check the Bunker Water Table;65,Check the Ruins Water Table","U4,U4_Collectibles,U4_Quests","0.11.235","TaskCompleteEvent",14,"overflow fountain",NA
"2577","5ce17b2ce4194c2f5ffab6e7",4,"Development","e0e8ba1d-a1a8-492c-a490-549b4a24c221","JG6 UX6",185,"2019-05-19 05:49:59","WindowsPlayer",NA,11,"TaskEvent",0,"0.11.235",-559.133544921875,-23.4055461883545,27.4015293121338,0.2408337444067,-0.970552980899811,0.00513572571799159,"History of WAT247,Find Toppo's Posters,Crash Diagnostics - Mountains,U3 - Crash Side Quest P3,Investigate Anderson's Water Shortage","50,watershed;49,poster1;49,poster6;46,jasper;40,Find the supplies crate;65,Check the Bunker Water Table","U4,U4_Collectibles,U4_Quests","0.11.235","TaskActiveEvent",61,"Head to Bed",NA
"2578","5ce17b2ce4194c2f5ffab6e8",4,"Development","e0e8ba1d-a1a8-492c-a490-549b4a24c221","JG6 UX6",185,"2019-05-19 05:49:59","WindowsPlayer",NA,11,"TaskEvent",0,"0.11.235",-559.133544921875,-23.4055461883545,27.4015293121338,0.2408337444067,-0.970552980899811,0.00513572571799159,"History of WAT247,Find Toppo's Posters,Crash Diagnostics - Mountains,U3 - Crash Side Quest P3,Investigate Anderson's Water Shortage","50,watershed;49,poster1;49,poster6;46,jasper;40,Find the supplies crate;65,Check the Bunker Water Table","U4,U4_Collectibles,U4_Quests","0.11.235","TaskProgressEvent",14,"overflow fountain",1
"2579","5ce17b87e4194c2f5ffab793",4,"Development","e0e8ba1d-a1a8-492c-a490-549b4a24c221","JG6 UX6",185,"2019-05-19 05:51:34","WindowsPlayer",NA,11,"TaskEvent",0,"0.11.235",64.3622436523438,-448.639801025391,36.5708847045898,0.966330885887146,-0.256476253271103,0.0206067208200693,"History of WAT247,Find Toppo's Posters,Crash Diagnostics - Mountains,U3 - Crash Side Quest P3,Investigate Anderson's Water Shortage,Investigate the Water Shortage","50,watershed;49,poster1;49,poster6;46,jasper;40,Find the supplies crate","U4,U4_Collectibles,U4_Quests,U4_AlienRuins","0.11.235","TaskProgressEvent",61,"Head to Bed",1
"2580","5ce17b87e4194c2f5ffab795",4,"Development","e0e8ba1d-a1a8-492c-a490-549b4a24c221","JG6 UX6",185,"2019-05-19 05:51:34","WindowsPlayer",NA,11,"TaskEvent",0,"0.11.235",64.3622436523438,-448.639801025391,36.5708847045898,0.966330885887146,-0.256476253271103,0.0206067208200693,"History of WAT247,Find Toppo's Posters,Crash Diagnostics - Mountains,U3 - Crash Side Quest P3,Investigate Anderson's Water Shortage","50,watershed;49,poster1;49,poster6;46,jasper;40,Find the supplies crate;65,Check the Ruins Water Table","U4,U4_Collectibles,U4_Quests,U4_AlienRuins","0.11.235","TaskActiveEvent",85,"teleport island",NA
"2581","5ce17b87e4194c2f5ffab797",4,"Development","e0e8ba1d-a1a8-492c-a490-549b4a24c221","JG6 UX6",185,"2019-05-19 05:51:34","WindowsPlayer",NA,11,"TaskEvent",0,"0.11.235",64.3622436523438,-448.639801025391,36.5708847045898,0.966330885887146,-0.256476253271103,0.0206067208200693,"History of WAT247,Find Toppo's Posters,Crash Diagnostics - Mountains,U3 - Crash Side Quest P3,Investigate the Water Shortage","50,watershed;49,poster1;49,poster6;46,jasper;40,Find the supplies crate;88,Check the Seaside Humidity","U4,U4_Collectibles,U4_Quests,U4_AlienRuins","0.11.235","TaskCompleteEvent",61,"Head to Bed",NA
"2582","5ce17bf7e4194c2f5ffab81f",4,"Development","e0e8ba1d-a1a8-492c-a490-549b4a24c221","JG6 UX6",185,"2019-05-19 05:53:24","WindowsPlayer",NA,11,"TaskEvent",0,"0.11.235",-209.867721557617,204.684814453125,51.8147888183594,0.653420627117157,0.75699508190155,0,"History of WAT247,Find Toppo's Posters,Crash Diagnostics - Mountains,U3 - Crash Side Quest P3,Investigate the Water Shortage","50,watershed;49,poster1;49,poster6;46,jasper;40,Find the supplies crate;88,Check the Seaside Humidity","U5,U5_Quests","0.11.235","TaskActiveEvent",27,"Talk with Sam",NA
"2583","5ce17bf7e4194c2f5ffab826",4,"Development","e0e8ba1d-a1a8-492c-a490-549b4a24c221","JG6 UX6",185,"2019-05-19 05:53:24","WindowsPlayer",NA,11,"TaskEvent",0,"0.11.235",-209.867721557617,204.684814453125,51.8147888183594,0.653420627117157,0.75699508190155,0,"History of WAT247,Find Toppo's Posters,Crash Diagnostics - Mountains,U3 - Crash Side Quest P3,Investigate the Water Shortage","50,watershed;49,poster1;49,poster6;46,jasper;40,Find the supplies crate;88,Check the Seaside Humidity","U5,U5_Quests","0.11.235","TaskProgressEvent",5,"Drill to the Water Table",1
"2584","5ce17bf7e4194c2f5ffab827",4,"Development","e0e8ba1d-a1a8-492c-a490-549b4a24c221","JG6 UX6",185,"2019-05-19 05:53:24","WindowsPlayer",NA,11,"TaskEvent",0,"0.11.235",-209.867721557617,204.684814453125,51.8147888183594,0.653420627117157,0.75699508190155,0,"History of WAT247,Find Toppo's Posters,Crash Diagnostics - Mountains,U3 - Crash Side Quest P3,Investigate the Water Shortage","50,watershed;49,poster1;49,poster6;46,jasper;40,Find the supplies crate;88,Check the Seaside Humidity;88,Check the Factory Humidity","U5,U5_Quests","0.11.235","TaskActiveEvent",5,"Direct the irrigation",NA
"2585","5ce17c2ee4194c2f5ffab88f",4,"Development","e0e8ba1d-a1a8-492c-a490-549b4a24c221","JG6 UX6",185,"2019-05-19 05:54:13","WindowsPlayer",NA,11,"TaskEvent",0,"0.11.235",83.2773895263672,60.8767051696777,106.760375976562,-0.772733569145203,0.634730458259583,0,"History of WAT247,Find Toppo's Posters,Crash Diagnostics - Mountains,U3 - Crash Side Quest P3,Investigate the Water Shortage","50,watershed;49,poster1;49,poster6;46,jasper;40,Find the supplies crate;88,Check the Factory Humidity","U5,U5_Quests","0.11.235","TaskProgressEvent",57,"Meet up with Sam",1
"2586","5ce17c2ee4194c2f5ffab891",4,"Development","e0e8ba1d-a1a8-492c-a490-549b4a24c221","JG6 UX6",185,"2019-05-19 05:54:13","WindowsPlayer",NA,11,"TaskEvent",0,"0.11.235",83.2773895263672,60.8767051696777,106.760375976562,-0.772733569145203,0.634730458259583,0,"History of WAT247,Find Toppo's Posters,Crash Diagnostics - Mountains,U3 - Crash Side Quest P3,Investigate the Water Shortage","50,watershed;49,poster1;49,poster6;46,jasper;40,Find the supplies crate;88,Check the Factory Humidity","U5,U5_Quests","0.11.235","TaskActiveEvent",50,"infiltration",NA
"2587","5ce17c2ee4194c2f5ffab895",4,"Development","e0e8ba1d-a1a8-492c-a490-549b4a24c221","JG6 UX6",185,"2019-05-19 05:54:13","WindowsPlayer",NA,11,"TaskEvent",0,"0.11.235",83.2773895263672,60.8767051696777,106.760375976562,-0.772733569145203,0.634730458259583,0,"History of WAT247,Find Toppo's Posters,Crash Diagnostics - Mountains,U3 - Crash Side Quest P3,Investigate the Water Shortage","50,watershed;49,poster1;49,poster6;46,jasper;40,Find the supplies crate;88,Check the Factory Humidity;88,Check the Cave Humidity","U5,U5_Quests","0.11.235","TaskActiveEvent",50,"energy",NA
"2588","5ce17c56e4194c2f5ffab8cb",4,"Development","e0e8ba1d-a1a8-492c-a490-549b4a24c221","JG6 UX6",185,"2019-05-19 05:54:52","WindowsPlayer",NA,11,"TaskEvent",0,"0.11.235",-207.338455200195,16.0273971557617,69.1291580200195,-0.989015758037567,-0.147810101509094,0,"History of WAT247,Find Toppo's Posters,Crash Diagnostics - Mountains,U3 - Crash Side Quest P3,Investigate the Water Shortage,U5 - Crash Diagnostics P7","50,watershed;49,poster1;49,poster6;46,jasper;40,Find the supplies crate;88,Check the Cave Humidity","U5,U5_Quests","0.11.235","TaskCompleteEvent",5,"Drill to the Water Table",NA
"2589","5ce17c6fe4194c2f5ffab8fa",4,"Development","e0e8ba1d-a1a8-492c-a490-549b4a24c221","JG6 UX6",185,"2019-05-19 05:55:22","WindowsPlayer",NA,11,"TaskEvent",0,"0.11.235",-641.655151367188,0.0589416772127151,-107.270080566406,0.992957949638367,-0.118466734886169,0,"History of WAT247,Find Toppo's Posters,Crash Diagnostics - Mountains,U3 - Crash Side Quest P3,Investigate the Water Shortage,U5 - Crash Diagnostics P7","50,watershed;49,poster1;49,poster6;46,jasper;40,Find the supplies crate;88,Check the Cave Humidity;62,Find the Black Box","U5_Cavern,U5_Cavern_Quests","0.11.235","TaskCompleteEvent",57,"Meet up with Sam",NA
"2590","5ce17c6fe4194c2f5ffab900",4,"Development","e0e8ba1d-a1a8-492c-a490-549b4a24c221","JG6 UX6",185,"2019-05-19 05:55:22","WindowsPlayer",NA,11,"TaskEvent",0,"0.11.235",-641.655151367188,0.0589416772127151,-107.270080566406,0.992957949638367,-0.118466734886169,0,"History of WAT247,Find Toppo's Posters,Crash Diagnostics - Mountains,U3 - Crash Side Quest P3,Investigate the Water Shortage,U5 - Crash Diagnostics P7","50,watershed;49,poster1;49,poster6;46,jasper;40,Find the supplies crate;88,Check the Cave Humidity;62,Find the Black Box","U5_Cavern,U5_Cavern_Quests","0.11.235","TaskActiveEvent",50,"watershed",NA
"2591","5ce17c6fe4194c2f5ffab905",4,"Development","e0e8ba1d-a1a8-492c-a490-549b4a24c221","JG6 UX6",185,"2019-05-19 05:55:22","WindowsPlayer",NA,11,"TaskEvent",0,"0.11.235",-641.655151367188,0.0589416772127151,-107.270080566406,0.992957949638367,-0.118466734886169,0,"History of WAT247,Find Toppo's Posters,Crash Diagnostics - Mountains,U3 - Crash Side Quest P3,Investigate the Water Shortage,U5 - Crash Diagnostics P7","50,watershed;49,poster1;49,poster6;46,jasper;40,Find the supplies crate;88,Check the Cave Humidity;62,Find the Black Box;88,Check the Base Humidity","U5_Cavern,U5_Cavern_Quests","0.11.235","TaskActiveEvent",50,"dissolved materials",NA
"2592","5ce17cc6e4194c2f5ffab981",4,"Development","e0e8ba1d-a1a8-492c-a490-549b4a24c221","JG6 UX6",185,"2019-05-19 05:56:41","WindowsPlayer",NA,11,"TaskEvent",0,"0.11.235",-153.725128173828,-87.8313980102539,97.1035995483398,-0.120136551558971,-0.992757439613342,0,"History of WAT247,Find Toppo's Posters,Crash Diagnostics - Mountains,U3 - Crash Side Quest P3,Investigate the Water Shortage,U5 - Crash Diagnostics P7","50,watershed;49,poster1;49,poster6;46,jasper;40,Find the supplies crate;62,Find the Black Box;88,Check the Base Humidity","U5,U5_Quests","0.11.235","TaskProgressEvent",87,"Gain Acces to the Ruins",1
"2593","5ce17cc6e4194c2f5ffab98c",4,"Development","e0e8ba1d-a1a8-492c-a490-549b4a24c221","JG6 UX6",185,"2019-05-19 05:56:41","WindowsPlayer",NA,11,"TaskEvent",0,"0.11.235",-153.725128173828,-87.8313980102539,97.1035995483398,-0.120136551558971,-0.992757439613342,0,"History of WAT247,Find Toppo's Posters,Crash Diagnostics - Mountains,U3 - Crash Side Quest P3,Investigate the Water Shortage,U5 - Crash Diagnostics P7","50,watershed;49,poster1;49,poster6;46,jasper;40,Find the supplies crate;62,Find the Black Box;88,Check the Base Humidity","U5,U5_Quests","0.11.235","TaskActiveEvent",87,"Pickup the Key",NA
"2594","5ce17cf6e4194c2f5ffab9db",4,"Development","e0e8ba1d-a1a8-492c-a490-549b4a24c221","JG6 UX6",185,"2019-05-19 05:57:40","WindowsPlayer",NA,11,"TaskEvent",0,"0.11.235",-75.9150848388672,-54.4018363952637,55.920166015625,0.805927872657776,0.592013716697693,0,"History of WAT247,Find Toppo's Posters,Crash Diagnostics - Mountains,U3 - Crash Side Quest P3,Investigate the Water Shortage,U5 - Crash Diagnostics P7","50,watershed;49,poster1;49,poster6;46,jasper;40,Find the supplies crate;88,Check the Base Humidity","Player_Base","0.11.235","TaskCompleteEvent",87,"Gain Acces to the Ruins",NA
"2595","5ce17cf6e4194c2f5ffab9dc",4,"Development","e0e8ba1d-a1a8-492c-a490-549b4a24c221","JG6 UX6",185,"2019-05-19 05:57:40","WindowsPlayer",NA,11,"TaskEvent",0,"0.11.235",-75.9150848388672,-54.4018363952637,55.920166015625,0.805927872657776,0.592013716697693,0,"History of WAT247,Find Toppo's Posters,Crash Diagnostics - Mountains,U3 - Crash Side Quest P3,Investigate the Water Shortage,U5 - Crash Diagnostics P7,Is Water Missing?","50,watershed;49,poster1;49,poster6;46,jasper;40,Find the supplies crate","Player_Base","0.11.235","TaskCompleteEvent",3,"Restore Power to B1",NA
"2596","5ce17cf6e4194c2f5ffab9de",4,"Development","e0e8ba1d-a1a8-492c-a490-549b4a24c221","JG6 UX6",185,"2019-05-19 05:57:40","WindowsPlayer",NA,11,"TaskEvent",0,"0.11.235",-75.9150848388672,-54.4018363952637,55.920166015625,0.805927872657776,0.592013716697693,0,"History of WAT247,Find Toppo's Posters,Crash Diagnostics - Mountains,U3 - Crash Side Quest P3,U5 - Crash Diagnostics P7,Is Water Missing?","50,watershed;49,poster1;49,poster6;46,jasper;40,Find the supplies crate;89,Update the Team","Player_Base","0.11.235","TaskActiveEvent",5,"Retry the Controls",NA
"2597","5ce17d42e4194c2f5ffaba3a",4,"Development","e0e8ba1d-a1a8-492c-a490-549b4a24c221","JG6 UX6",185,"2019-05-19 05:58:55","WindowsPlayer",NA,11,"TaskEvent",0,"0.11.235",-71.6104354858398,-99.26904296875,58.9669380187988,0.144356772303581,-0.989525675773621,0,"History of WAT247,Find Toppo's Posters,Crash Diagnostics - Mountains,U3 - Crash Side Quest P3,U5 - Crash Diagnostics P7,Is Water Missing?","50,watershed;49,poster1;49,poster6;46,jasper;40,Find the supplies crate;89,Update the Team","Player_Base","0.11.235","TaskProgressEvent",3,"Restore Power to B1",1
"2598","5ce17d42e4194c2f5ffaba42",4,"Development","e0e8ba1d-a1a8-492c-a490-549b4a24c221","JG6 UX6",185,"2019-05-19 05:58:55","WindowsPlayer",NA,11,"TaskEvent",0,"0.11.235",-71.6104354858398,-99.26904296875,58.9669380187988,0.144356772303581,-0.989525675773621,0,"History of WAT247,Find Toppo's Posters,Crash Diagnostics - Mountains,U3 - Crash Side Quest P3,U5 - Crash Diagnostics P7,Is Water Missing?","50,watershed;49,poster1;49,poster6;46,jasper;40,Find the supplies crate;89,Update the Team","Player_Base","0.11.235","TaskProgressEvent",75,"Pump1",1
"2599","5ce17d42e4194c2f5ffaba44",4,"Development","e0e8ba1d-a1a8-492c-a490-549b4a24c221","JG6 UX6",185,"2019-05-19 05:58:55","WindowsPlayer",NA,11,"TaskEvent",0,"0.11.235",-71.6104354858398,-99.26904296875,58.9669380187988,0.144356772303581,-0.989525675773621,0,"History of WAT247,Find Toppo's Posters,Crash Diagnostics - Mountains,U3 - Crash Side Quest P3,U5 - Crash Diagnostics P7,Is Water Missing?","50,watershed;49,poster1;49,poster6;46,jasper;40,Find the supplies crate;89,Update the Team;89,Sort this Out","Player_Base","0.11.235","TaskActiveEvent",75,"Pump2",NA
"2600","5ce17e05e4194c2f5ffabb28",4,"Development","e0e8ba1d-a1a8-492c-a490-549b4a24c221","JG6 UX6",185,"2019-05-19 06:01:58","WindowsPlayer",NA,11,"TaskEvent",0,"0.11.235",-71.6104354858398,-99.26904296875,58.9669380187988,0.144356772303581,-0.989525675773621,0,"History of WAT247,Find Toppo's Posters,Crash Diagnostics - Mountains,U3 - Crash Side Quest P3,U5 - Crash Diagnostics P7,Is Water Missing?","50,watershed;49,poster1;49,poster6;46,jasper;40,Find the supplies crate;89,Sort this Out","Player_Base","0.11.235","TaskCompleteEvent",75,"Pump1",NA
"2601","5ce17e05e4194c2f5ffabb29",4,"Development","e0e8ba1d-a1a8-492c-a490-549b4a24c221","JG6 UX6",185,"2019-05-19 06:01:58","WindowsPlayer",NA,11,"TaskEvent",0,"0.11.235",-71.6104354858398,-99.26904296875,58.9669380187988,0.144356772303581,-0.989525675773621,0,"History of WAT247,Find Toppo's Posters,Crash Diagnostics - Mountains,U3 - Crash Side Quest P3,U5 - Crash Diagnostics P7,Is Water Missing?","50,watershed;49,poster1;49,poster6;46,jasper;40,Find the supplies crate;89,Sort this Out","Player_Base","0.11.235","TaskProgressEvent",86,"Examine a Garden",1
"2602","5ce17e06e4194c2f5ffabb32",4,"Development","e0e8ba1d-a1a8-492c-a490-549b4a24c221","JG6 UX6",185,"2019-05-19 06:01:58","WindowsPlayer",NA,11,"TaskEvent",0,"0.11.235",-71.6104354858398,-99.26904296875,58.9669380187988,0.144356772303581,-0.989525675773621,0,"History of WAT247,Find Toppo's Posters,Crash Diagnostics - Mountains,U3 - Crash Side Quest P3,U5 - Crash Diagnostics P7,Is Water Missing?","50,watershed;49,poster1;49,poster6;46,jasper;40,Find the supplies crate;89,Sort this Out;89,Counter Him Cadet","Player_Base","0.11.235","TaskActiveEvent",86,"Check out the Supertree",NA
"2603","5ce17e46e4194c2f5ffabb7b",4,"Development","e0e8ba1d-a1a8-492c-a490-549b4a24c221","JG6 UX6",185,"2019-05-19 06:03:12","WindowsPlayer",NA,11,"TaskEvent",0,"0.11.235",-71.6104354858398,-99.26904296875,58.9669380187988,0.144356772303581,-0.989525675773621,0,"History of WAT247,Find Toppo's Posters,Crash Diagnostics - Mountains,U3 - Crash Side Quest P3,U5 - Crash Diagnostics P7,Is Water Missing?","50,watershed;49,poster1;49,poster6;46,jasper;40,Find the supplies crate;89,Counter Him Cadet;89,Is the Water Missing?","Player_Base","0.11.235","TaskCompleteEvent",86,"Examine a Garden",NA
"2604","5ce17e46e4194c2f5ffabb83",4,"Development","e0e8ba1d-a1a8-492c-a490-549b4a24c221","JG6 UX6",185,"2019-05-19 06:03:11","WindowsPlayer",NA,11,"TaskEvent",0,"0.11.235",-71.6104354858398,-99.26904296875,58.9669380187988,0.144356772303581,-0.989525675773621,0,"History of WAT247,Find Toppo's Posters,Crash Diagnostics - Mountains,U3 - Crash Side Quest P3,U5 - Crash Diagnostics P7,Is Water Missing?","50,watershed;49,poster1;49,poster6;46,jasper;40,Find the supplies crate;89,Counter Him Cadet","Player_Base","0.11.235","TaskProgressEvent",87,"Unlock the door",1
"2605","5ce17e47e4194c2f5ffabb86",4,"Development","e0e8ba1d-a1a8-492c-a490-549b4a24c221","JG6 UX6",185,"2019-05-19 06:03:11","WindowsPlayer",NA,11,"TaskEvent",0,"0.11.235",-71.6104354858398,-99.26904296875,58.9669380187988,0.144356772303581,-0.989525675773621,0,"History of WAT247,Find Toppo's Posters,Crash Diagnostics - Mountains,U3 - Crash Side Quest P3,U5 - Crash Diagnostics P7,Is Water Missing?","50,watershed;49,poster1;49,poster6;46,jasper;40,Find the supplies crate;89,Counter Him Cadet","Player_Base","0.11.235","TaskActiveEvent",87,"Enter the ruins",NA
"2606","5ce17eece4194c2f5ffabc5a",4,"Development","e0e8ba1d-a1a8-492c-a490-549b4a24c221","JG6 UX6",185,"2019-05-19 06:05:53","WindowsPlayer",NA,11,"TaskEvent",0,"0.11.235",-71.6104354858398,-99.26904296875,58.9669380187988,0.461749196052551,-0.88701069355011,0,"History of WAT247,Find Toppo's Posters,Crash Diagnostics - Mountains,U3 - Crash Side Quest P3,U5 - Crash Diagnostics P7,Is Water Missing?","50,watershed;49,poster1;49,poster6;46,jasper;40,Find the supplies crate;89,Is the Water Missing?","Player_Base","0.11.235","TaskCompleteEvent",87,"Unlock the door",NA
"2607","5ce17eece4194c2f5ffabc61",4,"Development","e0e8ba1d-a1a8-492c-a490-549b4a24c221","JG6 UX6",185,"2019-05-19 06:05:53","WindowsPlayer",NA,11,"TaskEvent",0,"0.11.235",-71.6104354858398,-99.26904296875,58.9669380187988,0.461749196052551,-0.88701069355011,0,"History of WAT247,Find Toppo's Posters,Crash Diagnostics - Mountains,U3 - Crash Side Quest P3,U5 - Crash Diagnostics P7,Is Water Missing?,Jasper's Discovery","50,watershed;49,poster1;49,poster6;46,jasper;40,Find the supplies crate","Player_Base","0.11.235","TaskProgressEvent",2,"Enter the Building",1
"2608","5ce17eece4194c2f5ffabc63",4,"Development","e0e8ba1d-a1a8-492c-a490-549b4a24c221","JG6 UX6",185,"2019-05-19 06:05:53","WindowsPlayer",NA,11,"TaskEvent",0,"0.11.235",-71.6104354858398,-99.26904296875,58.9669380187988,0.461749196052551,-0.88701069355011,0,"History of WAT247,Find Toppo's Posters,Crash Diagnostics - Mountains,U3 - Crash Side Quest P3,U5 - Crash Diagnostics P7,Jasper's Discovery","50,watershed;49,poster1;49,poster6;46,jasper;40,Find the supplies crate;66,Follow Jasper","Player_Base","0.11.235","TaskActiveEvent",2,"Try the Controls",NA
"2609","5ce17f71e4194c2f5ffabd04",4,"Development","e0e8ba1d-a1a8-492c-a490-549b4a24c221","JG6 UX6",185,"2019-05-19 06:08:05","WindowsPlayer",NA,11,"TaskEvent",0,"0.11.235",-71.6104354858398,-99.26904296875,58.9669380187988,0.475624859333038,-0.879648327827454,0,"History of WAT247,Find Toppo's Posters,Crash Diagnostics - Mountains,U3 - Crash Side Quest P3,U5 - Crash Diagnostics P7,Jasper's Discovery","50,watershed;49,poster1;49,poster6;46,jasper;40,Find the supplies crate;66,Follow Jasper","Player_Base,U2","0.11.235","TaskCompleteEvent",2,"Enter the Building",NA
"2610","5ce17f71e4194c2f5ffabd05",4,"Development","e0e8ba1d-a1a8-492c-a490-549b4a24c221","JG6 UX6",185,"2019-05-19 06:08:05","WindowsPlayer",NA,11,"TaskEvent",0,"0.11.235",-71.6104354858398,-99.26904296875,58.9669380187988,0.475624859333038,-0.879648327827454,0,"History of WAT247,Find Toppo's Posters,Crash Diagnostics - Mountains,U3 - Crash Side Quest P3,U5 - Crash Diagnostics P7,Jasper's Discovery","50,watershed;49,poster1;49,poster6;46,jasper;40,Find the supplies crate;66,Follow Jasper;66,Gain Entrance to the New Ruins","Player_Base,U2","0.11.235","TaskCompleteEvent",59,"Talk To Anderson",NA
"2611","5ce17f71e4194c2f5ffabd0b",4,"Development","e0e8ba1d-a1a8-492c-a490-549b4a24c221","JG6 UX6",185,"2019-05-19 06:08:05","WindowsPlayer",NA,11,"TaskEvent",0,"0.11.235",-71.6104354858398,-99.26904296875,58.9669380187988,0.475624859333038,-0.879648327827454,0,"History of WAT247,Find Toppo's Posters,Crash Diagnostics - Mountains,U3 - Crash Side Quest P3,U5 - Crash Diagnostics P7,Jasper's Discovery","50,watershed;49,poster1;49,poster6;46,jasper;40,Find the supplies crate;66,Follow Jasper","Player_Base,U2","0.11.235","TaskActiveEvent",2,"Find the Ruins",NA
"2612","5ce17fa8e4194c2f5ffabd63",4,"Development","e0e8ba1d-a1a8-492c-a490-549b4a24c221","JG6 UX6",185,"2019-05-19 06:09:08","WindowsPlayer",NA,11,"TaskEvent",0,"0.11.235",1123.04602050781,923.19921875,140.453842163086,-0.988228261470795,0.15298593044281,0,"History of WAT247,Find Toppo's Posters,Crash Diagnostics - Mountains,U3 - Crash Side Quest P3,U5 - Crash Diagnostics P7,Jasper's Discovery","50,watershed;49,poster1;49,poster6;46,jasper;40,Find the supplies crate;66,Gain Entrance to the New Ruins","U2,U2_Collectibles,U2_Quests","0.11.235","TaskProgressEvent",59,"Talk To Anderson",1
"2613","5ce17fa8e4194c2f5ffabd64",4,"Development","e0e8ba1d-a1a8-492c-a490-549b4a24c221","JG6 UX6",185,"2019-05-19 06:09:08","WindowsPlayer",NA,11,"TaskEvent",0,"0.11.235",1123.04602050781,923.19921875,140.453842163086,-0.988228261470795,0.15298593044281,0,"Find Toppo's Posters,Crash Diagnostics - Mountains,U3 - Crash Side Quest P3,U5 - Crash Diagnostics P7,Jasper's Discovery","49,poster1;49,poster6;46,jasper;40,Find the supplies crate;66,Gain Entrance to the New Ruins","U2,U2_Collectibles,U2_Quests","0.11.235","TaskActiveEvent",87,"Enter the ruins",NA
"2614","5ce17fd2e4194c2f5ffabd9f",4,"Development","e0e8ba1d-a1a8-492c-a490-549b4a24c221","JG6 UX6",185,"2019-05-19 06:09:42","WindowsPlayer",NA,11,"TaskEvent",0,"0.11.235",1118.61694335938,927.621520996094,140.48762512207,0.450877249240875,0.89258599281311,0,"Find Toppo's Posters,Crash Diagnostics - Mountains,U3 - Crash Side Quest P3,U5 - Crash Diagnostics P7,Jasper's Discovery","49,poster1;49,poster6;46,jasper;40,Find the supplies crate;66,Gain Entrance to the New Ruins;66,Complete the First Wing","U2,U2_Collectibles,U2_Quests","0.11.235","TaskProgressEvent",87,"Unlock the door",1
"2615","5ce17fd2e4194c2f5ffabdaa",4,"Development","e0e8ba1d-a1a8-492c-a490-549b4a24c221","JG6 UX6",185,"2019-05-19 06:09:42","WindowsPlayer",NA,11,"TaskEvent",0,"0.11.235",1118.61694335938,927.621520996094,140.48762512207,0.450877249240875,0.89258599281311,0,"Find Toppo's Posters,Crash Diagnostics - Mountains,U3 - Crash Side Quest P3,U5 - Crash Diagnostics P7,Jasper's Discovery","49,poster1;49,poster6;46,jasper;40,Find the supplies crate;66,Gain Entrance to the New Ruins","U2,U2_Collectibles,U2_Quests","0.11.235","TaskCompleteEvent",87,"Unlock the door",NA
"2616","5ce17fd2e4194c2f5ffabdab",4,"Development","e0e8ba1d-a1a8-492c-a490-549b4a24c221","JG6 UX6",185,"2019-05-19 06:09:42","WindowsPlayer",NA,11,"TaskEvent",0,"0.11.235",1118.61694335938,927.621520996094,140.48762512207,0.450877249240875,0.89258599281311,0,"Find Toppo's Posters,Crash Diagnostics - Mountains,U3 - Crash Side Quest P3,U5 - Crash Diagnostics P7,Jasper's Discovery","49,poster1;49,poster6;46,jasper;40,Find the supplies crate;66,Gain Entrance to the New Ruins","U2,U2_Collectibles,U2_Quests","0.11.235","TaskActiveEvent",3,"Restore Power to B2",NA
"2617","5ce18022e4194c2f5ffabe6d",4,"Development","e0e8ba1d-a1a8-492c-a490-549b4a24c221","JG6 UX6",185,"2019-05-19 06:11:11","WindowsPlayer",NA,11,"TaskEvent",0,"0.11.235",-8.28015041351318,23.8131332397461,3.48000001907349,-0.996040940284729,0.0888957381248474,0,"Find Toppo's Posters,Crash Diagnostics - Mountains,U3 - Crash Side Quest P3,U5 - Crash Diagnostics P7,Jasper's Discovery","49,poster1;49,poster6;46,jasper;40,Find the supplies crate;66,Complete the First Wing","U6_Dungeon","0.11.235","TaskProgressEvent",3,"Restore Power to B3",1
"2618","5ce18022e4194c2f5ffabe6e",4,"Development","e0e8ba1d-a1a8-492c-a490-549b4a24c221","JG6 UX6",185,"2019-05-19 06:11:11","WindowsPlayer",NA,11,"TaskEvent",0,"0.11.235",-8.28015041351318,23.8131332397461,3.48000001907349,-0.996040940284729,0.0888957381248474,0,"Find Toppo's Posters,Crash Diagnostics - Mountains,U3 - Crash Side Quest P3,U5 - Crash Diagnostics P7,Jasper's Discovery","49,poster1;49,poster6;46,jasper;40,Find the supplies crate;66,Complete the First Wing;66,Complete the Second Wing","U6_Dungeon","0.11.235","TaskCompleteEvent",3,"Restore Power to B3",NA
"2619","5ce18022e4194c2f5ffabe72",4,"Development","e0e8ba1d-a1a8-492c-a490-549b4a24c221","JG6 UX6",185,"2019-05-19 06:11:11","WindowsPlayer",NA,11,"TaskEvent",0,"0.11.235",-8.28015041351318,23.8131332397461,3.48000001907349,-0.996040940284729,0.0888957381248474,0,"Find Toppo's Posters,Crash Diagnostics - Mountains,U3 - Crash Side Quest P3,U5 - Crash Diagnostics P7,Jasper's Discovery","49,poster1;49,poster6;46,jasper;40,Find the supplies crate;66,Complete the First Wing","U6_Dungeon","0.11.235","TaskCompleteEvent",25,"Install Pumps",NA
"2620","5ce18072e4194c2f5ffabf0c",4,"Development","e0e8ba1d-a1a8-492c-a490-549b4a24c221","JG6 UX6",185,"2019-05-19 06:12:30","WindowsPlayer",NA,11,"TaskEvent",0,"0.11.235",60.5741920471191,11.448616027832,3.48000001907349,0.570713758468628,-0.821149468421936,0,"Find Toppo's Posters,Crash Diagnostics - Mountains,U3 - Crash Side Quest P3,U5 - Crash Diagnostics P7,Jasper's Discovery","49,poster1;49,poster6;46,jasper;40,Find the supplies crate;66,Complete the Second Wing;66,Complete the Third Wing","U6_Dungeon","0.11.235","TaskActiveEvent",56,"Head to bed",NA
"2621","5ce18072e4194c2f5ffabf12",4,"Development","e0e8ba1d-a1a8-492c-a490-549b4a24c221","JG6 UX6",185,"2019-05-19 06:12:30","WindowsPlayer",NA,11,"TaskEvent",0,"0.11.235",60.5741920471191,11.448616027832,3.48000001907349,0.570713758468628,-0.821149468421936,0,"Find Toppo's Posters,Crash Diagnostics - Mountains,U3 - Crash Side Quest P3,U5 - Crash Diagnostics P7,Jasper's Discovery","49,poster1;49,poster6;46,jasper;40,Find the supplies crate;66,Complete the Second Wing","U6_Dungeon","0.11.235","TaskProgressEvent",25,"Install Pumps",4
"2622","5ce18072e4194c2f5ffabf14",4,"Development","e0e8ba1d-a1a8-492c-a490-549b4a24c221","JG6 UX6",185,"2019-05-19 06:12:30","WindowsPlayer",NA,11,"TaskEvent",0,"0.11.235",60.5741920471191,11.448616027832,3.48000001907349,0.570713758468628,-0.821149468421936,0,"Find Toppo's Posters,Crash Diagnostics - Mountains,U3 - Crash Side Quest P3,U5 - Crash Diagnostics P7,Jasper's Discovery","49,poster1;49,poster6;46,jasper;40,Find the supplies crate;66,Complete the Second Wing","U6_Dungeon","0.11.235","TaskActiveEvent",61,"Head to Bed",NA
"2623","5ce18112e4194c2f5ffac045",4,"Development","e0e8ba1d-a1a8-492c-a490-549b4a24c221","JG6 UX6",185,"2019-05-19 06:15:08","WindowsPlayer",NA,11,"TaskEvent",0,"0.11.235",53.6120262145996,-70.1259918212891,3.70500016212463,0.0453642010688782,-0.99897038936615,0,"Find Toppo's Posters,Crash Diagnostics - Mountains,U3 - Crash Side Quest P3,U5 - Crash Diagnostics P7,Jasper's Discovery","49,poster1;49,poster6;46,jasper;40,Find the supplies crate;66,Complete the Third Wing;66,Enter the Alien Teleporter","U6_Dungeon","0.11.235","TaskCompleteEvent",14,"overflow fountain",NA
"2624","5ce18112e4194c2f5ffac050",4,"Development","e0e8ba1d-a1a8-492c-a490-549b4a24c221","JG6 UX6",185,"2019-05-19 06:15:08","WindowsPlayer",NA,11,"TaskEvent",0,"0.11.235",53.6120262145996,-70.1259918212891,3.70500016212463,0.0453642010688782,-0.99897038936615,0,"Find Toppo's Posters,Crash Diagnostics - Mountains,U3 - Crash Side Quest P3,U5 - Crash Diagnostics P7,Jasper's Discovery","49,poster1;49,poster6;46,jasper;40,Find the supplies crate;66,Complete the Third Wing","U6_Dungeon","0.11.235","TaskProgressEvent",14,"overflow fountain",1
"2625","5ce18112e4194c2f5ffac055",4,"Development","e0e8ba1d-a1a8-492c-a490-549b4a24c221","JG6 UX6",185,"2019-05-19 06:15:08","WindowsPlayer",NA,11,"TaskEvent",0,"0.11.235",53.6120262145996,-70.1259918212891,3.70500016212463,0.0453642010688782,-0.99897038936615,0,"Find Toppo's Posters,Crash Diagnostics - Mountains,U3 - Crash Side Quest P3,U5 - Crash Diagnostics P7,Jasper's Discovery","49,poster1;49,poster6;46,jasper;40,Find the supplies crate;66,Complete the Third Wing","U6_Dungeon","0.11.235","TaskCompleteEvent",86,"Talk to Sam",NA
"2626","5ce18170e4194c2f5ffac0e9",4,"Development","e0e8ba1d-a1a8-492c-a490-549b4a24c221","JG6 UX6",185,"2019-05-19 06:16:43","WindowsPlayer",NA,11,"TaskEvent",0,"0.11.235",4.18198347091675,-8.17420291900635,5.20906972885132,0.798634886741638,0.60181587934494,0,"Find Toppo's Posters,Crash Diagnostics - Mountains,U3 - Crash Side Quest P3,U5 - Crash Diagnostics P7,Jasper's Discovery","49,poster1;49,poster6;46,jasper;40,Find the supplies crate;66,Enter the Alien Teleporter","U6_Dungeon,U6_Moon","0.11.235","TaskActiveEvent",86,"Examine a Garden",NA
"2627","5ce18170e4194c2f5ffac0ec",4,"Development","e0e8ba1d-a1a8-492c-a490-549b4a24c221","JG6 UX6",185,"2019-05-19 06:16:43","WindowsPlayer",NA,11,"TaskEvent",0,"0.11.235",4.18198347091675,-8.17420291900635,5.20906972885132,0.798634886741638,0.60181587934494,0,"Find Toppo's Posters,Crash Diagnostics - Mountains,U3 - Crash Side Quest P3,U5 - Crash Diagnostics P7,Jasper's Discovery,Into the Unknown!","49,poster1;49,poster6;46,jasper;40,Find the supplies crate","U6_Dungeon,U6_Moon","0.11.235","TaskProgressEvent",49,"poster4",1
"2628","5ce18170e4194c2f5ffac0f8",4,"Development","e0e8ba1d-a1a8-492c-a490-549b4a24c221","JG6 UX6",185,"2019-05-19 06:16:43","WindowsPlayer",NA,11,"TaskEvent",0,"0.11.235",4.18198347091675,-8.17420291900635,5.20906972885132,0.798634886741638,0.60181587934494,0,"Find Toppo's Posters,Crash Diagnostics - Mountains,U3 - Crash Side Quest P3,U5 - Crash Diagnostics P7,Into the Unknown!","49,poster1;49,poster6;46,jasper;40,Find the supplies crate;90,Enter the Alien Base","U6_Dungeon,U6_Moon","0.11.235","TaskCompleteEvent",49,"poster4",NA
"2629","5ce181a2e4194c2f5ffac13f",4,"Development","e0e8ba1d-a1a8-492c-a490-549b4a24c221","JG6 UX6",185,"2019-05-19 06:17:33","WindowsPlayer",NA,11,"TaskEvent",0,"0.11.235",-0.241734847426414,135.758605957031,0.980000019073486,-0.350207358598709,0.936672210693359,0,"Find Toppo's Posters,Crash Diagnostics - Mountains,U3 - Crash Side Quest P3,U5 - Crash Diagnostics P7,Into the Unknown!","49,poster1;49,poster6;46,jasper;40,Find the supplies crate;90,Enter the Alien Base","U6_Moon,U6_Moon_Quest,U6_MoonBase","0.11.235","TaskProgressEvent",86,"Talk to Sam",1
"2630","5ce181a3e4194c2f5ffac146",4,"Development","e0e8ba1d-a1a8-492c-a490-549b4a24c221","JG6 UX6",185,"2019-05-19 06:17:33","WindowsPlayer",NA,11,"TaskEvent",0,"0.11.235",-0.241734847426414,135.758605957031,0.980000019073486,-0.350207358598709,0.936672210693359,0,"Find Toppo's Posters,Crash Diagnostics - Mountains,U3 - Crash Side Quest P3,U5 - Crash Diagnostics P7,Into the Unknown!","49,poster1;49,poster6;46,jasper;40,Find the supplies crate;90,Enter the Alien Base","U6_Moon,U6_Moon_Quest,U6_MoonBase","0.11.235","TaskActiveEvent",24,"Test the base's water",NA
"2631","5ce181a3e4194c2f5ffac147",4,"Development","e0e8ba1d-a1a8-492c-a490-549b4a24c221","JG6 UX6",185,"2019-05-19 06:17:33","WindowsPlayer",NA,11,"TaskEvent",0,"0.11.235",-0.241734847426414,135.758605957031,0.980000019073486,-0.350207358598709,0.936672210693359,0,"Find Toppo's Posters,Crash Diagnostics - Mountains,U3 - Crash Side Quest P3,U5 - Crash Diagnostics P7,Into the Unknown!","49,poster1;49,poster6;46,jasper;40,Find the supplies crate;90,Enter the Alien Base;90,Operate the Alien Console","U6_Moon,U6_Moon_Quest,U6_MoonBase","0.11.235","TaskCompleteEvent",24,"Return to Sam",NA
"2632","5ce181e3e4194c2f5ffac1a1",4,"Development","e0e8ba1d-a1a8-492c-a490-549b4a24c221","JG6 UX6",185,"2019-05-19 06:18:39","WindowsPlayer",NA,11,"TaskEvent",0,"0.11.235",-0.0058290078304708,671.680969238281,-25.1720428466797,-0.0226873159408569,0.99974262714386,0,"Find Toppo's Posters,Crash Diagnostics - Mountains,U3 - Crash Side Quest P3,U5 - Crash Diagnostics P7,Into the Unknown!","49,poster1;49,poster6;46,jasper;40,Find the supplies crate;90,Operate the Alien Console","U6_Moon,U6_Moon_Quest,U6_MoonBase","0.11.235","TaskProgressEvent",24,"Return to Sam",1
"2633","5ce181e3e4194c2f5ffac1a2",4,"Development","e0e8ba1d-a1a8-492c-a490-549b4a24c221","JG6 UX6",185,"2019-05-19 06:18:39","WindowsPlayer",NA,11,"TaskEvent",0,"0.11.235",-0.0058290078304708,671.680969238281,-25.1720428466797,-0.0226873159408569,0.99974262714386,0,"Find Toppo's Posters,Crash Diagnostics - Mountains,U3 - Crash Side Quest P3,U5 - Crash Diagnostics P7,Into the Unknown!,Save the Water!","49,poster1;49,poster6;46,jasper;40,Find the supplies crate","U6_Moon,U6_Moon_Quest,U6_MoonBase","0.11.235","TaskActiveEvent",85,"teleport island",NA
"2634","5ce181e4e4194c2f5ffac1ac",4,"Development","e0e8ba1d-a1a8-492c-a490-549b4a24c221","JG6 UX6",185,"2019-05-19 06:18:39","WindowsPlayer",NA,11,"TaskEvent",0,"0.11.235",-0.0058290078304708,671.680969238281,-25.1720428466797,-0.0226873159408569,0.99974262714386,0,"Find Toppo's Posters,Crash Diagnostics - Mountains,U3 - Crash Side Quest P3,U5 - Crash Diagnostics P7,Save the Water!","49,poster1;49,poster6;46,jasper;40,Find the supplies crate;67,Reverse the Water","U6_Moon,U6_Moon_Quest,U6_MoonBase","0.11.235","TaskProgressEvent",61,"Head to Bed",1
"2635","5ce181f2e4194c2f5ffac1ba",4,"Development","e0e8ba1d-a1a8-492c-a490-549b4a24c221","JG6 UX6",185,"2019-05-19 06:18:58","WindowsPlayer",NA,11,"TaskEvent",0,"0.11.235",-0.0058290078304708,671.680969238281,-25.1720428466797,-0.0226873159408569,0.99974262714386,0,"Find Toppo's Posters,Crash Diagnostics - Mountains,U3 - Crash Side Quest P3,U5 - Crash Diagnostics P7,Save the Water!","49,poster1;49,poster6;46,jasper;40,Find the supplies crate;67,Reverse the Water","U6_Moon,U6_Moon_Quest,U6_MoonBase","0.11.235","TaskCompleteEvent",61,"Head to Bed",NA
"2636","5ce181f3e4194c2f5ffac1bd",4,"Development","e0e8ba1d-a1a8-492c-a490-549b4a24c221","JG6 UX6",185,"2019-05-19 06:18:58","WindowsPlayer",NA,11,"TaskEvent",0,"0.11.235",-0.0058290078304708,671.680969238281,-25.1720428466797,-0.0226873159408569,0.99974262714386,0,"Find Toppo's Posters,Crash Diagnostics - Mountains,U3 - Crash Side Quest P3,U5 - Crash Diagnostics P7,Save the Water!","49,poster1;49,poster6;46,jasper;40,Find the supplies crate;67,Reverse the Water","U6_Moon,U6_Moon_Quest,U6_MoonBase","0.11.235","TaskActiveEvent",29,"meet",NA
"2637","5ce181f3e4194c2f5ffac1c3",4,"Development","e0e8ba1d-a1a8-492c-a490-549b4a24c221","JG6 UX6",185,"2019-05-19 06:18:58","WindowsPlayer",NA,11,"TaskEvent",0,"0.11.235",-0.0058290078304708,671.680969238281,-25.1720428466797,-0.0226873159408569,0.99974262714386,0,"Find Toppo's Posters,Crash Diagnostics - Mountains,U3 - Crash Side Quest P3,U5 - Crash Diagnostics P7,Save the Water!","49,poster1;49,poster6;46,jasper;40,Find the supplies crate;67,Reverse the Water;67,Open the 2nd Blast Door","U6_Moon,U6_Moon_Quest,U6_MoonBase","0.11.235","TaskCompleteEvent",85,"teleport island",NA
"2638","5ce18211e4194c2f5ffac1dd",4,"Development","e0e8ba1d-a1a8-492c-a490-549b4a24c221","JG6 UX6",185,"2019-05-19 06:19:21","WindowsPlayer",NA,11,"TaskEvent",0,"0.11.235",-0.0058290078304708,671.680969238281,-25.1720428466797,-0.0226873159408569,0.99974262714386,0,"Find Toppo's Posters,Crash Diagnostics - Mountains,U3 - Crash Side Quest P3,U5 - Crash Diagnostics P7,Save the Water!","49,poster1;49,poster6;46,jasper;40,Find the supplies crate;67,Open the 2nd Blast Door","U6_Moon,U6_Moon_Quest,U6_MoonBase","0.11.235","TaskProgressEvent",49,"poster5",1
"2639","5ce18211e4194c2f5ffac1e2",4,"Development","e0e8ba1d-a1a8-492c-a490-549b4a24c221","JG6 UX6",185,"2019-05-19 06:19:21","WindowsPlayer",NA,11,"TaskEvent",0,"0.11.235",-0.0058290078304708,671.680969238281,-25.1720428466797,-0.0226873159408569,0.99974262714386,0,"Find Toppo's Posters,Crash Diagnostics - Mountains,U3 - Crash Side Quest P3,U5 - Crash Diagnostics P7,Save the Water!","49,poster1;49,poster6;46,jasper;40,Find the supplies crate;67,Open the 2nd Blast Door","U6_Moon,U6_Moon_Quest,U6_MoonBase","0.11.235","TaskCompleteEvent",49,"poster5",NA
"2640","5ce18211e4194c2f5ffac1e3",4,"Development","e0e8ba1d-a1a8-492c-a490-549b4a24c221","JG6 UX6",185,"2019-05-19 06:19:21","WindowsPlayer",NA,11,"TaskEvent",0,"0.11.235",-0.0058290078304708,671.680969238281,-25.1720428466797,-0.0226873159408569,0.99974262714386,0,"Find Toppo's Posters,Crash Diagnostics - Mountains,U3 - Crash Side Quest P3,U5 - Crash Diagnostics P7,Save the Water!","49,poster1;49,poster6;46,jasper;40,Find the supplies crate;67,Open the 2nd Blast Door;67,Open the 3rd Blast Door","U6_Moon,U6_Moon_Quest,U6_MoonBase","0.11.235","TaskActiveEvent",29,"unlock",NA
"2641","5ce1822ae4194c2f5ffac207",4,"Development","e0e8ba1d-a1a8-492c-a490-549b4a24c221","JG6 UX6",185,"2019-05-19 06:19:48","WindowsPlayer",NA,11,"TaskEvent",0,"0.11.235",-0.0058290078304708,671.680969238281,-25.1720428466797,-0.0226873159408569,0.99974262714386,0,"Find Toppo's Posters,Crash Diagnostics - Mountains,U3 - Crash Side Quest P3,U5 - Crash Diagnostics P7,Save the Water!","49,poster1;49,poster6;46,jasper;40,Find the supplies crate;67,Open the 3rd Blast Door","U6_Moon,U6_Moon_Quest,U6_MoonBase","0.11.235","TaskProgressEvent",29,"talk",1
"2642","5ce1822ae4194c2f5ffac208",4,"Development","e0e8ba1d-a1a8-492c-a490-549b4a24c221","JG6 UX6",185,"2019-05-19 06:19:48","WindowsPlayer",NA,11,"TaskEvent",0,"0.11.235",-0.0058290078304708,671.680969238281,-25.1720428466797,-0.0226873159408569,0.99974262714386,0,"Find Toppo's Posters,Crash Diagnostics - Mountains,U3 - Crash Side Quest P3,U5 - Crash Diagnostics P7,Save the Water!","49,poster1;49,poster6;46,jasper;40,Find the supplies crate;67,Thaw the Ice","U6_Moon,U6_Moon_Quest,U6_MoonBase","0.11.235","TaskCompleteEvent",29,"talk",NA
"2643","5ce1822ae4194c2f5ffac209",4,"Development","e0e8ba1d-a1a8-492c-a490-549b4a24c221","JG6 UX6",185,"2019-05-19 06:19:48","WindowsPlayer",NA,11,"TaskEvent",0,"0.11.235",-0.0058290078304708,671.680969238281,-25.1720428466797,-0.0226873159408569,0.99974262714386,0,"Find Toppo's Posters,Crash Diagnostics - Mountains,U3 - Crash Side Quest P3,U5 - Crash Diagnostics P7,Save the Water!","49,poster1;49,poster6;46,jasper;40,Find the supplies crate;67,Thaw the Ice","U6_Moon,U6_Moon_Quest,U6_MoonBase","0.11.235","TaskCompleteEvent",50,"energy",NA
"2644","5ce1822ae4194c2f5ffac20d",4,"Development","e0e8ba1d-a1a8-492c-a490-549b4a24c221","JG6 UX6",185,"2019-05-19 06:19:48","WindowsPlayer",NA,11,"TaskEvent",0,"0.11.235",-0.0058290078304708,671.680969238281,-25.1720428466797,-0.0226873159408569,0.99974262714386,0,"Find Toppo's Posters,Crash Diagnostics - Mountains,U3 - Crash Side Quest P3,U5 - Crash Diagnostics P7,Save the Water!","49,poster1;49,poster6;46,jasper;40,Find the supplies crate;67,Open the 3rd Blast Door","U6_Moon,U6_Moon_Quest,U6_MoonBase","0.11.235","TaskProgressEvent",50,"energy",1
"2645","5ce1822ae4194c2f5ffac20e",4,"Development","e0e8ba1d-a1a8-492c-a490-549b4a24c221","JG6 UX6",185,"2019-05-19 06:19:48","WindowsPlayer",NA,11,"TaskEvent",0,"0.11.235",-0.0058290078304708,671.680969238281,-25.1720428466797,-0.0226873159408569,0.99974262714386,0,"Find Toppo's Posters,Crash Diagnostics - Mountains,U3 - Crash Side Quest P3,U5 - Crash Diagnostics P7,Save the Water!","49,poster1;49,poster6;46,jasper;40,Find the supplies crate;67,Open the 3rd Blast Door;67,Thaw the Ice","U6_Moon,U6_Moon_Quest,U6_MoonBase","0.11.235","TaskActiveEvent",36,"Reach Seaside",NA
"2646","5ce1822ae4194c2f5ffac20f",4,"Development","e0e8ba1d-a1a8-492c-a490-549b4a24c221","JG6 UX6",185,"2019-05-19 06:19:48","WindowsPlayer",NA,11,"TaskEvent",0,"0.11.235",-0.0058290078304708,671.680969238281,-25.1720428466797,-0.0226873159408569,0.99974262714386,0,"Find Toppo's Posters,Crash Diagnostics - Mountains,U3 - Crash Side Quest P3,U5 - Crash Diagnostics P7,Save the Water!","49,poster1;49,poster6;46,jasper;40,Find the supplies crate;67,Thaw the Ice;67,Open the 4th Blast Door","U6_Moon,U6_Moon_Quest,U6_MoonBase","0.11.235","TaskCompleteEvent",29,"unlock",NA
"2647","5ce1823ee4194c2f5ffac22d",4,"Development","e0e8ba1d-a1a8-492c-a490-549b4a24c221","JG6 UX6",185,"2019-05-19 06:20:11","WindowsPlayer",NA,11,"TaskEvent",0,"0.11.235",-0.0058290078304708,671.680969238281,-25.1720428466797,-0.0226873159408569,0.99974262714386,0,"Find Toppo's Posters,Crash Diagnostics - Mountains,U3 - Crash Side Quest P3,U5 - Crash Diagnostics P7,Save the Water!","49,poster1;49,poster6;46,jasper;40,Find the supplies crate;67,Open the 4th Blast Door;67,Close the 4th Blast Door","U6_Moon,U6_Moon_Quest,U6_MoonBase","0.11.235","TaskProgressEvent",29,"unlock",1
"2648","5ce1823ee4194c2f5ffac22e",4,"Development","e0e8ba1d-a1a8-492c-a490-549b4a24c221","JG6 UX6",185,"2019-05-19 06:20:11","WindowsPlayer",NA,11,"TaskEvent",0,"0.11.235",-0.0058290078304708,671.680969238281,-25.1720428466797,-0.0226873159408569,0.99974262714386,0,"Find Toppo's Posters,Crash Diagnostics - Mountains,U3 - Crash Side Quest P3,U5 - Crash Diagnostics P7,Save the Water!","49,poster1;49,poster6;46,jasper;40,Find the supplies crate;67,Close the 4th Blast Door","U6_Moon,U6_Moon_Quest,U6_MoonBase","0.11.235","TaskProgressEvent",29,"meet",1
"2649","5ce1823ee4194c2f5ffac22f",4,"Development","e0e8ba1d-a1a8-492c-a490-549b4a24c221","JG6 UX6",185,"2019-05-19 06:20:11","WindowsPlayer",NA,11,"TaskEvent",0,"0.11.235",-0.0058290078304708,671.680969238281,-25.1720428466797,-0.0226873159408569,0.99974262714386,0,"Find Toppo's Posters,Crash Diagnostics - Mountains,U3 - Crash Side Quest P3,U5 - Crash Diagnostics P7,Save the Water!","49,poster1;49,poster6;46,jasper;40,Find the supplies crate;67,Open the 4th Blast Door","U6_Moon,U6_Moon_Quest,U6_MoonBase","0.11.235","TaskActiveEvent",29,"talk",NA
"2650","5ce1823ee4194c2f5ffac230",4,"Development","e0e8ba1d-a1a8-492c-a490-549b4a24c221","JG6 UX6",185,"2019-05-19 06:20:11","WindowsPlayer",NA,11,"TaskEvent",0,"0.11.235",-0.0058290078304708,671.680969238281,-25.1720428466797,-0.0226873159408569,0.99974262714386,0,"Find Toppo's Posters,Crash Diagnostics - Mountains,U3 - Crash Side Quest P3,U5 - Crash Diagnostics P7,Save the Water!","49,poster1;49,poster6;46,jasper;40,Find the supplies crate;67,Close the 4th Blast Door","U6_Moon,U6_Moon_Quest,U6_MoonBase","0.11.235","TaskCompleteEvent",29,"meet",NA
"2651","5ce1823ee4194c2f5ffac231",4,"Development","e0e8ba1d-a1a8-492c-a490-549b4a24c221","JG6 UX6",185,"2019-05-19 06:20:11","WindowsPlayer",NA,11,"TaskEvent",0,"0.11.235",-0.0058290078304708,671.680969238281,-25.1720428466797,-0.0226873159408569,0.99974262714386,0,"Find Toppo's Posters,Crash Diagnostics - Mountains,U3 - Crash Side Quest P3,U5 - Crash Diagnostics P7,Save the Water!","49,poster1;49,poster6;46,jasper;40,Find the supplies crate;67,Close the 4th Blast Door;67,Condense the Water","U6_Moon,U6_Moon_Quest,U6_MoonBase","0.11.235","TaskProgressEvent",36,"Reach Seaside",1
"2652","5ce1823ee4194c2f5ffac232",4,"Development","e0e8ba1d-a1a8-492c-a490-549b4a24c221","JG6 UX6",185,"2019-05-19 06:20:11","WindowsPlayer",NA,11,"TaskEvent",0,"0.11.235",-0.0058290078304708,671.680969238281,-25.1720428466797,-0.0226873159408569,0.99974262714386,0,"Find Toppo's Posters,Crash Diagnostics - Mountains,U3 - Crash Side Quest P3,U5 - Crash Diagnostics P7,Save the Water!","49,poster1;49,poster6;46,jasper;40,Find the supplies crate;67,Condense the Water","U6_Moon,U6_Moon_Quest,U6_MoonBase","0.11.235","TaskActiveEvent",36,"Condense Humidity",NA
"2653","5ce1823ee4194c2f5ffac233",4,"Development","e0e8ba1d-a1a8-492c-a490-549b4a24c221","JG6 UX6",185,"2019-05-19 06:20:11","WindowsPlayer",NA,11,"TaskEvent",0,"0.11.235",-0.0058290078304708,671.680969238281,-25.1720428466797,-0.0226873159408569,0.99974262714386,0,"Find Toppo's Posters,Crash Diagnostics - Mountains,U3 - Crash Side Quest P3,U5 - Crash Diagnostics P7,Save the Water!","49,poster1;49,poster6;46,jasper;40,Find the supplies crate;67,Re-open the 4th Blast Door","U6_Moon,U6_Moon_Quest,U6_MoonBase","0.11.235","TaskCompleteEvent",36,"Reach Seaside",NA
"2654","5ce1823ee4194c2f5ffac234",4,"Development","e0e8ba1d-a1a8-492c-a490-549b4a24c221","JG6 UX6",185,"2019-05-19 06:20:11","WindowsPlayer",NA,11,"TaskEvent",0,"0.11.235",-0.0058290078304708,671.680969238281,-25.1720428466797,-0.0226873159408569,0.99974262714386,0,"Find Toppo's Posters,Crash Diagnostics - Mountains,U3 - Crash Side Quest P3,U5 - Crash Diagnostics P7,Save the Water!","49,poster1;49,poster6;46,jasper;40,Find the supplies crate;67,Open the 4th Blast Door","U6_Moon,U6_Moon_Quest,U6_MoonBase","0.11.235","TaskProgressEvent",36,"Evaporate Water",1
"2655","5ce1823ee4194c2f5ffac235",4,"Development","e0e8ba1d-a1a8-492c-a490-549b4a24c221","JG6 UX6",185,"2019-05-19 06:20:11","WindowsPlayer",NA,11,"TaskEvent",0,"0.11.235",-0.0058290078304708,671.680969238281,-25.1720428466797,-0.0226873159408569,0.99974262714386,0,"Find Toppo's Posters,Crash Diagnostics - Mountains,U3 - Crash Side Quest P3,U5 - Crash Diagnostics P7,Save the Water!","49,poster1;49,poster6;46,jasper;40,Find the supplies crate;67,Condense the Water;67,Re-open the 4th Blast Door","U6_Moon,U6_Moon_Quest,U6_MoonBase","0.11.235","TaskActiveEvent",36,"Transport Water",NA
"2656","5ce1823ee4194c2f5ffac23b",4,"Development","e0e8ba1d-a1a8-492c-a490-549b4a24c221","JG6 UX6",185,"2019-05-19 06:20:11","WindowsPlayer",NA,11,"TaskEvent",0,"0.11.235",-0.0058290078304708,671.680969238281,-25.1720428466797,-0.0226873159408569,0.99974262714386,0,"Find Toppo's Posters,Crash Diagnostics - Mountains,U3 - Crash Side Quest P3,U5 - Crash Diagnostics P7,Save the Water!","49,poster1;49,poster6;46,jasper;40,Find the supplies crate;67,Condense the Water","U6_Moon,U6_Moon_Quest,U6_MoonBase","0.11.235","TaskCompleteEvent",36,"Evaporate Water",NA
"2657","5ce1823ee4194c2f5ffac23c",4,"Development","e0e8ba1d-a1a8-492c-a490-549b4a24c221","JG6 UX6",185,"2019-05-19 06:20:11","WindowsPlayer",NA,11,"TaskEvent",0,"0.11.235",-0.0058290078304708,671.680969238281,-25.1720428466797,-0.0226873159408569,0.99974262714386,0,"Find Toppo's Posters,Crash Diagnostics - Mountains,U3 - Crash Side Quest P3,U5 - Crash Diagnostics P7,Save the Water!,Escape the Moon","49,poster1;49,poster6;46,jasper;40,Find the supplies crate","U6_Moon,U6_Moon_Quest,U6_MoonBase","0.11.235","TaskProgressEvent",36,"Transport Water",1
"2658","5ce1823ee4194c2f5ffac23d",4,"Development","e0e8ba1d-a1a8-492c-a490-549b4a24c221","JG6 UX6",185,"2019-05-19 06:20:11","WindowsPlayer",NA,11,"TaskEvent",0,"0.11.235",-0.0058290078304708,671.680969238281,-25.1720428466797,-0.0226873159408569,0.99974262714386,0,"Find Toppo's Posters,Crash Diagnostics - Mountains,U3 - Crash Side Quest P3,U5 - Crash Diagnostics P7,Escape the Moon","49,poster1;49,poster6;46,jasper;40,Find the supplies crate;68,Return to the Teleporter","U6_Moon,U6_Moon_Quest,U6_MoonBase","0.11.235","TaskCompleteEvent",36,"Transport Water",NA
"2659","5ce18294e4194c2f5ffac2aa",4,"Development","e0e8ba1d-a1a8-492c-a490-549b4a24c221","JG6 UX6",185,"2019-05-19 06:21:19","WindowsPlayer",NA,11,"TaskEvent",0,"0.11.235",-1.17029631137848,-0.107395946979523,2.70984315872192,0.0348993018269539,-0.999390840530396,0,"Find Toppo's Posters,Crash Diagnostics - Mountains,U3 - Crash Side Quest P3,U5 - Crash Diagnostics P7,Escape the Moon","49,poster1;49,poster6;46,jasper;40,Find the supplies crate;68,Return to the Teleporter","U6_Moon,U6_Moon_Quest,U6_MoonBase","0.11.235","TaskActiveEvent",36,"Start Fountain",NA
"2660","5ce18294e4194c2f5ffac2ab",4,"Development","e0e8ba1d-a1a8-492c-a490-549b4a24c221","JG6 UX6",185,"2019-05-19 06:21:19","WindowsPlayer",NA,11,"TaskEvent",0,"0.11.235",-1.17029631137848,-0.107395946979523,2.70984315872192,0.0348993018269539,-0.999390840530396,0,"Find Toppo's Posters,Crash Diagnostics - Mountains,U3 - Crash Side Quest P3,U5 - Crash Diagnostics P7,Escape the Moon","49,poster1;49,poster6;46,jasper;40,Find the supplies crate;68,Return to the Teleporter;68,Talk with Toppo","U6_Moon,U6_Moon_Quest,U6_MoonBase","0.11.235","TaskActiveEvent",37,"bill outside cavern",NA
"2661","5ce18294e4194c2f5ffac2b3",4,"Development","e0e8ba1d-a1a8-492c-a490-549b4a24c221","JG6 UX6",185,"2019-05-19 06:21:19","WindowsPlayer",NA,11,"TaskEvent",0,"0.11.235",-1.17029631137848,-0.107395946979523,2.70984315872192,0.0348993018269539,-0.999390840530396,0,"Find Toppo's Posters,Crash Diagnostics - Mountains,U3 - Crash Side Quest P3,U5 - Crash Diagnostics P7,Escape the Moon","49,poster1;49,poster6;46,jasper;40,Find the supplies crate;68,Return to the Teleporter","U6_Moon,U6_Moon_Quest,U6_MoonBase","0.11.235","TaskCompleteEvent",36,"Talk Bill",NA
"2662","5ce182f2e4194c2f5ffac31e",4,"Development","e0e8ba1d-a1a8-492c-a490-549b4a24c221","JG6 UX6",185,"2019-05-19 06:23:02","WindowsPlayer",NA,11,"TaskEvent",0,"0.11.235",-70.8312149047852,-99.5740127563477,58.9669380187988,0.872069418430328,0.489382147789001,0,"Find Toppo's Posters,Crash Diagnostics - Mountains,U3 - Crash Side Quest P3,U5 - Crash Diagnostics P7,Escape the Moon","49,poster1;49,poster6;46,jasper;40,Find the supplies crate;68,Talk with Toppo","Player_Base","0.11.235","TaskProgressEvent",36,"Talk Bill",1
"2663","5ce182f2e4194c2f5ffac329",4,"Development","e0e8ba1d-a1a8-492c-a490-549b4a24c221","JG6 UX6",185,"2019-05-19 06:23:02","WindowsPlayer",NA,11,"TaskEvent",0,"0.11.235",-70.8312149047852,-99.5740127563477,58.9669380187988,0.872069418430328,0.489382147789001,0,"Find Toppo's Posters,Crash Diagnostics - Mountains,U3 - Crash Side Quest P3,U5 - Crash Diagnostics P7","49,poster1;49,poster6;46,jasper;40,Find the supplies crate","Player_Base","0.11.235","TaskProgressEvent",37,"bill outside cavern",1
"2664","5c620baee4194c47a1567fdb",4,"Development","8d703246-39e0-4ff5-aef9-ec166f84d182","JG7 UX7",186,"2019-02-11 11:56:20","WindowsPlayer",NA,11,"TaskEvent",0,"0.11.141",66.7399978637695,-2.96000003814697,0.792359113693237,-1,5.96046447753906e-08,0,"U1 - Welcome to WAT247",NA,"U1,U1_Quest","0.11.141","TaskActiveEvent",37,"meet Bill",NA
"2665","5c620befe4194c47a1568042",4,"Development","8d703246-39e0-4ff5-aef9-ec166f84d182","JG7 UX7",186,"2019-02-11 11:57:32","WindowsPlayer",NA,11,"TaskEvent",0,"0.11.141",66.7399978637695,-2.96000003814697,0.792359113693237,0.993372917175293,-0.114936947822571,0,"U1 - Welcome to WAT247","74,wakeup;74,arfRoom","U1,U1_Quest","0.11.141","TaskCompleteEvent",37,"bill outside cavern",NA
"2666","5c620befe4194c47a1568048",4,"Development","8d703246-39e0-4ff5-aef9-ec166f84d182","JG7 UX7",186,"2019-02-11 11:57:32","WindowsPlayer",NA,11,"TaskEvent",0,"0.11.141",66.7399978637695,-2.96000003814697,0.792359113693237,0.993372917175293,-0.114936947822571,0,"U1 - Welcome to WAT247","74,wakeup","U1,U1_Quest","0.11.141","TaskActiveEvent",37,"Try Escape",NA
"2667","5c620bf0e4194c47a156804f",4,"Development","8d703246-39e0-4ff5-aef9-ec166f84d182","JG7 UX7",186,"2019-02-11 11:57:32","WindowsPlayer",NA,11,"TaskEvent",0,"0.11.141",66.7399978637695,-2.96000003814697,0.792359113693237,0.993372917175293,-0.114936947822571,0,"U1 - Welcome to WAT247","74,wakeup","U1,U1_Quest","0.11.141","TaskCompleteEvent",37,"meet Bill",NA
"2668","5c620c1ce4194c47a156808c",4,"Development","8d703246-39e0-4ff5-aef9-ec166f84d182","JG7 UX7",186,"2019-02-11 11:58:11","WindowsPlayer",NA,11,"TaskEvent",0,"0.11.141",-0.0440872944891453,-54.2706146240234,0.984734356403351,-0.0226852782070637,-0.999742746353149,0,"U1 - Welcome to WAT247","74,arfRoom","U1,U1_Quest","0.11.141","TaskProgressEvent",37,"meet Bill",1
"2669","5c620c1ce4194c47a156808d",4,"Development","8d703246-39e0-4ff5-aef9-ec166f84d182","JG7 UX7",186,"2019-02-11 11:58:11","WindowsPlayer",NA,11,"TaskEvent",0,"0.11.141",-0.0440872944891453,-54.2706146240234,0.984734356403351,-0.0226852782070637,-0.999742746353149,0,"U1 - Welcome to WAT247,U1 - An Amazing AI",NA,"U1,U1_Quest","0.11.141","TaskProgressEvent",32,"humidity meter",1
"2670","5c620c1ce4194c47a156808f",4,"Development","8d703246-39e0-4ff5-aef9-ec166f84d182","JG7 UX7",186,"2019-02-11 11:58:11","WindowsPlayer",NA,11,"TaskEvent",0,"0.11.141",-0.0440872944891453,-54.2706146240234,0.984734356403351,-0.0226852782070637,-0.999742746353149,0,"U1 - An Amazing AI","77,collectARF","U1,U1_Quest","0.11.141","TaskActiveEvent",32,"pan",NA
"2671","5c620c77e4194c47a1568129",4,"Development","8d703246-39e0-4ff5-aef9-ec166f84d182","JG7 UX7",186,"2019-02-11 11:59:43","WindowsPlayer",NA,11,"TaskEvent",0,"0.11.141",0.843394756317139,-60.5606956481934,0.777678370475769,-0.325566202402115,-0.945519328117371,0,"U1 - An Amazing AI","77,collectARF","U1,U1_Quest","0.11.141","TaskCompleteEvent",32,"humidity meter",NA
"2672","5c620c77e4194c47a156812a",4,"Development","8d703246-39e0-4ff5-aef9-ec166f84d182","JG7 UX7",186,"2019-02-11 11:59:43","WindowsPlayer",NA,11,"TaskEvent",0,"0.11.141",0.843394756317139,-60.5606956481934,0.777678370475769,-0.325566202402115,-0.945519328117371,0,"U1 - An Amazing AI","77,collectARF","U1,U1_Quest","0.11.141","TaskCompleteEvent",36,"Start Fountain",NA
"2673","5c620c77e4194c47a156812b",4,"Development","8d703246-39e0-4ff5-aef9-ec166f84d182","JG7 UX7",186,"2019-02-11 11:59:43","WindowsPlayer",NA,11,"TaskEvent",0,"0.11.141",0.843394756317139,-60.5606956481934,0.777678370475769,-0.325566202402115,-0.945519328117371,0,"U1 - An Amazing AI","77,collectARF;77,checkPoster","U1,U1_Quest","0.11.141","TaskProgressEvent",36,"Start Fountain",1
"2674","5c620cbde4194c47a156818e",4,"Development","8d703246-39e0-4ff5-aef9-ec166f84d182","JG7 UX7",186,"2019-02-11 12:00:59","WindowsPlayer",NA,11,"TaskEvent",0,"0.11.141",-2.47013211250305,-61.0172653198242,0.777678430080414,-0.925869941711426,-0.377842664718628,0,"U1 - An Amazing AI","77,checkPoster","U1,U1_Quest","0.11.141","TaskActiveEvent",36,"Talk Bill",NA
"2675","5c620cbde4194c47a156818f",4,"Development","8d703246-39e0-4ff5-aef9-ec166f84d182","JG7 UX7",186,"2019-02-11 12:00:59","WindowsPlayer",NA,11,"TaskEvent",0,"0.11.141",-2.47013211250305,-61.0172653198242,0.777678430080414,-0.925869941711426,-0.377842664718628,0,"U1 - An Amazing AI","77,checkPoster;77,trialArg","U1,U1_Quest","0.11.141","TaskProgressEvent",32,"Drill hole",1
"2676","5c620cbde4194c47a1568195",4,"Development","8d703246-39e0-4ff5-aef9-ec166f84d182","JG7 UX7",186,"2019-02-11 12:00:59","WindowsPlayer",NA,11,"TaskEvent",0,"0.11.141",-2.47013211250305,-61.0172653198242,0.777678430080414,-0.925869941711426,-0.377842664718628,0,"U1 - An Amazing AI","77,checkPoster","U1,U1_Quest","0.11.141","TaskActiveEvent",32,"check humidity again",NA
"2677","5c620d35e4194c47a156823b",4,"Development","8d703246-39e0-4ff5-aef9-ec166f84d182","JG7 UX7",186,"2019-02-11 12:02:47","WindowsPlayer",NA,11,"TaskEvent",0,"0.11.141",-2.47013211250305,-61.0172653198242,0.777678430080414,-0.925869941711426,-0.377842664718628,0,"U1 - An Amazing AI","77,trialArg","U1,U1_Quest","0.11.141","TaskCompleteEvent",32,"Drill hole",NA
"2678","5c620d35e4194c47a156823c",4,"Development","8d703246-39e0-4ff5-aef9-ec166f84d182","JG7 UX7",186,"2019-02-11 12:02:47","WindowsPlayer",NA,11,"TaskEvent",0,"0.11.141",-2.47013211250305,-61.0172653198242,0.777678430080414,-0.925869941711426,-0.377842664718628,0,"U1 - An Amazing AI,U1 - Time to Argue!",NA,"U1,U1_Quest","0.11.141","TaskProgressEvent",33,"convince bill",1
"2679","5c620d35e4194c47a1568249",4,"Development","8d703246-39e0-4ff5-aef9-ec166f84d182","JG7 UX7",186,"2019-02-11 12:02:47","WindowsPlayer",NA,11,"TaskEvent",0,"0.11.141",-2.47013211250305,-61.0172653198242,0.777678430080414,-0.925869941711426,-0.377842664718628,0,"U1 - Time to Argue!","78,toppoTalk","U1,U1_Quest","0.11.141","TaskActiveEvent",33,"Make a hole in the pan",NA
"2680","5c620d85e4194c47a15682b9",4,"Development","8d703246-39e0-4ff5-aef9-ec166f84d182","JG7 UX7",186,"2019-02-11 12:04:18","WindowsPlayer",NA,11,"TaskEvent",0,"0.11.141",-65.9063491821289,0.850959122180939,0.792359113693237,-0.989272058010101,-0.146084547042847,0,"U1 - Time to Argue!","78,toppoTalk","U1,U1_Quest","0.11.141","TaskCompleteEvent",33,"convince bill",NA
"2681","5c620d85e4194c47a15682bf",4,"Development","8d703246-39e0-4ff5-aef9-ec166f84d182","JG7 UX7",186,"2019-02-11 12:04:18","WindowsPlayer",NA,11,"TaskEvent",0,"0.11.141",-65.9063491821289,0.850959122180939,0.792359113693237,-0.989272058010101,-0.146084547042847,0,"U1 - Time to Argue!","78,toppoTalk","U1,U1_Quest","0.11.141","TaskActiveEvent",33,"attach hose",NA
"2682","5c620d85e4194c47a15682c0",4,"Development","8d703246-39e0-4ff5-aef9-ec166f84d182","JG7 UX7",186,"2019-02-11 12:04:18","WindowsPlayer",NA,11,"TaskEvent",0,"0.11.141",-65.9063491821289,0.850959122180939,0.792359113693237,-0.989272058010101,-0.146084547042847,0,"U1 - Time to Argue!","78,toppoTalk;78,completeArg","U1,U1_Quest","0.11.141","TaskProgressEvent",33,"Make a hole in the pan",1
"2683","5c620e11e4194c47a1568380",4,"Development","8d703246-39e0-4ff5-aef9-ec166f84d182","JG7 UX7",186,"2019-02-11 12:06:30","WindowsPlayer",NA,11,"TaskEvent",0,"0.11.141",-65.9063491821289,0.850959122180939,0.792359113693237,-0.970295429229736,-0.241923451423645,0,"U1 - Time to Argue!","78,completeArg","U1,U1_Quest","0.11.141","TaskCompleteEvent",33,"Make a hole in the pan",NA
"2684","5c620e11e4194c47a1568381",4,"Development","8d703246-39e0-4ff5-aef9-ec166f84d182","JG7 UX7",186,"2019-02-11 12:06:30","WindowsPlayer",NA,11,"TaskEvent",0,"0.11.141",-65.9063491821289,0.850959122180939,0.792359113693237,-0.970295429229736,-0.241923451423645,0,"U1 - Time to Argue!,U1 - Meet up with Jasper",NA,"U1,U1_Quest","0.11.141","TaskProgressEvent",34,"talk to Bill",1
"2685","5c620e11e4194c47a1568389",4,"Development","8d703246-39e0-4ff5-aef9-ec166f84d182","JG7 UX7",186,"2019-02-11 12:06:30","WindowsPlayer",NA,11,"TaskEvent",0,"0.11.141",-65.9063491821289,0.850959122180939,0.792359113693237,-0.970295429229736,-0.241923451423645,0,"U1 - Meet up with Jasper","79,meetJasper","U1,U1_Quest","0.11.141","TaskActiveEvent",34,"go to factory",NA
"2686","5c620edee4194c47a156849a",4,"Development","8d703246-39e0-4ff5-aef9-ec166f84d182","JG7 UX7",186,"2019-02-11 12:09:57","WindowsPlayer",NA,11,"TaskEvent",0,"0.11.141",23.663854598999,1.47529637813568,0.787625193595886,0.998629570007324,-0.0523350238800049,0,"U1 - Meet up with Jasper","79,meetJasper","U1,U1_Quest","0.11.141","TaskCompleteEvent",34,"talk to Bill",NA
"2687","5c620edee4194c47a156849b",4,"Development","8d703246-39e0-4ff5-aef9-ec166f84d182","JG7 UX7",186,"2019-02-11 12:09:57","WindowsPlayer",NA,11,"TaskEvent",0,"0.11.141",23.663854598999,1.47529637813568,0.787625193595886,0.998629570007324,-0.0523350238800049,0,"U1 - Meet up with Jasper","79,meetJasper;79,followJasper","U1,U1_Quest","0.11.141","TaskActiveEvent",33,"Condense Atmospheric Water",NA
"2688","5c620edee4194c47a15684a4",4,"Development","8d703246-39e0-4ff5-aef9-ec166f84d182","JG7 UX7",186,"2019-02-11 12:09:57","WindowsPlayer",NA,11,"TaskEvent",0,"0.11.141",23.663854598999,1.47529637813568,0.787625193595886,0.998629570007324,-0.0523350238800049,0,"U1 - Meet up with Jasper","79,meetJasper","U1,U1_Quest","0.11.141","TaskProgressEvent",33,"Grab Canteen",1
"2689","5c620ee8e4194c47a15684af",4,"Development","8d703246-39e0-4ff5-aef9-ec166f84d182","JG7 UX7",186,"2019-02-11 12:10:11","WindowsPlayer",NA,11,"TaskEvent",0,"0.11.141",35.6264038085938,23.9676322937012,0.979737460613251,-0.444636046886444,0.895711362361908,0,"U1 - Meet up with Jasper","79,followJasper;79,jumpDebris","U1,U1_Quest","0.11.141","TaskCompleteEvent",33,"Grab Canteen",NA
"2690","5c620ee8e4194c47a15684b1",4,"Development","8d703246-39e0-4ff5-aef9-ec166f84d182","JG7 UX7",186,"2019-02-11 12:10:11","WindowsPlayer",NA,11,"TaskEvent",0,"0.11.141",35.6264038085938,23.9676322937012,0.979737460613251,-0.444636046886444,0.895711362361908,0,"U1 - Meet up with Jasper","79,followJasper","U1,U1_Quest","0.11.141","TaskActiveEvent",35,"setup second",NA
"2691","5c620ee8e4194c47a15684b5",4,"Development","8d703246-39e0-4ff5-aef9-ec166f84d182","JG7 UX7",186,"2019-02-11 12:10:11","WindowsPlayer",NA,11,"TaskEvent",0,"0.11.141",35.6264038085938,23.9676322937012,0.979737460613251,-0.444636046886444,0.895711362361908,0,"U1 - Meet up with Jasper","79,followJasper","U1,U1_Quest","0.11.141","TaskProgressEvent",35,"setup first",1
"2692","5c620f01e4194c47a15684d7",4,"Development","8d703246-39e0-4ff5-aef9-ec166f84d182","JG7 UX7",186,"2019-02-11 12:10:31","WindowsPlayer",NA,11,"TaskEvent",0,"0.11.141",30.2314891815186,29.9987087249756,2.16698813438416,-0.710800349712372,0.703393816947937,0,"U1 - Meet up with Jasper","79,jumpDebris","U1,U1_Quest","0.11.141","TaskCompleteEvent",35,"setup first",NA
"2693","5c620f01e4194c47a15684d8",4,"Development","8d703246-39e0-4ff5-aef9-ec166f84d182","JG7 UX7",186,"2019-02-11 12:10:31","WindowsPlayer",NA,11,"TaskEvent",0,"0.11.141",30.2314891815186,29.9987087249756,2.16698813438416,-0.710800349712372,0.703393816947937,0,"U1 - Meet up with Jasper","79,jumpDebris;79,escapePods","U1,U1_Quest","0.11.141","TaskProgressEvent",35,"setup second",1
"2694","5c620f01e4194c47a15684da",4,"Development","8d703246-39e0-4ff5-aef9-ec166f84d182","JG7 UX7",186,"2019-02-11 12:10:40","WindowsPlayer",NA,11,"TaskEvent",0,"0.11.141",0.0642232373356819,55.6585807800293,0.980474531650543,-0.147810757160187,0.989015638828278,0,"U1 - Meet up with Jasper","79,escapePods","U1,U1_Quest","0.11.141","TaskActiveEvent",35,"setup third",NA
"2695","5c620f01e4194c47a15684de",4,"Development","8d703246-39e0-4ff5-aef9-ec166f84d182","JG7 UX7",186,"2019-02-11 12:10:31","WindowsPlayer",NA,11,"TaskEvent",0,"0.11.141",30.2314891815186,29.9987087249756,2.16698813438416,-0.710800349712372,0.703393816947937,0,"U1 - Meet up with Jasper","79,jumpDebris","U1,U1_Quest","0.11.141","TaskCompleteEvent",35,"setup second",NA
"2696","5c620f02e4194c47a15684e6",4,"Development","8d703246-39e0-4ff5-aef9-ec166f84d182","JG7 UX7",186,"2019-02-11 12:10:40","WindowsPlayer",NA,11,"TaskEvent",0,"0.11.141",0.0642232373356819,55.6585807800293,0.980474531650543,-0.147810757160187,0.989015638828278,0,"U1 - Meet up with Jasper","79,escapePods","U1,U1_Quest","0.11.141","TaskCompleteEvent",35,"setup fourth",NA
"2697","5c620f02e4194c47a15684e7",4,"Development","8d703246-39e0-4ff5-aef9-ec166f84d182","JG7 UX7",186,"2019-02-11 12:10:40","WindowsPlayer",NA,11,"TaskEvent",0,"0.11.141",0.0642232373356819,55.6585807800293,0.980474531650543,-0.147810757160187,0.989015638828278,0,"U1 - Meet up with Jasper","79,escapePods;79,enterPod","U1,U1_Quest","0.11.141","TaskProgressEvent",35,"setup fourth",1
"2698","5c620f1ae4194c47a1568500",4,"Development","8d703246-39e0-4ff5-aef9-ec166f84d182","JG7 UX7",186,"2019-02-11 12:10:58","WindowsPlayer",NA,11,"TaskEvent",0,"0.11.141",0.27481672167778,70.1544342041016,0.980000019073486,-0.0104731116443872,0.999945163726807,0,"",NA,"U1,U1_Quest","0.11.141","TaskActiveEvent",69,"Go to Sleep",NA
"2699","5c620f1be4194c47a156850d",4,"Development","8d703246-39e0-4ff5-aef9-ec166f84d182","JG7 UX7",186,"2019-02-11 12:10:58","WindowsPlayer",NA,11,"TaskEvent",0,"0.11.141",0.27481672167778,70.1544342041016,0.980000019073486,-0.0104731116443872,0.999945163726807,0,"U1 - Meet up with Jasper","79,enterPod","U1,U1_Quest","0.11.141","TaskCompleteEvent",69,"Go to Sleep",NA
"2700","5c620f31e4194c47a156851d",4,"Development","8d703246-39e0-4ff5-aef9-ec166f84d182","JG7 UX7",186,"2019-02-11 12:11:25","WindowsPlayer",NA,11,"TaskEvent",0,"0.11.141",675.669982910156,1129.66003417969,98.5059509277344,-0.0337118096649647,-0.999431610107422,0,"Find Toppo's Posters","49,poster1;49,poster2","U2,U2_Collectibles,U2_Quests","0.11.141","TaskProgressEvent",69,"Go to Sleep",1
"2701","5c620f31e4194c47a156851e",4,"Development","8d703246-39e0-4ff5-aef9-ec166f84d182","JG7 UX7",186,"2019-02-11 12:11:25","WindowsPlayer",NA,11,"TaskEvent",0,"0.11.141",675.669982910156,1129.66003417969,98.5059509277344,-0.0337118096649647,-0.999431610107422,0,"Find Toppo's Posters","49,poster1;49,poster2;49,poster3","U2,U2_Collectibles,U2_Quests","0.11.141","TaskActiveEvent",63,"Leave your house",NA
"2702","5c620f31e4194c47a1568525",4,"Development","8d703246-39e0-4ff5-aef9-ec166f84d182","JG7 UX7",186,"2019-02-11 12:11:25","WindowsPlayer",NA,11,"TaskEvent",0,"0.11.141",675.669982910156,1129.66003417969,98.5059509277344,-0.0337118096649647,-0.999431610107422,0,"Find Toppo's Posters","49,poster1;49,poster2;49,poster3;49,poster4;49,poster5","U2,U2_Collectibles,U2_Quests","0.11.141","TaskProgressEvent",33,"attach hose",1
"2703","5c620f32e4194c47a156852a",4,"Development","8d703246-39e0-4ff5-aef9-ec166f84d182","JG7 UX7",186,"2019-02-11 12:11:25","WindowsPlayer",NA,11,"TaskEvent",0,"0.11.141",675.669982910156,1129.66003417969,98.5059509277344,-0.0337118096649647,-0.999431610107422,0,"Find Toppo's Posters",NA,"U2,U2_Collectibles,U2_Quests","0.11.141","TaskActiveEvent",33,"Grab Canteen",NA
"2704","5c620f32e4194c47a156852b",4,"Development","8d703246-39e0-4ff5-aef9-ec166f84d182","JG7 UX7",186,"2019-02-11 12:11:25","WindowsPlayer",NA,11,"TaskEvent",0,"0.11.141",675.669982910156,1129.66003417969,98.5059509277344,-0.0337118096649647,-0.999431610107422,0,"Find Toppo's Posters","49,poster1","U2,U2_Collectibles,U2_Quests","0.11.141","TaskCompleteEvent",33,"attach hose",NA
"2705","5c620f32e4194c47a156852c",4,"Development","8d703246-39e0-4ff5-aef9-ec166f84d182","JG7 UX7",186,"2019-02-11 12:11:25","WindowsPlayer",NA,11,"TaskEvent",0,"0.11.141",675.669982910156,1129.66003417969,98.5059509277344,-0.0337118096649647,-0.999431610107422,0,"Find Toppo's Posters","49,poster1;49,poster2;49,poster3;49,poster4","U2,U2_Collectibles,U2_Quests","0.11.141","TaskCompleteEvent",37,"Try Escape",NA
"2706","5c620f72e4194c47a156858d",4,"Development","8d703246-39e0-4ff5-aef9-ec166f84d182","JG7 UX7",186,"2019-02-11 12:12:33","WindowsPlayer",NA,11,"TaskEvent",0,"0.11.141",672.677734375,1132.83959960938,98.9320220947266,-0.999804854393005,0.0197539925575256,0,"Find Toppo's Posters,What just happened?","49,poster1;49,poster2;49,poster3;49,poster4;49,poster5;49,poster6","U2,U2_Collectibles,U2_Quests","0.11.141","TaskActiveEvent",32,"humidity meter",NA
"2707","5c620f7ce4194c47a156859e",4,"Development","8d703246-39e0-4ff5-aef9-ec166f84d182","JG7 UX7",186,"2019-02-11 12:12:40","WindowsPlayer",NA,11,"TaskEvent",0,"0.11.141",674.04052734375,1125.76745605469,98.1976470947266,0.539771497249603,-0.841811776161194,0,"Find Toppo's Posters,What just happened?,Crash Diagnostics - Mountains","49,poster1;49,poster2;49,poster3;49,poster4;49,poster5;49,poster6;51,pod","U2,U2_Collectibles,U2_Quests","0.11.141","TaskProgressEvent",37,"Try Escape",1
"2708","5c620f8be4194c47a15685b4",4,"Development","8d703246-39e0-4ff5-aef9-ec166f84d182","JG7 UX7",186,"2019-02-11 12:12:57","WindowsPlayer",NA,11,"TaskEvent",0,"0.11.141",675.223754882812,1124.29089355469,98.0488662719727,0.530926644802094,-0.847418069839478,0,"Find Toppo's Posters,What just happened?,Crash Diagnostics - Mountains","49,poster1;49,poster2;49,poster3;49,poster4;49,poster5;49,poster6;51,pod;44,your pod","U2,U2_Collectibles,U2_Quests","0.11.141","TaskCompleteEvent",63,"Talk with Toppo",NA
"2709","5c620f8ce4194c47a15685b8",4,"Development","8d703246-39e0-4ff5-aef9-ec166f84d182","JG7 UX7",186,"2019-02-11 12:12:57","WindowsPlayer",NA,11,"TaskEvent",0,"0.11.141",675.223754882812,1124.29089355469,98.0488662719727,0.530926644802094,-0.847418069839478,0,"Find Toppo's Posters,What just happened?","49,poster1;49,poster2;49,poster3;49,poster4;49,poster5;49,poster6;51,pod","U2,U2_Collectibles,U2_Quests","0.11.141","TaskActiveEvent",64,"Check Sam's Garden",NA
"2710","5c620fb8e4194c47a15685e7",4,"Development","8d703246-39e0-4ff5-aef9-ec166f84d182","JG7 UX7",186,"2019-02-11 12:13:33","WindowsPlayer",NA,11,"TaskEvent",0,"0.11.141",675.223754882812,1124.29089355469,98.0488662719727,0.529446840286255,-0.84834349155426,0,"Find Toppo's Posters,What just happened?","49,poster1;49,poster2;49,poster3;49,poster4;49,poster5;49,poster6;51,pod","U2,U2_Collectibles,U2_Quests","0.11.141","TaskProgressEvent",63,"Talk with Toppo",1
"2711","5c620fb8e4194c47a15685e8",4,"Development","8d703246-39e0-4ff5-aef9-ec166f84d182","JG7 UX7",186,"2019-02-11 12:13:33","WindowsPlayer",NA,11,"TaskEvent",0,"0.11.141",675.223754882812,1124.29089355469,98.0488662719727,0.529446840286255,-0.84834349155426,0,"Find Toppo's Posters,What just happened?","49,poster1;49,poster2;49,poster3;49,poster4;49,poster5;49,poster6;51,pod;51,scrap","U2,U2_Collectibles,U2_Quests","0.11.141","TaskCompleteEvent",64,"Check Sam's Garden",NA
"2712","5c620fb8e4194c47a15685ea",4,"Development","8d703246-39e0-4ff5-aef9-ec166f84d182","JG7 UX7",186,"2019-02-11 12:13:33","WindowsPlayer",NA,11,"TaskEvent",0,"0.11.141",675.223754882812,1124.29089355469,98.0488662719727,0.529446840286255,-0.84834349155426,0,"Find Toppo's Posters,What just happened?","49,poster1;49,poster2;49,poster3;49,poster4;49,poster5;49,poster6;51,pod","U2,U2_Collectibles,U2_Quests","0.11.141","TaskActiveEvent",64,"Measure the East River Levels",NA
"2713","5c620fd6e4194c47a156860f",4,"Development","8d703246-39e0-4ff5-aef9-ec166f84d182","JG7 UX7",186,"2019-02-11 12:14:05","WindowsPlayer",NA,11,"TaskEvent",0,"0.11.141",643.620849609375,1207.29187011719,107.767517089844,-0.943037748336792,0.332685708999634,0,"Find Toppo's Posters,What just happened?","49,poster1;49,poster2;49,poster3;49,poster4;49,poster5;49,poster6;51,scrap","U2,U2_Collectibles,U2_Quests","0.11.141","TaskProgressEvent",64,"Check Sam's Garden",1
"2714","5c620fe0e4194c47a1568626",4,"Development","8d703246-39e0-4ff5-aef9-ec166f84d182","JG7 UX7",186,"2019-02-11 12:14:19","WindowsPlayer",NA,11,"TaskEvent",0,"0.11.141",656.197326660156,1241.29943847656,107.767517089844,0.350727945566177,0.936477422714233,0,"Find Toppo's Posters,What just happened?","49,poster1;49,poster2;49,poster3;49,poster4;49,poster5;49,poster6;51,scrap","U2,U2_Collectibles,U2_Quests","0.11.141","TaskActiveEvent",64,"Measure the West River Levels",NA
"2715","5c621004e4194c47a156865c",4,"Development","8d703246-39e0-4ff5-aef9-ec166f84d182","JG7 UX7",186,"2019-02-11 12:14:50","WindowsPlayer",NA,11,"TaskEvent",0,"0.11.141",711.374450683594,1217.59948730469,107.180633544922,0.930853009223938,-0.365394115447998,0,"Find Toppo's Posters,What just happened?","49,poster1;49,poster2;49,poster3;49,poster4;49,poster5;49,poster6;51,scrap","U2,U2_Collectibles,U2_Quests","0.11.141","TaskCompleteEvent",64,"Measure the East River Levels",NA
"2716","5c621004e4194c47a156865d",4,"Development","8d703246-39e0-4ff5-aef9-ec166f84d182","JG7 UX7",186,"2019-02-11 12:14:50","WindowsPlayer",NA,11,"TaskEvent",0,"0.11.141",711.374450683594,1217.59948730469,107.180633544922,0.930853009223938,-0.365394115447998,0,"Find Toppo's Posters,What just happened?","49,poster1;49,poster2;49,poster3;49,poster4;49,poster5;49,poster6;51,scrap","U2,U2_Collectibles,U2_Quests","0.11.141","TaskProgressEvent",64,"Measure the East River Levels",1
"2717","5c621004e4194c47a156865f",4,"Development","8d703246-39e0-4ff5-aef9-ec166f84d182","JG7 UX7",186,"2019-02-11 12:14:50","WindowsPlayer",NA,11,"TaskEvent",0,"0.11.141",711.374450683594,1217.59948730469,107.180633544922,0.930853009223938,-0.365394115447998,0,"Find Toppo's Posters,What just happened?","49,poster1;49,poster2;49,poster3;49,poster4;49,poster5;49,poster6;51,scrap;51,hoverboard","U2,U2_Collectibles,U2_Quests","0.11.141","TaskCompleteEvent",64,"Measure the West River Levels",NA
"2718","5c621054e4194c47a15686e9",4,"Development","8d703246-39e0-4ff5-aef9-ec166f84d182","JG7 UX7",186,"2019-02-11 12:16:04","WindowsPlayer",NA,11,"TaskEvent",0,"0.11.141",676.939147949219,1124.22265625,98.0237731933594,-0.775296032428741,-0.631598472595215,0,"Find Toppo's Posters,What just happened?","49,poster1;49,poster2;49,poster3;49,poster4;49,poster5;49,poster6;51,hoverboard","U2,U2_Collectibles,U2_Quests","0.11.141","TaskActiveEvent",65,"Check Anderson's Water Supply",NA
"2719","5c621054e4194c47a15686ea",4,"Development","8d703246-39e0-4ff5-aef9-ec166f84d182","JG7 UX7",186,"2019-02-11 12:16:04","WindowsPlayer",NA,11,"TaskEvent",0,"0.11.141",676.939147949219,1124.22265625,98.0237731933594,-0.775296032428741,-0.631598472595215,0,"Find Toppo's Posters,What just happened?","49,poster1;49,poster2;49,poster3;49,poster4;49,poster5;49,poster6;51,hoverboard;51,communications","U2,U2_Collectibles,U2_Quests","0.11.141","TaskProgressEvent",64,"Measure the West River Levels",1
"2720","5c621054e4194c47a15686f5",4,"Development","8d703246-39e0-4ff5-aef9-ec166f84d182","JG7 UX7",186,"2019-02-11 12:16:04","WindowsPlayer",NA,11,"TaskEvent",0,"0.11.141",676.939147949219,1124.22265625,98.0237731933594,-0.775296032428741,-0.631598472595215,0,"Find Toppo's Posters,What just happened?","49,poster1;49,poster2;49,poster3;49,poster4;49,poster5;49,poster6;51,hoverboard","U2,U2_Collectibles,U2_Quests","0.11.141","TaskProgressEvent",65,"Check Anderson's Water Supply",1
"2721","5c6210aee4194c47a1568779",4,"Development","8d703246-39e0-4ff5-aef9-ec166f84d182","JG7 UX7",186,"2019-02-11 12:17:41","WindowsPlayer",NA,11,"TaskEvent",0,"0.11.141",726.768676757812,1513.61999511719,125.443794250488,0.861024618148804,0.50856339931488,0,"Find Toppo's Posters,What just happened?","49,poster1;49,poster2;49,poster3;49,poster4;49,poster5;49,poster6;51,communications","U2,U2_Collectibles,U2_Quests","0.11.141","TaskCompleteEvent",65,"Check Anderson's Water Supply",NA
"2722","5c6210aee4194c47a1568780",4,"Development","8d703246-39e0-4ff5-aef9-ec166f84d182","JG7 UX7",186,"2019-02-11 12:17:41","WindowsPlayer",NA,11,"TaskEvent",0,"0.11.141",726.768676757812,1513.61999511719,125.443794250488,0.861024618148804,0.50856339931488,0,"Find Toppo's Posters,What just happened?","49,poster1;49,poster2;49,poster3;49,poster4;49,poster5;49,poster6;51,communications","U2,U2_Collectibles,U2_Quests","0.11.141","TaskActiveEvent",65,"Check the Bunker Water Table",NA
"2723","5c6210c2e4194c47a15687a0",4,"Development","8d703246-39e0-4ff5-aef9-ec166f84d182","JG7 UX7",186,"2019-02-11 12:18:05","WindowsPlayer",NA,11,"TaskEvent",0,"0.11.141",714.40966796875,1510.3017578125,126.421348571777,-0.905063271522522,-0.42527711391449,0,"Find Toppo's Posters,Find the Team","49,poster1;49,poster3;49,poster4;49,poster5;49,poster6;20,Find the team","U2,U2_Collectibles,U2_Quests","0.11.141","TaskProgressEvent",88,"Check the Cave Humidity",1
"2724","5c6210c2e4194c47a15687a2",4,"Development","8d703246-39e0-4ff5-aef9-ec166f84d182","JG7 UX7",186,"2019-02-11 12:18:05","WindowsPlayer",NA,11,"TaskEvent",0,"0.11.141",714.40966796875,1510.3017578125,126.421348571777,-0.905063271522522,-0.42527711391449,0,"Find Toppo's Posters,What just happened?","49,poster1;49,poster3;49,poster4;49,poster5;49,poster6;51,communications","U2,U2_Collectibles,U2_Quests","0.11.141","TaskActiveEvent",88,"Check the Base Humidity",NA
"2725","5c6210c2e4194c47a15687aa",4,"Development","8d703246-39e0-4ff5-aef9-ec166f84d182","JG7 UX7",186,"2019-02-11 12:18:05","WindowsPlayer",NA,11,"TaskEvent",0,"0.11.141",714.40966796875,1510.3017578125,126.421348571777,-0.905063271522522,-0.42527711391449,0,"Find Toppo's Posters,What just happened?,Find the Team","49,poster1;49,poster3;49,poster4;49,poster5;49,poster6","U2,U2_Collectibles,U2_Quests","0.11.141","TaskCompleteEvent",88,"Check the Cave Humidity",NA
"2726","5c62112be4194c47a1568853",4,"Development","8d703246-39e0-4ff5-aef9-ec166f84d182","JG7 UX7",186,"2019-02-11 12:19:45","WindowsPlayer",NA,11,"TaskEvent",0,"0.11.141",1004.13372802734,1755.87487792969,117.561485290527,0.974101960659027,0.226109266281128,0,"Find Toppo's Posters,Find the Team","49,poster1;49,poster3;49,poster4;49,poster5;49,poster6;20,Find the team","U2,U2_Collectibles,U2_Quests","0.11.141","TaskProgressEvent",88,"Check the Factory Humidity",1
"2727","5c62112be4194c47a1568859",4,"Development","8d703246-39e0-4ff5-aef9-ec166f84d182","JG7 UX7",186,"2019-02-11 12:19:45","WindowsPlayer",NA,11,"TaskEvent",0,"0.11.141",1004.13372802734,1755.87487792969,117.561485290527,0.974101960659027,0.226109266281128,0,"Find Toppo's Posters,Find the Team","49,poster1;49,poster3;49,poster4;49,poster5;49,poster6;20,Find the team","U2,U2_Collectibles,U2_Quests","0.11.141","TaskCompleteEvent",88,"Check the Factory Humidity",NA
"2728","5c62112be4194c47a156885a",4,"Development","8d703246-39e0-4ff5-aef9-ec166f84d182","JG7 UX7",186,"2019-02-11 12:19:45","WindowsPlayer",NA,11,"TaskEvent",0,"0.11.141",1004.13372802734,1755.87487792969,117.561485290527,0.974101960659027,0.226109266281128,0,"Find Toppo's Posters,Find the Team","49,poster1;49,poster3;49,poster4;49,poster5;49,poster6;20,Find the team;20,Talk with Dr. Topo","U2,U2_Collectibles,U2_Quests","0.11.141","TaskActiveEvent",88,"Check the Cave Humidity",NA
"2729","5c621135e4194c47a1568880",4,"Development","8d703246-39e0-4ff5-aef9-ec166f84d182","JG7 UX7",186,"2019-02-11 12:19:59","WindowsPlayer",NA,11,"TaskEvent",0,"0.11.141",1061.63330078125,1757.849609375,105.293251037598,0.82083135843277,-0.571170449256897,0,"Find Toppo's Posters,Find the Team,Settling WAT247","49,poster1;49,poster3;49,poster4;49,poster5;49,poster6","U2,U2_Collectibles,U2_Quests","0.11.141","TaskActiveEvent",89,"Sort this Out",NA
"2730","5c621135e4194c47a1568881",4,"Development","8d703246-39e0-4ff5-aef9-ec166f84d182","JG7 UX7",186,"2019-02-11 12:19:59","WindowsPlayer",NA,11,"TaskEvent",0,"0.11.141",1061.63330078125,1757.849609375,105.293251037598,0.82083135843277,-0.571170449256897,0,"Find Toppo's Posters,Settling WAT247","49,poster1;49,poster3;49,poster4;49,poster5;49,poster6;22,Talk to Anderson","U2,U2_Collectibles,U2_Quests","0.11.141","TaskCompleteEvent",89,"Update the Team",NA
"2731","5c621135e4194c47a1568888",4,"Development","8d703246-39e0-4ff5-aef9-ec166f84d182","JG7 UX7",186,"2019-02-11 12:19:59","WindowsPlayer",NA,11,"TaskEvent",0,"0.11.141",1061.63330078125,1757.849609375,105.293251037598,0.82083135843277,-0.571170449256897,0,"Find Toppo's Posters,Find the Team","49,poster1;49,poster3;49,poster4;49,poster5;49,poster6;20,Talk with Dr. Topo","U2,U2_Collectibles,U2_Quests","0.11.141","TaskProgressEvent",89,"Update the Team",1
"2732","5c621144e4194c47a15688bc",4,"Development","8d703246-39e0-4ff5-aef9-ec166f84d182","JG7 UX7",186,"2019-02-11 12:20:19","WindowsPlayer",NA,11,"TaskEvent",0,"0.11.141",1061.63330078125,1757.849609375,105.293251037598,0.82083135843277,-0.571170449256897,0,"Find Toppo's Posters,Settling WAT247,Crash Diagnostics - Mountains","49,poster1;49,poster3;49,poster4;49,poster5;49,poster6;22,Talk to Anderson","U2,U2_Collectibles,U2_Quests","0.11.141","TaskProgressEvent",88,"Check the Base Humidity",1
"2733","5c6211fde4194c47a15689c0",4,"Development","8d703246-39e0-4ff5-aef9-ec166f84d182","JG7 UX7",186,"2019-02-11 12:23:14","WindowsPlayer",NA,11,"TaskEvent",0,"0.11.141",1043.99877929688,1740.17602539062,104.815322875977,-0.653842031955719,-0.756631016731262,0,"Find Toppo's Posters,Settling WAT247,Crash Diagnostics - Mountains","49,poster1;49,poster3;49,poster4;49,poster5;49,poster6;22,Talk to Anderson;46,jasper","U2,U2_Collectibles,U2_Quests","0.11.141","TaskCompleteEvent",88,"Check the Base Humidity",NA
"2734","5c6211fde4194c47a15689c1",4,"Development","8d703246-39e0-4ff5-aef9-ec166f84d182","JG7 UX7",186,"2019-02-11 12:23:14","WindowsPlayer",NA,11,"TaskEvent",0,"0.11.141",1043.99877929688,1740.17602539062,104.815322875977,-0.653842031955719,-0.756631016731262,0,"Find Toppo's Posters,Settling WAT247,Crash Diagnostics - Mountains","49,poster1;49,poster3;49,poster4;49,poster5;49,poster6;22,Talk to Anderson;46,jasper;22,Talk to Sam","U2,U2_Collectibles,U2_Quests","0.11.141","TaskActiveEvent",89,"Update the Team",NA
"2735","5c6211fde4194c47a15689cb",4,"Development","8d703246-39e0-4ff5-aef9-ec166f84d182","JG7 UX7",186,"2019-02-11 12:23:14","WindowsPlayer",NA,11,"TaskEvent",0,"0.11.141",1043.99877929688,1740.17602539062,104.815322875977,-0.653842031955719,-0.756631016731262,0,"Find Toppo's Posters,Settling WAT247,Crash Diagnostics - Mountains","49,poster1;49,poster3;49,poster4;49,poster5;49,poster6;22,Talk to Anderson;46,jasper","U2,U2_Collectibles,U2_Quests","0.11.141","TaskActiveEvent",89,"Counter Him Cadet",NA
"2736","5c62120ce4194c47a15689e0",4,"Development","8d703246-39e0-4ff5-aef9-ec166f84d182","JG7 UX7",186,"2019-02-11 12:23:39","WindowsPlayer",NA,11,"TaskEvent",0,"0.11.141",1058.61108398438,1734.83422851562,100.147102355957,0.867488503456116,-0.49745762348175,0,"Find Toppo's Posters,Settling WAT247,Crash Diagnostics - Mountains","49,poster1;49,poster3;49,poster4;49,poster5;49,poster6;46,jasper;22,Talk to Sam","U2,U2_Collectibles,U2_Quests","0.11.141","TaskProgressEvent",89,"Sort this Out",1
"2737","5c62120ce4194c47a15689e1",4,"Development","8d703246-39e0-4ff5-aef9-ec166f84d182","JG7 UX7",186,"2019-02-11 12:23:39","WindowsPlayer",NA,11,"TaskEvent",0,"0.11.141",1058.61108398438,1734.83422851562,100.147102355957,0.867488503456116,-0.49745762348175,0,"Find Toppo's Posters,Settling WAT247,Crash Diagnostics - Mountains","49,poster1;49,poster3;49,poster4;49,poster5;49,poster6;46,jasper;22,Talk to Sam;22,Talk to Bill","U2,U2_Collectibles,U2_Quests","0.11.141","TaskCompleteEvent",89,"Sort this Out",NA
"2738","5c62120de4194c47a15689e6",4,"Development","8d703246-39e0-4ff5-aef9-ec166f84d182","JG7 UX7",186,"2019-02-11 12:23:39","WindowsPlayer",NA,11,"TaskEvent",0,"0.11.141",1058.61108398438,1734.83422851562,100.147102355957,0.867488503456116,-0.49745762348175,0,"Find Toppo's Posters,Settling WAT247,Crash Diagnostics - Mountains","49,poster1;49,poster3;49,poster4;49,poster5;49,poster6;46,jasper;22,Talk to Sam","U2,U2_Collectibles,U2_Quests","0.11.141","TaskProgressEvent",89,"Counter Him Cadet",1
"2739","5c621225e4194c47a15689ff",4,"Development","8d703246-39e0-4ff5-aef9-ec166f84d182","JG7 UX7",186,"2019-02-11 12:23:57","WindowsPlayer",NA,11,"TaskEvent",0,"0.11.141",1052.02648925781,1729.56555175781,100.252029418945,-0.850186288356781,-0.526482224464417,0,"Find Toppo's Posters,Settling WAT247,Crash Diagnostics - Mountains","49,poster1;49,poster3;49,poster4;49,poster5;49,poster6;46,jasper;22,Talk to Bill","U2,U2_Collectibles,U2_Quests","0.11.141","TaskActiveEvent",89,"Is the Water Missing?",NA
"2740","5c621225e4194c47a1568a01",4,"Development","8d703246-39e0-4ff5-aef9-ec166f84d182","JG7 UX7",186,"2019-02-11 12:23:57","WindowsPlayer",NA,11,"TaskEvent",0,"0.11.141",1052.02648925781,1729.56555175781,100.252029418945,-0.850186288356781,-0.526482224464417,0,"Find Toppo's Posters,Settling WAT247,Crash Diagnostics - Mountains","49,poster1;49,poster3;49,poster4;49,poster5;49,poster6;46,jasper;22,Talk to Bill","U2,U2_Collectibles,U2_Quests","0.11.141","TaskCompleteEvent",89,"Counter Him Cadet",NA
"2741","5c621225e4194c47a1568a02",4,"Development","8d703246-39e0-4ff5-aef9-ec166f84d182","JG7 UX7",186,"2019-02-11 12:23:57","WindowsPlayer",NA,11,"TaskEvent",0,"0.11.141",1052.02648925781,1729.56555175781,100.252029418945,-0.850186288356781,-0.526482224464417,0,"Find Toppo's Posters,Settling WAT247,Crash Diagnostics - Mountains","49,poster1;49,poster3;49,poster4;49,poster5;49,poster6;46,jasper;22,Talk to Bill;22,Sample the east waterfall","U2,U2_Collectibles,U2_Quests","0.11.141","TaskProgressEvent",65,"Check the Bunker Water Table",1
"2742","5c6212bce4194c47a1568b1f",4,"Development","8d703246-39e0-4ff5-aef9-ec166f84d182","JG7 UX7",186,"2019-02-11 12:26:36","WindowsPlayer",NA,11,"TaskEvent",0,"0.11.141",1665.37829589844,288.963104248047,52.1414642333984,0.428430944681168,-0.903574705123901,0,"Find Toppo's Posters,Settling WAT247,Crash Diagnostics - Mountains","49,poster1;49,poster3;49,poster4;49,poster5;49,poster6;46,jasper;22,Sample the east waterfall","U2,U2_Collectibles,U2_Quests,U2_LeftWaterfall","0.11.141","TaskCompleteEvent",65,"Check the Bunker Water Table",NA
"2743","5c6212bce4194c47a1568b22",4,"Development","8d703246-39e0-4ff5-aef9-ec166f84d182","JG7 UX7",186,"2019-02-11 12:26:36","WindowsPlayer",NA,11,"TaskEvent",0,"0.11.141",1665.37829589844,288.963104248047,52.1414642333984,0.428430944681168,-0.903574705123901,0,"Find Toppo's Posters,Settling WAT247,Crash Diagnostics - Mountains","49,poster1;49,poster3;49,poster4;49,poster5;49,poster6;46,jasper;22,Sample the east waterfall","U2,U2_Collectibles,U2_Quests,U2_LeftWaterfall","0.11.141","TaskActiveEvent",65,"Check the Ruins Water Table",NA
"2744","5c6212bce4194c47a1568b27",4,"Development","8d703246-39e0-4ff5-aef9-ec166f84d182","JG7 UX7",186,"2019-02-11 12:26:36","WindowsPlayer",NA,11,"TaskEvent",0,"0.11.141",1665.37829589844,288.963104248047,52.1414642333984,0.428430944681168,-0.903574705123901,0,"Find Toppo's Posters,Settling WAT247,Crash Diagnostics - Mountains","49,poster1;49,poster3;49,poster4;49,poster5;49,poster6;46,jasper;22,Sample the east waterfall;22,Sample the west waterfall","U2,U2_Collectibles,U2_Quests,U2_LeftWaterfall","0.11.141","TaskActiveEvent",66,"Follow Jasper",NA
"2745","5c62130de4194c47a1568b89",4,"Development","8d703246-39e0-4ff5-aef9-ec166f84d182","JG7 UX7",186,"2019-02-11 12:27:48","WindowsPlayer",NA,11,"TaskEvent",0,"0.11.141",0,-50,0.980000019073486,0.506033778190613,0.862513661384583,0,"Find Toppo's Posters,Settling WAT247,Crash Diagnostics - Mountains,Welcome to CREi","49,poster1;49,poster3;49,poster4;49,poster5;49,poster6;46,jasper;22,Sample the west waterfall","CREi","0.11.141","TaskCompleteEvent",89,"Is the Water Missing?",NA
"2746","5c62134ee4194c47a1568be5",4,"Development","8d703246-39e0-4ff5-aef9-ec166f84d182","JG7 UX7",186,"2019-02-11 12:28:51","WindowsPlayer",NA,11,"TaskEvent",0,"0.11.141",1.48381292819977,-40.2295379638672,0.979999959468842,0.389123648405075,0.921185553073883,0,"Find Toppo's Posters,Settling WAT247,Crash Diagnostics - Mountains,Welcome to CREi","49,poster1;49,poster3;49,poster4;49,poster5;49,poster6;46,jasper;22,Sample the west waterfall;84,Spawn a Component","CREi","0.11.141","TaskProgressEvent",89,"Is the Water Missing?",1
"2747","5c62134ee4194c47a1568be8",4,"Development","8d703246-39e0-4ff5-aef9-ec166f84d182","JG7 UX7",186,"2019-02-11 12:28:51","WindowsPlayer",NA,11,"TaskEvent",0,"0.11.141",1.48381292819977,-40.2295379638672,0.979999959468842,0.389123648405075,0.921185553073883,0,"Find Toppo's Posters,Settling WAT247,Crash Diagnostics - Mountains,Welcome to CREi","49,poster1;49,poster3;49,poster4;49,poster5;49,poster6;46,jasper;22,Sample the west waterfall;84,Spawn a Component","CREi","0.11.141","TaskProgressEvent",32,"fill pan",1
"2748","5c62134ee4194c47a1568bea",4,"Development","8d703246-39e0-4ff5-aef9-ec166f84d182","JG7 UX7",186,"2019-02-11 12:28:51","WindowsPlayer",NA,11,"TaskEvent",0,"0.11.141",1.48381292819977,-40.2295379638672,0.979999959468842,0.389123648405075,0.921185553073883,0,"Find Toppo's Posters,Settling WAT247,Crash Diagnostics - Mountains,Welcome to CREi","49,poster1;49,poster3;49,poster4;49,poster5;49,poster6;46,jasper;22,Sample the west waterfall;84,Spawn a Component;84,Identify a Component","CREi","0.11.141","TaskCompleteEvent",32,"fill pan",NA
"2749","5c621394e4194c47a1568c5f",4,"Development","8d703246-39e0-4ff5-aef9-ec166f84d182","JG7 UX7",186,"2019-02-11 12:30:07","WindowsPlayer",NA,11,"TaskEvent",0,"0.11.141",-1.98021423816681,-36.4582633972168,0.980000078678131,-0.45864999294281,0.888617038726807,0,"Find Toppo's Posters,Settling WAT247,Crash Diagnostics - Mountains,Welcome to CREi","49,poster1;49,poster3;49,poster4;49,poster5;49,poster6;46,jasper;22,Sample the west waterfall;84,Identify a Component","CREi","0.11.141","TaskActiveEvent",32,"Find Rock",NA
"2750","5c621394e4194c47a1568c64",4,"Development","8d703246-39e0-4ff5-aef9-ec166f84d182","JG7 UX7",186,"2019-02-11 12:30:07","WindowsPlayer",NA,11,"TaskEvent",0,"0.11.141",-1.98021423816681,-36.4582633972168,0.980000078678131,-0.45864999294281,0.888617038726807,0,"Find Toppo's Posters,Settling WAT247,Crash Diagnostics - Mountains,Welcome to CREi","49,poster1;49,poster3;49,poster4;49,poster5;49,poster6;46,jasper;22,Sample the west waterfall;84,Identify a Component","CREi","0.11.141","TaskProgressEvent",66,"Follow Jasper",1
"2751","5c621394e4194c47a1568c65",4,"Development","8d703246-39e0-4ff5-aef9-ec166f84d182","JG7 UX7",186,"2019-02-11 12:30:07","WindowsPlayer",NA,11,"TaskEvent",0,"0.11.141",-1.98021423816681,-36.4582633972168,0.980000078678131,-0.45864999294281,0.888617038726807,0,"Find Toppo's Posters,Settling WAT247,Crash Diagnostics - Mountains,Welcome to CREi","49,poster1;49,poster3;49,poster4;49,poster5;49,poster6;46,jasper;22,Sample the west waterfall;84,Identify a Component;84,And all the rest","CREi","0.11.141","TaskCompleteEvent",66,"Follow Jasper",NA
"2752","5c6213b7e4194c47a1568c9b",4,"Development","8d703246-39e0-4ff5-aef9-ec166f84d182","JG7 UX7",186,"2019-02-11 12:30:41","WindowsPlayer",NA,11,"TaskEvent",0,"0.11.141",0.452505677938461,-39.9897575378418,0.980000019073486,0.425778806209564,0.904827296733856,0,"Find Toppo's Posters,Settling WAT247,Crash Diagnostics - Mountains,Welcome to CREi","49,poster1;49,poster3;49,poster4;49,poster5;49,poster6;46,jasper;22,Sample the west waterfall;84,And all the rest","CREi","0.11.141","TaskActiveEvent",66,"Gain Entrance to the New Ruins",NA
"2753","5c6213b7e4194c47a1568c9e",4,"Development","8d703246-39e0-4ff5-aef9-ec166f84d182","JG7 UX7",186,"2019-02-11 12:30:41","WindowsPlayer",NA,11,"TaskEvent",0,"0.11.141",0.452505677938461,-39.9897575378418,0.980000019073486,0.425778806209564,0.904827296733856,0,"Find Toppo's Posters,Settling WAT247,Crash Diagnostics - Mountains,Welcome to CREi","49,poster1;49,poster3;49,poster4;49,poster5;49,poster6;46,jasper;22,Sample the west waterfall;84,And all the rest;84,Finish fixing ARF","CREi","0.11.141","TaskProgressEvent",50,"watershed",1
"2754","5c6213b7e4194c47a1568ca4",4,"Development","8d703246-39e0-4ff5-aef9-ec166f84d182","JG7 UX7",186,"2019-02-11 12:30:41","WindowsPlayer",NA,11,"TaskEvent",0,"0.11.141",0.452505677938461,-39.9897575378418,0.980000019073486,0.425778806209564,0.904827296733856,0,"Find Toppo's Posters,Settling WAT247,Crash Diagnostics - Mountains,Welcome to CREi","49,poster1;49,poster3;49,poster4;49,poster5;49,poster6;46,jasper;22,Sample the west waterfall;84,And all the rest","CREi","0.11.141","TaskCompleteEvent",50,"watershed",NA
"2755","5c6214bbe4194c47a1568e5b",4,"Development","8d703246-39e0-4ff5-aef9-ec166f84d182","JG7 UX7",186,"2019-02-11 12:35:02","WindowsPlayer",NA,11,"TaskEvent",0,"0.11.141",-2.25457787513733,-33.6517219543457,0.980000019073486,-0.495459198951721,0.86863124370575,0,"Find Toppo's Posters,Settling WAT247,Crash Diagnostics - Mountains,Welcome to CREi","49,poster1;49,poster3;49,poster4;49,poster5;49,poster6;46,jasper;22,Sample the west waterfall;84,Finish fixing ARF","CREi","0.11.141","TaskProgressEvent",63,"Leave your house",1
"2756","5c6214bbe4194c47a1568e5d",4,"Development","8d703246-39e0-4ff5-aef9-ec166f84d182","JG7 UX7",186,"2019-02-11 12:35:02","WindowsPlayer",NA,11,"TaskEvent",0,"0.11.141",-2.25457787513733,-33.6517219543457,0.980000019073486,-0.495459198951721,0.86863124370575,0,"Find Toppo's Posters,Settling WAT247,Crash Diagnostics - Mountains","49,poster1;49,poster3;49,poster4;49,poster5;49,poster6;46,jasper;22,Sample the west waterfall","CREi","0.11.141","TaskActiveEvent",63,"Talk with Toppo",NA
"2757","5c6215e5e4194c47a1569027",4,"Development","8d703246-39e0-4ff5-aef9-ec166f84d182","JG7 UX7",186,"2019-02-11 12:40:02","WindowsPlayer",NA,11,"TaskEvent",0,"0.11.141",268.684753417969,298.978668212891,52.8361968994141,-0.979575395584106,0.20107764005661,0,"Find Toppo's Posters,Settling WAT247,Crash Diagnostics - Mountains","49,poster1;49,poster3;49,poster4;49,poster5;49,poster6;46,jasper;22,Sample the west waterfall","U2,U2_Collectibles,U2_Quests,U2_RightWaterfall","0.11.141","TaskCompleteEvent",63,"Leave your house",NA
"2758","5c6215e5e4194c47a156902a",4,"Development","8d703246-39e0-4ff5-aef9-ec166f84d182","JG7 UX7",186,"2019-02-11 12:40:02","WindowsPlayer",NA,11,"TaskEvent",0,"0.11.141",268.684753417969,298.978668212891,52.8361968994141,-0.979575395584106,0.20107764005661,0,"Find Toppo's Posters,Settling WAT247,Crash Diagnostics - Mountains,The Largest Watershed","49,poster1;49,poster3;49,poster4;49,poster5;49,poster6;46,jasper","U2,U2_Collectibles,U2_Quests,U2_RightWaterfall","0.11.141","TaskCompleteEvent",66,"Enter the Alien Teleporter",NA
"2759","5c6215e5e4194c47a156902b",4,"Development","8d703246-39e0-4ff5-aef9-ec166f84d182","JG7 UX7",186,"2019-02-11 12:40:02","WindowsPlayer",NA,11,"TaskEvent",0,"0.11.141",268.684753417969,298.978668212891,52.8361968994141,-0.979575395584106,0.20107764005661,0,"Find Toppo's Posters,Crash Diagnostics - Mountains,The Largest Watershed","49,poster1;49,poster3;49,poster4;49,poster5;49,poster6;46,jasper;28,Talk to Holo-Toppo","U2,U2_Collectibles,U2_Quests,U2_RightWaterfall","0.11.141","TaskActiveEvent",90,"Enter the Alien Base",NA
"2760","5c6216a4e4194c47a156912e",4,"Development","8d703246-39e0-4ff5-aef9-ec166f84d182","JG7 UX7",186,"2019-02-11 12:43:10","WindowsPlayer",NA,11,"TaskEvent",0,"0.11.141",261.469146728516,296.050048828125,54.585376739502,-0.304032683372498,-0.952661514282227,0,"Find Toppo's Posters,Crash Diagnostics - Mountains,The Largest Watershed","49,poster1;49,poster3;49,poster4;49,poster5;49,poster6;46,jasper;28,Talk to Holo-Toppo","U2,U2_Collectibles,U2_Quests,U2_RightWaterfall","0.11.141","TaskProgressEvent",66,"Enter the Alien Teleporter",1
"2761","5c6216a4e4194c47a156913a",4,"Development","8d703246-39e0-4ff5-aef9-ec166f84d182","JG7 UX7",186,"2019-02-11 12:43:10","WindowsPlayer",NA,11,"TaskEvent",0,"0.11.141",261.469146728516,296.050048828125,54.585376739502,-0.304032683372498,-0.952661514282227,0,"Find Toppo's Posters,Crash Diagnostics - Mountains,The Largest Watershed","49,poster1;49,poster3;49,poster4;49,poster5;49,poster6;46,jasper;28,Talk to Holo-Toppo","U2,U2_Collectibles,U2_Quests,U2_RightWaterfall","0.11.141","TaskProgressEvent",90,"Enter the Alien Base",1
"2762","5c6216a4e4194c47a156913c",4,"Development","8d703246-39e0-4ff5-aef9-ec166f84d182","JG7 UX7",186,"2019-02-11 12:43:10","WindowsPlayer",NA,11,"TaskEvent",0,"0.11.141",261.469146728516,296.050048828125,54.585376739502,-0.304032683372498,-0.952661514282227,0,"Find Toppo's Posters,Crash Diagnostics - Mountains,The Largest Watershed","49,poster1;49,poster3;49,poster4;49,poster5;49,poster6;46,jasper;28,Talk to Holo-Toppo;28,Argue which watershed is bigger","U2,U2_Collectibles,U2_Quests,U2_RightWaterfall","0.11.141","TaskActiveEvent",90,"Operate the Alien Console",NA
"2763","5c62171ce4194c47a1569209",4,"Development","8d703246-39e0-4ff5-aef9-ec166f84d182","JG7 UX7",186,"2019-02-11 12:45:11","WindowsPlayer",NA,11,"TaskEvent",0,"0.11.141",261.469146728516,296.050048828125,54.585376739502,0.173648536205292,-0.984807848930359,0,"Find Toppo's Posters,Crash Diagnostics - Mountains,The Largest Watershed","49,poster1;49,poster3;49,poster4;49,poster5;49,poster6;46,jasper;28,Argue which watershed is bigger","U2,U2_Collectibles,U2_Quests,U2_RightWaterfall","0.11.141","TaskCompleteEvent",90,"Enter the Alien Base",NA
"2764","5c62171ce4194c47a156920a",4,"Development","8d703246-39e0-4ff5-aef9-ec166f84d182","JG7 UX7",186,"2019-02-11 12:45:11","WindowsPlayer",NA,11,"TaskEvent",0,"0.11.141",261.469146728516,296.050048828125,54.585376739502,0.173648536205292,-0.984807848930359,0,"Find Toppo's Posters,Crash Diagnostics - Mountains,The Largest Watershed,Welcome home","49,poster1;49,poster3;49,poster4;49,poster5;49,poster6;46,jasper","U2,U2_Collectibles,U2_Quests,U2_RightWaterfall","0.11.141","TaskProgressEvent",67,"Open the 2nd Blast Door",1
"2765","5c62171ce4194c47a156920c",4,"Development","8d703246-39e0-4ff5-aef9-ec166f84d182","JG7 UX7",186,"2019-02-11 12:45:11","WindowsPlayer",NA,11,"TaskEvent",0,"0.11.141",261.469146728516,296.050048828125,54.585376739502,0.173648536205292,-0.984807848930359,0,"Find Toppo's Posters,Crash Diagnostics - Mountains,Welcome home","49,poster1;49,poster3;49,poster4;49,poster5;49,poster6;46,jasper;58,Speak with Toppo","U2,U2_Collectibles,U2_Quests,U2_RightWaterfall","0.11.141","TaskActiveEvent",67,"Open the 3rd Blast Door",NA
"2766","5c6217e5e4194c47a1569314",4,"Development","8d703246-39e0-4ff5-aef9-ec166f84d182","JG7 UX7",186,"2019-02-11 12:48:35","WindowsPlayer",NA,11,"TaskEvent",0,"0.11.141",90.0425567626953,102.753402709961,77.9804611206055,-0.467929720878601,0.883765697479248,0,"Find Toppo's Posters,Crash Diagnostics - Mountains,Welcome home","49,poster1;49,poster3;49,poster4;49,poster5;49,poster6;46,jasper;58,Speak with Toppo","Player_Base","0.11.141","TaskCompleteEvent",67,"Open the 2nd Blast Door",NA
"2767","5c6217e5e4194c47a1569319",4,"Development","8d703246-39e0-4ff5-aef9-ec166f84d182","JG7 UX7",186,"2019-02-11 12:48:35","WindowsPlayer",NA,11,"TaskEvent",0,"0.11.141",90.0425567626953,102.753402709961,77.9804611206055,-0.467929720878601,0.883765697479248,0,"Find Toppo's Posters,Crash Diagnostics - Mountains,Welcome home","49,poster1;49,poster3;49,poster4;49,poster5;49,poster6;46,jasper;58,Speak with Toppo","Player_Base","0.11.141","TaskProgressEvent",67,"Open the 3rd Blast Door",1
"2768","5c6217e5e4194c47a156931e",4,"Development","8d703246-39e0-4ff5-aef9-ec166f84d182","JG7 UX7",186,"2019-02-11 12:48:35","WindowsPlayer",NA,11,"TaskEvent",0,"0.11.141",90.0425567626953,102.753402709961,77.9804611206055,-0.467929720878601,0.883765697479248,0,"Find Toppo's Posters,Crash Diagnostics - Mountains,Welcome home","49,poster1;49,poster3;49,poster4;49,poster5;49,poster6;46,jasper;58,Speak with Toppo;58,Jasper's Proposal","Player_Base","0.11.141","TaskCompleteEvent",67,"Open the 3rd Blast Door",NA
"2769","5c62183fe4194c47a156939b",4,"Development","8d703246-39e0-4ff5-aef9-ec166f84d182","JG7 UX7",186,"2019-02-11 12:49:52","WindowsPlayer",NA,11,"TaskEvent",0,"0.11.141",92.3323440551758,105.603736877441,77.9805450439453,-0.163325473666191,0.986572265625,0,"Find Toppo's Posters,Crash Diagnostics - Mountains,Welcome home","49,poster1;49,poster3;49,poster4;49,poster5;49,poster6;46,jasper;58,Jasper's Proposal","Player_Base","0.11.141","TaskActiveEvent",67,"Thaw the Ice",NA
"2770","5c62183fe4194c47a156939c",4,"Development","8d703246-39e0-4ff5-aef9-ec166f84d182","JG7 UX7",186,"2019-02-11 12:49:52","WindowsPlayer",NA,11,"TaskEvent",0,"0.11.141",92.3323440551758,105.603736877441,77.9805450439453,-0.163325473666191,0.986572265625,0,"Find Toppo's Posters,Crash Diagnostics - Mountains,Welcome home","49,poster1;49,poster3;49,poster4;49,poster5;49,poster6;46,jasper;58,Jasper's Proposal","Player_Base","0.11.141","TaskActiveEvent",67,"Open the 4th Blast Door",NA
"2771","5c62183fe4194c47a156939d",4,"Development","8d703246-39e0-4ff5-aef9-ec166f84d182","JG7 UX7",186,"2019-02-11 12:49:52","WindowsPlayer",NA,11,"TaskEvent",0,"0.11.141",92.3323440551758,105.603736877441,77.9805450439453,-0.163325473666191,0.986572265625,0,"Find Toppo's Posters,Crash Diagnostics - Mountains,Welcome home","49,poster1;49,poster3;49,poster4;49,poster5;49,poster6;46,jasper;58,Jasper's Proposal;58,Head to bed","Player_Base","0.11.141","TaskCompleteEvent",67,"Thaw the Ice",NA
"2772","5c62187be4194c47a156941a",4,"Development","8d703246-39e0-4ff5-aef9-ec166f84d182","JG7 UX7",186,"2019-02-11 12:50:55","WindowsPlayer",NA,11,"TaskEvent",0,"0.11.141",134.661651611328,130.186492919922,77.9805450439453,0.948323905467987,0.317304193973541,0,"Find Toppo's Posters,Crash Diagnostics - Mountains,Welcome home","49,poster1;49,poster3;49,poster4;49,poster5;49,poster6;46,jasper;58,Head to bed","Player_Base","0.11.141","TaskProgressEvent",67,"Thaw the Ice",1
"2773","5c62187be4194c47a156941c",4,"Development","8d703246-39e0-4ff5-aef9-ec166f84d182","JG7 UX7",186,"2019-02-11 12:50:55","WindowsPlayer",NA,11,"TaskEvent",0,"0.11.141",134.661651611328,130.186492919922,77.9805450439453,0.948323905467987,0.317304193973541,0,"Find Toppo's Posters,Crash Diagnostics - Mountains,Good Morning!","49,poster1;49,poster3;49,poster4;49,poster5;49,poster6;46,jasper","Player_Base","0.11.141","TaskProgressEvent",68,"Return to the Teleporter",1
"2774","5c62187ce4194c47a1569424",4,"Development","8d703246-39e0-4ff5-aef9-ec166f84d182","JG7 UX7",186,"2019-02-11 12:50:55","WindowsPlayer",NA,11,"TaskEvent",0,"0.11.141",134.661651611328,130.186492919922,77.9805450439453,0.948323905467987,0.317304193973541,0,"Find Toppo's Posters,Crash Diagnostics - Mountains","49,poster1;49,poster3;49,poster4;49,poster5;49,poster6;46,jasper","Player_Base","0.11.141","TaskCompleteEvent",68,"Return to the Teleporter",NA
"2775","5c746188e4194c47a15afe39",4,"Development","8d703246-39e0-4ff5-aef9-ec166f84d182","JG7 UX7",186,"2019-02-25 09:43:24","WindowsPlayer",NA,11,"TaskEvent",0,"0.11.141",-0.0710144266486168,615.036376953125,55.9760322570801,0.128795608878136,-0.991671204566956,0,"Find Toppo's Posters,Crash Diagnostics - Mountains,Sam’s supplies,History of WAT247","49,poster1;49,poster3;49,poster4;49,poster5;49,poster6;46,jasper;50,watershed;50,dissolved materials;50,infiltration;50,energy;27,Find the supplies","U3,U3_Collectibles,U3_Quests,U3_RiverSpline","0.11.141","TaskActiveEvent",68,"Talk with Toppo",NA
"2776","5c746188e4194c47a15afe3a",4,"Development","8d703246-39e0-4ff5-aef9-ec166f84d182","JG7 UX7",186,"2019-02-25 09:43:24","WindowsPlayer",NA,11,"TaskEvent",0,"0.11.141",-0.0710144266486168,615.036376953125,55.9760322570801,0.128795608878136,-0.991671204566956,0,"Find Toppo's Posters,Crash Diagnostics - Mountains,Sam’s supplies,History of WAT247","49,poster1;49,poster3;49,poster4;49,poster5;49,poster6;46,jasper;50,watershed;50,dissolved materials;50,infiltration;50,energy;27,Find the supplies","U3,U3_Collectibles,U3_Quests,U3_RiverSpline","0.11.141","TaskProgressEvent",67,"Close the 4th Blast Door",1
"2777","5c7461e7e4194c47a15affb5",4,"Development","8d703246-39e0-4ff5-aef9-ec166f84d182","JG7 UX7",186,"2019-02-25 09:45:01","WindowsPlayer",NA,11,"TaskEvent",0,"0.11.141",-178.333633422852,139.880996704102,94.7289733886719,-0.597625434398651,-0.801775574684143,0,"Find Toppo's Posters,Crash Diagnostics - Mountains,Sam’s supplies,History of WAT247","49,poster1;49,poster4;49,poster5;49,poster6;46,jasper;50,watershed;50,dissolved materials;50,infiltration;50,energy;27,Find the supplies;27,Deliver crates","U3,U3_Collectibles,U3_Quests,U3_RiverSpline","0.11.141","TaskActiveEvent",67,"Re-open the 4th Blast Door",NA
"2778","5c7461e7e4194c47a15affba",4,"Development","8d703246-39e0-4ff5-aef9-ec166f84d182","JG7 UX7",186,"2019-02-25 09:45:01","WindowsPlayer",NA,11,"TaskEvent",0,"0.11.141",-178.333633422852,139.880996704102,94.7289733886719,-0.597625434398651,-0.801775574684143,0,"Find Toppo's Posters,Crash Diagnostics - Mountains,Sam’s supplies,History of WAT247","49,poster1;49,poster4;49,poster5;49,poster6;46,jasper;50,watershed;50,dissolved materials;50,infiltration;50,energy;27,Find the supplies","U3,U3_Collectibles,U3_Quests,U3_RiverSpline","0.11.141","TaskCompleteEvent",67,"Condense the Water",NA
"2779","5c7461e7e4194c47a15affbb",4,"Development","8d703246-39e0-4ff5-aef9-ec166f84d182","JG7 UX7",186,"2019-02-25 09:45:01","WindowsPlayer",NA,11,"TaskEvent",0,"0.11.141",-178.333633422852,139.880996704102,94.7289733886719,-0.597625434398651,-0.801775574684143,0,"Find Toppo's Posters,Crash Diagnostics - Mountains,Sam’s supplies,History of WAT247","49,poster1;49,poster4;49,poster5;49,poster6;46,jasper;50,watershed;50,dissolved materials;50,infiltration;50,energy;27,Find the supplies","U3,U3_Collectibles,U3_Quests,U3_RiverSpline","0.11.141","TaskActiveEvent",67,"Condense the Water",NA
"2780","5c746256e4194c47a15b017e",4,"Development","8d703246-39e0-4ff5-aef9-ec166f84d182","JG7 UX7",186,"2019-02-25 09:46:57","WindowsPlayer",NA,11,"TaskEvent",0,"0.11.141",113.111610412598,43.8389053344727,54.778434753418,0.946085572242737,-0.323916554450989,0,"Find Toppo's Posters,Crash Diagnostics - Mountains,Sam’s supplies,History of WAT247","49,poster1;49,poster4;49,poster5;49,poster6;46,jasper;50,watershed;50,dissolved materials;50,infiltration;50,energy;27,Deliver crates","U3,U3_Collectibles,U3_Quests,U3_RiverSpline","0.11.141","TaskCompleteEvent",67,"Close the 4th Blast Door",NA
"2781","5c746279e4194c47a15b020a",4,"Development","8d703246-39e0-4ff5-aef9-ec166f84d182","JG7 UX7",186,"2019-02-25 09:47:32","WindowsPlayer",NA,11,"TaskEvent",0,"0.11.141",113.747589111328,54.1274299621582,57.2005577087402,0.854460000991821,-0.519517421722412,0,"Find Toppo's Posters,Crash Diagnostics - Mountains,Sam’s supplies,History of WAT247","49,poster1;49,poster4;49,poster5;49,poster6;46,jasper;50,watershed;50,dissolved materials;50,infiltration;50,energy;27,Deliver crates","U3,U3_Collectibles,U3_Quests,U3_RiverSpline","0.11.141","TaskProgressEvent",67,"Condense the Water",1
"2782","5c7462b9e4194c47a15b0309",4,"Development","8d703246-39e0-4ff5-aef9-ec166f84d182","JG7 UX7",186,"2019-02-25 09:48:37","WindowsPlayer",NA,11,"TaskEvent",0,"0.11.141",99.95068359375,-59.5829620361328,57.2159881591797,0.993171036243439,-0.116668105125427,0,"Find Toppo's Posters,Crash Diagnostics - Mountains,Sam’s supplies,History of WAT247","49,poster1;49,poster4;49,poster5;49,poster6;46,jasper;50,watershed;50,dissolved materials;50,infiltration;50,energy;27,Deliver crates","U3,U3_Collectibles,U3_Quests,U3_RiverSpline","0.11.141","TaskCompleteEvent",67,"Re-open the 4th Blast Door",NA
"2783","5c746350e4194c47a15b0568",4,"Development","8d703246-39e0-4ff5-aef9-ec166f84d182","JG7 UX7",186,"2019-02-25 09:51:07","WindowsPlayer",NA,11,"TaskEvent",0,"0.11.141",14.4990158081055,-256.100402832031,58.3274345397949,0.993170738220215,-0.116669535636902,0,"Find Toppo's Posters,Crash Diagnostics - Mountains,Sam’s supplies,History of WAT247","49,poster1;49,poster4;49,poster5;49,poster6;46,jasper;50,watershed;50,dissolved materials;50,infiltration;50,energy;27,Deliver crates","U3,U3_Collectibles,U3_Quests,U3_RiverSpline","0.11.141","TaskActiveEvent",68,"Return to the Teleporter",NA
"2784","5c746350e4194c47a15b056a",4,"Development","8d703246-39e0-4ff5-aef9-ec166f84d182","JG7 UX7",186,"2019-02-25 09:51:07","WindowsPlayer",NA,11,"TaskEvent",0,"0.11.141",14.4990158081055,-256.100402832031,58.3274345397949,0.993170738220215,-0.116669535636902,0,"Find Toppo's Posters,Crash Diagnostics - Mountains,Sam’s supplies,History of WAT247,Sam’s base is polluted!","49,poster1;49,poster4;49,poster5;49,poster6;46,jasper;50,watershed;50,dissolved materials;50,infiltration;50,energy","U3,U3_Collectibles,U3_Quests,U3_RiverSpline","0.11.141","TaskProgressEvent",67,"Re-open the 4th Blast Door",1
"2785","5c746350e4194c47a15b056d",4,"Development","8d703246-39e0-4ff5-aef9-ec166f84d182","JG7 UX7",186,"2019-02-25 09:51:07","WindowsPlayer",NA,11,"TaskEvent",0,"0.11.141",14.4990158081055,-256.100402832031,58.3274345397949,0.993170738220215,-0.116669535636902,0,"Find Toppo's Posters,Crash Diagnostics - Mountains,History of WAT247,Sam’s base is polluted!","49,poster1;49,poster4;49,poster5;49,poster6;46,jasper;50,watershed;50,dissolved materials;50,infiltration;50,energy;24,Return to Sam","U3,U3_Collectibles,U3_Quests,U3_RiverSpline","0.11.141","TaskProgressEvent",67,"Reverse the Water",1
"2786","5c7463d7e4194c47a15b0786",4,"Development","8d703246-39e0-4ff5-aef9-ec166f84d182","JG7 UX7",186,"2019-02-25 09:53:20","WindowsPlayer",NA,11,"TaskEvent",0,"0.11.141",1.30670738220215,618.325500488281,55.9760322570801,-0.999122738838196,0.0418758988380432,0,"Find Toppo's Posters,Crash Diagnostics - Mountains,History of WAT247,Sam’s base is polluted!","49,poster1;49,poster4;49,poster5;49,poster6;46,jasper;50,watershed;50,dissolved materials;50,infiltration;50,energy;24,Return to Sam","U3,U3_Collectibles,U3_Quests,U3_RiverSpline","0.11.141","TaskCompleteEvent",67,"Reverse the Water",NA
"2787","5c7463d8e4194c47a15b0789",4,"Development","8d703246-39e0-4ff5-aef9-ec166f84d182","JG7 UX7",186,"2019-02-25 09:53:20","WindowsPlayer",NA,11,"TaskEvent",0,"0.11.141",1.30670738220215,618.325500488281,55.9760322570801,-0.999122738838196,0.0418758988380432,0,"Find Toppo's Posters,Crash Diagnostics - Mountains,History of WAT247,Sam’s base is polluted!","49,poster1;49,poster4;49,poster5;49,poster6;46,jasper;50,watershed;50,dissolved materials;50,infiltration;50,energy;24,Return to Sam","U3,U3_Collectibles,U3_Quests,U3_RiverSpline","0.11.141","TaskActiveEvent",67,"Open the 2nd Blast Door",NA
"2788","5c7463d8e4194c47a15b078a",4,"Development","8d703246-39e0-4ff5-aef9-ec166f84d182","JG7 UX7",186,"2019-02-25 09:53:20","WindowsPlayer",NA,11,"TaskEvent",0,"0.11.141",1.30670738220215,618.325500488281,55.9760322570801,-0.999122738838196,0.0418758988380432,0,"Find Toppo's Posters,Crash Diagnostics - Mountains,History of WAT247,Sam’s base is polluted!","49,poster1;49,poster4;49,poster5;49,poster6;46,jasper;50,watershed;50,dissolved materials;50,infiltration;50,energy;24,Return to Sam;24,Test the base's water","U3,U3_Collectibles,U3_Quests,U3_RiverSpline","0.11.141","TaskCompleteEvent",90,"Operate the Alien Console",NA
"2789","5c746404e4194c47a15b082d",4,"Development","8d703246-39e0-4ff5-aef9-ec166f84d182","JG7 UX7",186,"2019-02-25 09:54:00","WindowsPlayer",NA,11,"TaskEvent",0,"0.11.141",95.3149871826172,588.774719238281,55.708610534668,0.964095294475555,-0.265556573867798,0,"Find Toppo's Posters,Crash Diagnostics - Mountains,History of WAT247,Sam’s base is polluted!","49,poster1;49,poster4;49,poster5;49,poster6;46,jasper;50,watershed;50,dissolved materials;50,infiltration;50,energy;24,Test the base's water","U3,U3_Collectibles,U3_Quests,U3_RiverSpline","0.11.141","TaskActiveEvent",67,"Reverse the Water",NA
"2790","5c746404e4194c47a15b082e",4,"Development","8d703246-39e0-4ff5-aef9-ec166f84d182","JG7 UX7",186,"2019-02-25 09:54:00","WindowsPlayer",NA,11,"TaskEvent",0,"0.11.141",95.3149871826172,588.774719238281,55.708610534668,0.964095294475555,-0.265556573867798,0,"Find Toppo's Posters,Crash Diagnostics - Mountains,History of WAT247,Sam’s base is polluted!","49,poster1;49,poster4;49,poster5;49,poster6;46,jasper;50,watershed;50,dissolved materials;50,infiltration;50,energy;24,Test the base's water;24,Trace the pollutant","U3,U3_Collectibles,U3_Quests,U3_RiverSpline","0.11.141","TaskProgressEvent",90,"Operate the Alien Console",1
"2791","5c746404e4194c47a15b082f",4,"Development","8d703246-39e0-4ff5-aef9-ec166f84d182","JG7 UX7",186,"2019-02-25 09:54:00","WindowsPlayer",NA,11,"TaskEvent",0,"0.11.141",95.3149871826172,588.774719238281,55.708610534668,0.964095294475555,-0.265556573867798,0,"Find Toppo's Posters,Crash Diagnostics - Mountains,History of WAT247,Sam’s base is polluted!","49,poster1;49,poster4;49,poster5;49,poster6;46,jasper;50,watershed;50,dissolved materials;50,infiltration;50,energy;24,Test the base's water","U3,U3_Collectibles,U3_Quests,U3_RiverSpline","0.11.141","TaskProgressEvent",67,"Open the 4th Blast Door",1
"2792","5c746577e4194c47a15b0f05",4,"Development","8d703246-39e0-4ff5-aef9-ec166f84d182","JG7 UX7",186,"2019-02-25 09:59:38","WindowsPlayer",NA,11,"TaskEvent",0,"0.11.141",655.277770996094,-261.647155761719,54.9799995422363,-0.483281701803207,-0.875465035438538,0,"Find Toppo's Posters,Crash Diagnostics - Mountains,History of WAT247,Sam’s base is polluted!","49,poster1;49,poster4;49,poster5;49,poster6;46,jasper;50,watershed;50,dissolved materials;50,infiltration;50,energy;24,Trace the pollutant;24,Open the Claimer System","U3,U3_Collectibles,U3_Quests,U3_RiverSpline","0.11.141","TaskCompleteEvent",67,"Open the 4th Blast Door",NA
"2793","5c746577e4194c47a15b0f10",4,"Development","8d703246-39e0-4ff5-aef9-ec166f84d182","JG7 UX7",186,"2019-02-25 09:59:38","WindowsPlayer",NA,11,"TaskEvent",0,"0.11.141",655.277770996094,-261.647155761719,54.9799995422363,-0.483281701803207,-0.875465035438538,0,"Find Toppo's Posters,Crash Diagnostics - Mountains,History of WAT247,Sam’s base is polluted!","49,poster1;49,poster4;49,poster5;49,poster6;46,jasper;50,watershed;50,dissolved materials;50,infiltration;50,energy;24,Trace the pollutant","U3,U3_Collectibles,U3_Quests,U3_RiverSpline","0.11.141","TaskActiveEvent",67,"Close the 4th Blast Door",NA
"2794","5c746577e4194c47a15b0f1b",4,"Development","8d703246-39e0-4ff5-aef9-ec166f84d182","JG7 UX7",186,"2019-02-25 09:59:38","WindowsPlayer",NA,11,"TaskEvent",0,"0.11.141",655.277770996094,-261.647155761719,54.9799995422363,-0.483281701803207,-0.875465035438538,0,"Find Toppo's Posters,Crash Diagnostics - Mountains,History of WAT247,Sam’s base is polluted!","49,poster1;49,poster4;49,poster5;49,poster6;46,jasper;50,watershed;50,dissolved materials;50,infiltration;50,energy;24,Trace the pollutant","U3,U3_Collectibles,U3_Quests,U3_RiverSpline","0.11.141","TaskActiveEvent",66,"Enter the Alien Teleporter",NA
"2795","5c746586e4194c47a15b0f52",4,"Development","8d703246-39e0-4ff5-aef9-ec166f84d182","JG7 UX7",186,"2019-02-25 10:00:34","WindowsPlayer",NA,11,"TaskEvent",0,"0.11.141",648.034973144531,-373.027404785156,54.9799995422363,0.487860321998596,-0.872921943664551,0,"Find Toppo's Posters,Crash Diagnostics - Mountains,History of WAT247,Sam’s base is polluted!,The Pollutant","49,poster1;49,poster4;49,poster5;49,poster6;46,jasper;50,watershed;50,dissolved materials;50,infiltration;50,energy","U3,U3_Collectibles,U3_Quests,U3_RiverSpline","0.11.141","TaskProgressEvent",66,"Complete the Third Wing",1
"2796","5c746586e4194c47a15b0f5a",4,"Development","8d703246-39e0-4ff5-aef9-ec166f84d182","JG7 UX7",186,"2019-02-25 10:00:34","WindowsPlayer",NA,11,"TaskEvent",0,"0.11.141",648.034973144531,-373.027404785156,54.9799995422363,0.487860321998596,-0.872921943664551,0,"Find Toppo's Posters,Crash Diagnostics - Mountains,History of WAT247,Sam’s base is polluted!","49,poster1;49,poster4;49,poster5;49,poster6;46,jasper;50,watershed;50,dissolved materials;50,infiltration;50,energy;24,Open the Claimer System","U3,U3_Collectibles,U3_Quests,U3_RiverSpline","0.11.141","TaskCompleteEvent",66,"Complete the Third Wing",NA
"2797","5c746586e4194c47a15b0f5b",4,"Development","8d703246-39e0-4ff5-aef9-ec166f84d182","JG7 UX7",186,"2019-02-25 10:00:34","WindowsPlayer",NA,11,"TaskEvent",0,"0.11.141",648.034973144531,-373.027404785156,54.9799995422363,0.487860321998596,-0.872921943664551,0,"Find Toppo's Posters,Crash Diagnostics - Mountains,History of WAT247,The Pollutant","49,poster1;49,poster4;49,poster5;49,poster6;46,jasper;50,watershed;50,dissolved materials;50,infiltration;50,energy;0,Convince Bill the pollutant is nearby","U3,U3_Collectibles,U3_Quests,U3_RiverSpline","0.11.141","TaskActiveEvent",66,"Complete the Second Wing",NA
"2798","5c74666ce4194c47a15b1308",4,"Development","8d703246-39e0-4ff5-aef9-ec166f84d182","JG7 UX7",186,"2019-02-25 10:04:25","WindowsPlayer",NA,11,"TaskEvent",0,"0.11.141",619.17041015625,-229.26008605957,64.184684753418,-0.815128564834595,0.579280138015747,0,"Find Toppo's Posters,Crash Diagnostics - Mountains,History of WAT247,The Pollutant","49,poster1;49,poster4;49,poster5;49,poster6;46,jasper;50,watershed;50,dissolved materials;50,infiltration;50,energy;0,Identify pollutant","U3,U3_Collectibles,U3_Quests,U3_RiverSpline","0.11.141","TaskCompleteEvent",66,"Complete the First Wing",NA
"2799","5c74666ce4194c47a15b1309",4,"Development","8d703246-39e0-4ff5-aef9-ec166f84d182","JG7 UX7",186,"2019-02-25 10:04:25","WindowsPlayer",NA,11,"TaskEvent",0,"0.11.141",619.17041015625,-229.26008605957,64.184684753418,-0.815128564834595,0.579280138015747,0,"Find Toppo's Posters,Crash Diagnostics - Mountains,History of WAT247,The Pollutant","49,poster1;49,poster4;49,poster5;49,poster6;46,jasper;50,watershed;50,dissolved materials;50,infiltration;50,energy;0,Identify pollutant;0,Talk with Sam","U3,U3_Collectibles,U3_Quests,U3_RiverSpline","0.11.141","TaskProgressEvent",66,"Complete the First Wing",1
"2800","5c74666ce4194c47a15b130e",4,"Development","8d703246-39e0-4ff5-aef9-ec166f84d182","JG7 UX7",186,"2019-02-25 10:04:25","WindowsPlayer",NA,11,"TaskEvent",0,"0.11.141",619.17041015625,-229.26008605957,64.184684753418,-0.815128564834595,0.579280138015747,0,"Find Toppo's Posters,Crash Diagnostics - Mountains,History of WAT247,The Pollutant","49,poster1;49,poster4;49,poster5;49,poster6;46,jasper;50,watershed;50,dissolved materials;50,infiltration;50,energy;0,Identify pollutant","U3,U3_Collectibles,U3_Quests,U3_RiverSpline","0.11.141","TaskProgressEvent",66,"Gain Entrance to the New Ruins",1
"2801","5c7466b7e4194c47a15b1435",4,"Development","8d703246-39e0-4ff5-aef9-ec166f84d182","JG7 UX7",186,"2019-02-25 10:05:42","WindowsPlayer",NA,11,"TaskEvent",0,"0.11.141",5.54998779296875,626.559997558594,56.9300003051758,-0.772620797157288,-0.633005142211914,-0.0486011281609535,"Find Toppo's Posters,Crash Diagnostics - Mountains,History of WAT247,The Pollutant,Alien Gardens","49,poster1;49,poster4;49,poster5;49,poster6;46,jasper;50,watershed;50,dissolved materials;50,infiltration;50,energy","U3,U3_Collectibles,U3_Quests,U3_RiverSpline","0.11.141","TaskActiveEvent",66,"Complete the First Wing",NA
"2802","5c7466b7e4194c47a15b143d",4,"Development","8d703246-39e0-4ff5-aef9-ec166f84d182","JG7 UX7",186,"2019-02-25 10:05:42","WindowsPlayer",NA,11,"TaskEvent",0,"0.11.141",5.54998779296875,626.559997558594,56.9300003051758,-0.772620797157288,-0.633005142211914,-0.0486011281609535,"Find Toppo's Posters,Crash Diagnostics - Mountains,History of WAT247,The Pollutant","49,poster1;49,poster4;49,poster5;49,poster6;46,jasper;50,watershed;50,dissolved materials;50,infiltration;50,energy;0,Talk with Sam","U3,U3_Collectibles,U3_Quests,U3_RiverSpline","0.11.141","TaskCompleteEvent",66,"Gain Entrance to the New Ruins",NA
"2803","5c7466b8e4194c47a15b1442",4,"Development","8d703246-39e0-4ff5-aef9-ec166f84d182","JG7 UX7",186,"2019-02-25 10:05:42","WindowsPlayer",NA,11,"TaskEvent",0,"0.11.141",5.54998779296875,626.559997558594,56.9300003051758,-0.772620797157288,-0.633005142211914,-0.0486011281609535,"Find Toppo's Posters,Crash Diagnostics - Mountains,History of WAT247,Alien Gardens","49,poster1;49,poster4;49,poster5;49,poster6;46,jasper;50,watershed;50,dissolved materials;50,infiltration;50,energy;86,Talk to Sam","U3,U3_Collectibles,U3_Quests,U3_RiverSpline","0.11.141","TaskProgressEvent",32,"pan",1
"2804","5c74671be4194c47a15b15ca",4,"Development","8d703246-39e0-4ff5-aef9-ec166f84d182","JG7 UX7",186,"2019-02-25 10:07:21","WindowsPlayer",NA,11,"TaskEvent",0,"0.11.141",-242.56787109375,4.25497007369995,63.9925308227539,-0.359995692968369,-0.932953834533691,0,"Find Toppo's Posters,Crash Diagnostics - Mountains,History of WAT247,Alien Gardens","49,poster1;49,poster4;49,poster5;49,poster6;46,jasper;50,watershed;50,dissolved materials;50,infiltration;50,energy;86,Examine a Garden","U3,U3_Collectibles,U3_Quests,U3_RiverSpline","0.11.141","TaskCompleteEvent",32,"pan",NA
"2805","5c74671ce4194c47a15b15d4",4,"Development","8d703246-39e0-4ff5-aef9-ec166f84d182","JG7 UX7",186,"2019-02-25 10:07:21","WindowsPlayer",NA,11,"TaskEvent",0,"0.11.141",-242.56787109375,4.25497007369995,63.9925308227539,-0.359995692968369,-0.932953834533691,0,"Find Toppo's Posters,Crash Diagnostics - Mountains,History of WAT247,Alien Gardens","49,poster1;49,poster4;49,poster5;49,poster6;46,jasper;50,watershed;50,dissolved materials;50,infiltration;50,energy;86,Examine a Garden","U3,U3_Collectibles,U3_Quests,U3_RiverSpline","0.11.141","TaskActiveEvent",32,"fill pan",NA
"2806","5c74671ce4194c47a15b15d5",4,"Development","8d703246-39e0-4ff5-aef9-ec166f84d182","JG7 UX7",186,"2019-02-25 10:07:21","WindowsPlayer",NA,11,"TaskEvent",0,"0.11.141",-242.56787109375,4.25497007369995,63.9925308227539,-0.359995692968369,-0.932953834533691,0,"Find Toppo's Posters,Crash Diagnostics - Mountains,History of WAT247,Alien Gardens","49,poster1;49,poster4;49,poster5;49,poster6;46,jasper;50,watershed;50,dissolved materials;50,infiltration;50,energy;86,Examine a Garden;86,Check out the Supertree","U3,U3_Collectibles,U3_Quests,U3_RiverSpline","0.11.141","TaskProgressEvent",36,"Condense Humidity",1
"2807","5c7467c1e4194c47a15b1858",4,"Development","8d703246-39e0-4ff5-aef9-ec166f84d182","JG7 UX7",186,"2019-02-25 10:09:46","WindowsPlayer",NA,11,"TaskEvent",0,"0.11.141",-557.656005859375,-459.864044189453,74.5261840820312,0.0348999202251434,-0.999391078948975,0,"Find Toppo's Posters,Crash Diagnostics - Mountains,History of WAT247,The Ruins","49,poster1;49,poster4;49,poster5;49,poster6;46,jasper;50,watershed;50,dissolved materials;50,infiltration;50,energy;87,Pickup the Key","U3,U3_Collectibles,U3_Quests,U3_RiverSpline","0.11.141","TaskCompleteEvent",36,"Condense Humidity",NA
"2808","5c7467c1e4194c47a15b1859",4,"Development","8d703246-39e0-4ff5-aef9-ec166f84d182","JG7 UX7",186,"2019-02-25 10:09:46","WindowsPlayer",NA,11,"TaskEvent",0,"0.11.141",-557.656005859375,-459.864044189453,74.5261840820312,0.0348999202251434,-0.999391078948975,0,"Find Toppo's Posters,Crash Diagnostics - Mountains,History of WAT247,The Ruins","49,poster1;49,poster4;49,poster5;49,poster6;46,jasper;50,watershed;50,dissolved materials;50,infiltration;50,energy;87,Pickup the Key;87,Unlock the door","U3,U3_Collectibles,U3_Quests,U3_RiverSpline","0.11.141","TaskActiveEvent",36,"Evaporate Water",NA
"2809","5c7467c1e4194c47a15b185b",4,"Development","8d703246-39e0-4ff5-aef9-ec166f84d182","JG7 UX7",186,"2019-02-25 10:09:46","WindowsPlayer",NA,11,"TaskEvent",0,"0.11.141",-557.656005859375,-459.864044189453,74.5261840820312,0.0348999202251434,-0.999391078948975,0,"Find Toppo's Posters,Crash Diagnostics - Mountains,History of WAT247,The Ruins","49,poster1;49,poster4;49,poster5;49,poster6;46,jasper;50,watershed;50,dissolved materials;50,infiltration;50,energy;87,Pickup the Key","U3,U3_Collectibles,U3_Quests,U3_RiverSpline","0.11.141","TaskActiveEvent",33,"convince bill",NA
"2810","5c746836e4194c47a15b18fe",4,"Development","8d703246-39e0-4ff5-aef9-ec166f84d182","JG7 UX7",186,"2019-02-25 10:10:47","WindowsPlayer",NA,11,"TaskEvent",0,"0.11.141",-561.501708984375,-461.182312011719,74.2391815185547,-0.109734199941158,-0.993961095809937,0,"Find Toppo's Posters,Crash Diagnostics - Mountains,History of WAT247,The Ruins,Collect all the Pumps in the Alien Facility","49,poster1;49,poster4;49,poster5;49,poster6;46,jasper;50,watershed;50,infiltration;50,energy","U3,U3_Collectibles,U3_Quests,U3_RiverSpline,U3_Dungeon_Side_Quest","0.11.141","TaskCompleteEvent",32,"check humidity again",NA
"2811","5c746836e4194c47a15b1900",4,"Development","8d703246-39e0-4ff5-aef9-ec166f84d182","JG7 UX7",186,"2019-02-25 10:10:47","WindowsPlayer",NA,11,"TaskEvent",0,"0.11.141",-561.501708984375,-461.182312011719,74.2391815185547,-0.109734199941158,-0.993961095809937,0,"Find Toppo's Posters,Crash Diagnostics - Mountains,History of WAT247,Collect all the Pumps in the Alien Facility","49,poster1;49,poster4;49,poster5;49,poster6;46,jasper;50,watershed;50,infiltration;50,energy;75,Pump1","U3,U3_Collectibles,U3_Quests,U3_RiverSpline,U3_Dungeon_Side_Quest","0.11.141","TaskProgressEvent",32,"check humidity again",1
"2812","5c746836e4194c47a15b190b",4,"Development","8d703246-39e0-4ff5-aef9-ec166f84d182","JG7 UX7",186,"2019-02-25 10:10:47","WindowsPlayer",NA,11,"TaskEvent",0,"0.11.141",-561.501708984375,-461.182312011719,74.2391815185547,-0.109734199941158,-0.993961095809937,0,"Find Toppo's Posters,Crash Diagnostics - Mountains,History of WAT247,The Ruins","49,poster1;49,poster4;49,poster5;49,poster6;46,jasper;50,watershed;50,infiltration;50,energy;87,Enter the ruins","U3,U3_Collectibles,U3_Quests,U3_RiverSpline","0.11.141","TaskCompleteEvent",68,"Talk with Toppo",NA
"2813","5c746891e4194c47a15b1ad9",4,"Development","8d703246-39e0-4ff5-aef9-ec166f84d182","JG7 UX7",186,"2019-02-25 10:13:18","WindowsPlayer",NA,11,"TaskEvent",0,"0.11.141",-167.717132568359,-105.495681762695,52.6738090515137,0.999925315380096,0.0122169256210327,0,"Find Toppo's Posters,Crash Diagnostics - Mountains,History of WAT247,Collect all the Pumps in the Alien Facility","49,poster1;49,poster4;49,poster5;49,poster6;46,jasper;50,watershed;50,infiltration;50,energy;75,Pump1","U3_Dungeon_Side_Quest","0.11.141","TaskProgressEvent",68,"Talk with Toppo",1
"2814","5c746891e4194c47a15b1ada",4,"Development","8d703246-39e0-4ff5-aef9-ec166f84d182","JG7 UX7",186,"2019-02-25 10:13:18","WindowsPlayer",NA,11,"TaskEvent",0,"0.11.141",-167.717132568359,-105.495681762695,52.6738090515137,0.999925315380096,0.0122169256210327,0,"Find Toppo's Posters,Crash Diagnostics - Mountains,History of WAT247,Collect all the Pumps in the Alien Facility","49,poster1;49,poster4;49,poster5;49,poster6;46,jasper;50,watershed;50,infiltration;50,energy;75,Pump1","U3_Dungeon_Side_Quest","0.11.141","TaskProgressEvent",88,"Check the Seaside Humidity",1
"2815","5c746891e4194c47a15b1adb",4,"Development","8d703246-39e0-4ff5-aef9-ec166f84d182","JG7 UX7",186,"2019-02-25 10:13:18","WindowsPlayer",NA,11,"TaskEvent",0,"0.11.141",-167.717132568359,-105.495681762695,52.6738090515137,0.999925315380096,0.0122169256210327,0,"Find Toppo's Posters,Crash Diagnostics - Mountains,History of WAT247,Collect all the Pumps in the Alien Facility","49,poster1;49,poster4;49,poster5;49,poster6;46,jasper;50,watershed;50,infiltration;50,energy;75,Pump1;75,Pump2","U3_Dungeon_Side_Quest","0.11.141","TaskCompleteEvent",88,"Check the Seaside Humidity",NA
"2816","5c7468aae4194c47a15b1b62",4,"Development","8d703246-39e0-4ff5-aef9-ec166f84d182","JG7 UX7",186,"2019-02-25 10:08:56","WindowsPlayer",NA,11,"TaskEvent",0,"0.11.141",-632.14892578125,-352.968841552734,73.5578155517578,0.992546260356903,-0.121868252754211,0,"Find Toppo's Posters,Crash Diagnostics - Mountains,History of WAT247,Alien Gardens","49,poster1;49,poster4;49,poster5;49,poster6;46,jasper;50,watershed;50,dissolved materials;50,infiltration;50,energy;86,Check out the Supertree","U3,U3_Collectibles,U3_Quests,U3_RiverSpline","0.11.141","TaskActiveEvent",88,"Check the Factory Humidity",NA
"2817","5c7468aae4194c47a15b1b64",4,"Development","8d703246-39e0-4ff5-aef9-ec166f84d182","JG7 UX7",186,"2019-02-25 10:08:56","WindowsPlayer",NA,11,"TaskEvent",0,"0.11.141",-632.14892578125,-352.968841552734,73.5578155517578,0.992546260356903,-0.121868252754211,0,"Find Toppo's Posters,Crash Diagnostics - Mountains,History of WAT247,The Ruins","49,poster1;49,poster4;49,poster5;49,poster6;46,jasper;50,watershed;50,dissolved materials;50,infiltration;50,energy;87,Gain Acces to the Ruins","U3,U3_Collectibles,U3_Quests,U3_RiverSpline","0.11.141","TaskCompleteEvent",33,"Condense Atmospheric Water",NA
"2818","5c7468aae4194c47a15b1b6b",4,"Development","8d703246-39e0-4ff5-aef9-ec166f84d182","JG7 UX7",186,"2019-02-25 10:08:56","WindowsPlayer",NA,11,"TaskEvent",0,"0.11.141",-632.14892578125,-352.968841552734,73.5578155517578,0.992546260356903,-0.121868252754211,0,"Find Toppo's Posters,Crash Diagnostics - Mountains,History of WAT247,Alien Gardens,The Ruins","49,poster1;49,poster4;49,poster5;49,poster6;46,jasper;50,watershed;50,dissolved materials;50,infiltration;50,energy","U3,U3_Collectibles,U3_Quests,U3_RiverSpline","0.11.141","TaskActiveEvent",34,"return to large mart",NA
"2819","5c746a40e4194c47a15b21ea",4,"Development","8d703246-39e0-4ff5-aef9-ec166f84d182","JG7 UX7",186,"2019-02-25 10:20:25","WindowsPlayer",NA,11,"TaskEvent",0,"0.11.141",-201.675399780273,-123.192893981934,56.4889984130859,-0.983571588993073,-0.180518507957458,0,"Find Toppo's Posters,Crash Diagnostics - Mountains,History of WAT247,Strange Gardening","49,poster1;49,poster4;49,poster5;49,poster6;46,jasper;50,watershed;50,infiltration;50,energy;25,Install Pumps","U3_Dungeon_Side_Quest","0.11.141","TaskProgressEvent",33,"Condense Atmospheric Water",1
"2820","5c746a40e4194c47a15b21ed",4,"Development","8d703246-39e0-4ff5-aef9-ec166f84d182","JG7 UX7",186,"2019-02-25 10:20:25","WindowsPlayer",NA,11,"TaskEvent",0,"0.11.141",-201.675399780273,-123.192893981934,56.4889984130859,-0.983571588993073,-0.180518507957458,0,"Find Toppo's Posters,Crash Diagnostics - Mountains,History of WAT247,Collect all the Pumps in the Alien Facility","49,poster1;49,poster4;49,poster5;49,poster6;46,jasper;50,watershed;50,infiltration;50,energy;75,BackToGardens","U3_Dungeon_Side_Quest","0.11.141","TaskProgressEvent",34,"return to large mart",1
"2821","5c746a40e4194c47a15b21ee",4,"Development","8d703246-39e0-4ff5-aef9-ec166f84d182","JG7 UX7",186,"2019-02-25 10:20:25","WindowsPlayer",NA,11,"TaskEvent",0,"0.11.141",-201.675399780273,-123.192893981934,56.4889984130859,-0.983571588993073,-0.180518507957458,0,"Find Toppo's Posters,Crash Diagnostics - Mountains,History of WAT247,Collect all the Pumps in the Alien Facility,Strange Gardening","49,poster1;49,poster4;49,poster5;49,poster6;46,jasper;50,watershed;50,infiltration;50,energy","U3_Dungeon_Side_Quest","0.11.141","TaskCompleteEvent",34,"return to large mart",NA
"2822","5c746a7ce4194c47a15b22de",4,"Development","8d703246-39e0-4ff5-aef9-ec166f84d182","JG7 UX7",186,"2019-02-25 10:21:48","WindowsPlayer",NA,11,"TaskEvent",0,"0.11.141",-480.232421875,-298.806488037109,54.9799995422363,-0.575005888938904,-0.818149328231812,0,"Find Toppo's Posters,Crash Diagnostics - Mountains,History of WAT247,Strange Gardening","49,poster1;49,poster4;49,poster5;49,poster6;46,jasper;50,watershed;50,infiltration;50,energy;25,Install Pumps","U3,U3_Collectibles,U3_Quests,U3_RiverSpline","0.11.141","TaskActiveEvent",34,"talk to Bill",NA
"2823","5c746b9ee4194c47a15b270e",4,"Development","8d703246-39e0-4ff5-aef9-ec166f84d182","JG7 UX7",186,"2019-02-25 10:22:51","WindowsPlayer",NA,11,"TaskEvent",0,"0.11.141",-243.072769165039,-23.1039505004883,52.2248764038086,0.884581029415131,0.466386437416077,0,"Find Toppo's Posters,Crash Diagnostics - Mountains,History of WAT247,Strange Gardening","49,poster1;49,poster4;49,poster5;49,poster6;46,jasper;50,watershed;50,infiltration;50,energy;25,Install Pumps","U3,U3_Collectibles,U3_Quests,U3_RiverSpline","0.11.141","TaskCompleteEvent",34,"go to factory",NA
"2824","5c746ba3e4194c47a15b2716",4,"Development","8d703246-39e0-4ff5-aef9-ec166f84d182","JG7 UX7",186,"2019-02-25 10:26:26","WindowsPlayer",NA,11,"TaskEvent",0,"0.11.141",-57.0714340209961,-159.925674438477,60.4097557067871,-0.599467515945435,0.8003990650177,0,"Find Toppo's Posters,History of WAT247,Check in with Toppo","49,poster1;49,poster4;49,poster5;49,poster6;50,watershed;50,infiltration;50,energy;63,Leave your house","Player_Base","0.11.141","TaskActiveEvent",35,"setup first",NA
"2825","5c746ba3e4194c47a15b2717",4,"Development","8d703246-39e0-4ff5-aef9-ec166f84d182","JG7 UX7",186,"2019-02-25 10:26:26","WindowsPlayer",NA,11,"TaskEvent",0,"0.11.141",-57.0714340209961,-159.925674438477,60.4097557067871,-0.599467515945435,0.8003990650177,0,"Find Toppo's Posters,History of WAT247,Check in with Toppo","49,poster1;49,poster4;49,poster5;49,poster6;50,watershed;50,infiltration;50,energy;63,Leave your house","Player_Base","0.11.141","TaskProgressEvent",34,"go to factory",1
"2826","5c746ba3e4194c47a15b2718",4,"Development","8d703246-39e0-4ff5-aef9-ec166f84d182","JG7 UX7",186,"2019-02-25 10:26:26","WindowsPlayer",NA,11,"TaskEvent",0,"0.11.141",-57.0714340209961,-159.925674438477,60.4097557067871,-0.599467515945435,0.8003990650177,0,"Find Toppo's Posters,History of WAT247,Check in with Toppo","49,poster1;49,poster4;49,poster5;49,poster6;50,watershed;50,infiltration;50,energy;63,Leave your house;63,Talk with Toppo","Player_Base","0.11.141","TaskProgressEvent",65,"Check the Ruins Water Table",1
"2827","5c746bb3e4194c47a15b291d",4,"Development","8d703246-39e0-4ff5-aef9-ec166f84d182","JG7 UX7",186,"2019-02-25 10:23:48","WindowsPlayer",NA,11,"TaskEvent",0,"0.11.141",-428.966186523438,365.915924072266,54.9799995422363,0.433659374713898,0.901076912879944,0,"Find Toppo's Posters,Crash Diagnostics - Mountains,History of WAT247,Strange Gardening","49,poster1;49,poster4;49,poster5;49,poster6;46,jasper;50,watershed;50,infiltration;50,energy;25,Install Pumps","U3,U3_Collectibles,U3_Quests,U3_RiverSpline","0.11.141","TaskCompleteEvent",65,"Check the Ruins Water Table",NA
"2828","5c746bb6e4194c47a15b2e9d",4,"Development","8d703246-39e0-4ff5-aef9-ec166f84d182","JG7 UX7",186,"2019-02-25 10:20:07","WindowsPlayer",NA,11,"TaskEvent",0,"0.11.141",-157.183502197266,-113.001121520996,52.6435699462891,-0.700908958911896,0.713250756263733,0,"Find Toppo's Posters,Crash Diagnostics - Mountains,History of WAT247,Collect all the Pumps in the Alien Facility","49,poster1;49,poster4;49,poster5;49,poster6;46,jasper;50,watershed;50,infiltration;50,energy;75,Pump4","U3_Dungeon_Side_Quest","0.11.141","TaskActiveEvent",88,"Check the Seaside Humidity",NA
"2829","5c746bb6e4194c47a15b2e9e",4,"Development","8d703246-39e0-4ff5-aef9-ec166f84d182","JG7 UX7",186,"2019-02-25 10:20:07","WindowsPlayer",NA,11,"TaskEvent",0,"0.11.141",-157.183502197266,-113.001121520996,52.6435699462891,-0.700908958911896,0.713250756263733,0,"Find Toppo's Posters,Crash Diagnostics - Mountains,History of WAT247,Collect all the Pumps in the Alien Facility","49,poster1;49,poster4;49,poster5;49,poster6;46,jasper;50,watershed;50,infiltration;50,energy;75,Pump4","U3_Dungeon_Side_Quest","0.11.141","TaskCompleteEvent",32,"Find Rock",NA
"2830","5c746bb6e4194c47a15b2f17",4,"Development","8d703246-39e0-4ff5-aef9-ec166f84d182","JG7 UX7",186,"2019-02-25 10:20:07","WindowsPlayer",NA,11,"TaskEvent",0,"0.11.141",-157.183502197266,-113.001121520996,52.6435699462891,-0.700908958911896,0.713250756263733,0,"Find Toppo's Posters,Crash Diagnostics - Mountains,History of WAT247,Collect all the Pumps in the Alien Facility","49,poster1;49,poster4;49,poster5;49,poster6;46,jasper;50,watershed;50,infiltration;50,energy;75,Pump4;75,BackToGardens","U3_Dungeon_Side_Quest","0.11.141","TaskProgressEvent",32,"Find Rock",1
"2831","5c746bb7e4194c47a15b3095",4,"Development","8d703246-39e0-4ff5-aef9-ec166f84d182","JG7 UX7",186,"2019-02-25 09:42:19","WindowsPlayer",NA,11,"TaskEvent",0,"0.11.141",6.34999990463257,616.760009765625,55.9760322570801,0.697165250778198,-0.716910839080811,0,"Good Morning!,Find Toppo's Posters,Crash Diagnostics - Mountains","57,Meet up with Sam;49,poster1;49,poster3;49,poster4;49,poster5;49,poster6;46,jasper","U3,U3_Collectibles,U3_Quests,U3_RiverSpline","0.11.141","TaskActiveEvent",32,"Drill hole",NA
"2832","5c746bb7e4194c47a15b3097",4,"Development","8d703246-39e0-4ff5-aef9-ec166f84d182","JG7 UX7",186,"2019-02-25 09:42:19","WindowsPlayer",NA,11,"TaskEvent",0,"0.11.141",6.34999990463257,616.760009765625,55.9760322570801,0.697165250778198,-0.716910839080811,0,"Find Toppo's Posters,Crash Diagnostics - Mountains,Sam’s supplies","49,poster1;49,poster3;49,poster4;49,poster5;49,poster6;46,jasper;27,Talk with Sam","U3,U3_Collectibles,U3_Quests,U3_RiverSpline","0.11.141","TaskActiveEvent",35,"setup fourth",NA
"2833","5c746bb7e4194c47a15b313c",4,"Development","8d703246-39e0-4ff5-aef9-ec166f84d182","JG7 UX7",186,"2019-02-25 10:10:44","WindowsPlayer",NA,11,"TaskEvent",0,"0.11.141",-558.514770507812,-460.893676757812,74.5537872314453,0.409923106431961,-0.91211998462677,0,"Find Toppo's Posters,Crash Diagnostics - Mountains,History of WAT247,The Ruins","49,poster1;49,poster4;49,poster5;49,poster6;46,jasper;50,watershed;50,infiltration;50,energy;87,Unlock the door","U3,U3_Collectibles,U3_Quests,U3_RiverSpline","0.11.141","TaskCompleteEvent",35,"setup third",NA
"2834","5c746bb8e4194c47a15b31d8",4,"Development","8d703246-39e0-4ff5-aef9-ec166f84d182","JG7 UX7",186,"2019-02-25 09:42:19","WindowsPlayer",NA,11,"TaskEvent",0,"0.11.141",6.34999990463257,616.760009765625,55.9760322570801,0.697165250778198,-0.716910839080811,0,"Good Morning!,Find Toppo's Posters,Crash Diagnostics - Mountains,Sam’s supplies","49,poster1;49,poster3;49,poster4;49,poster5;49,poster6;46,jasper","U3,U3_Collectibles,U3_Quests,U3_RiverSpline","0.11.141","TaskProgressEvent",35,"setup third",1
"2835","5c746bb8e4194c47a15b31da",4,"Development","8d703246-39e0-4ff5-aef9-ec166f84d182","JG7 UX7",186,"2019-02-25 09:42:19","WindowsPlayer",NA,11,"TaskEvent",0,"0.11.141",6.34999990463257,616.760009765625,55.9760322570801,0.697165250778198,-0.716910839080811,0,"Find Toppo's Posters,Crash Diagnostics - Mountains,Sam’s supplies,History of WAT247","49,poster1;49,poster3;49,poster4;49,poster5;49,poster6;46,jasper;27,Talk with Sam","U3,U3_Collectibles,U3_Quests,U3_RiverSpline","0.11.141","TaskActiveEvent",88,"Check the Seaside Humidity",NA
"2836","5c746bb8e4194c47a15b3225",4,"Development","8d703246-39e0-4ff5-aef9-ec166f84d182","JG7 UX7",186,"2019-02-25 10:09:41","WindowsPlayer",NA,11,"TaskEvent",0,"0.11.141",-562.661926269531,-454.304016113281,71.0116348266602,0.135716140270233,-0.990747928619385,0,"Find Toppo's Posters,Crash Diagnostics - Mountains,History of WAT247,The Ruins","49,poster1;49,poster4;49,poster5;49,poster6;46,jasper;50,watershed;50,dissolved materials;50,infiltration;50,energy;87,Gain Acces to the Ruins","U3,U3_Collectibles,U3_Quests,U3_RiverSpline","0.11.141","TaskProgressEvent",65,"Check the Ruins Water Table",1
"2837","5c746bb8e4194c47a15b3276",4,"Development","8d703246-39e0-4ff5-aef9-ec166f84d182","JG7 UX7",186,"2019-02-25 10:10:44","WindowsPlayer",NA,11,"TaskEvent",0,"0.11.141",-558.514770507812,-460.893676757812,74.5537872314453,0.409923106431961,-0.91211998462677,0,"Find Toppo's Posters,Crash Diagnostics - Mountains,History of WAT247,The Ruins","49,poster1;49,poster4;49,poster5;49,poster6;46,jasper;50,watershed;50,infiltration;50,energy;87,Unlock the door","U3,U3_Collectibles,U3_Quests,U3_RiverSpline","0.11.141","TaskCompleteEvent",65,"Check the Ruins Water Table",NA
"2838","5c746bb8e4194c47a15b3277",4,"Development","8d703246-39e0-4ff5-aef9-ec166f84d182","JG7 UX7",186,"2019-02-25 10:10:44","WindowsPlayer",NA,11,"TaskEvent",0,"0.11.141",-558.514770507812,-460.893676757812,74.5537872314453,0.409923106431961,-0.91211998462677,0,"Find Toppo's Posters,Crash Diagnostics - Mountains,History of WAT247,The Ruins","49,poster1;49,poster4;49,poster5;49,poster6;46,jasper;50,watershed;50,infiltration;50,energy;87,Unlock the door;87,Enter the ruins","U3,U3_Collectibles,U3_Quests,U3_RiverSpline","0.11.141","TaskActiveEvent",32,"Drill hole",NA
"2839","5c746bb8e4194c47a15b329d",4,"Development","8d703246-39e0-4ff5-aef9-ec166f84d182","JG7 UX7",186,"2019-02-25 09:42:19","WindowsPlayer",NA,11,"TaskEvent",0,"0.11.141",6.34999990463257,616.760009765625,55.9760322570801,0.697165250778198,-0.716910839080811,0,"Find Toppo's Posters,Crash Diagnostics - Mountains,Sam’s supplies,History of WAT247","49,poster1;49,poster3;49,poster4;49,poster5;49,poster6;46,jasper;27,Talk with Sam;50,watershed","U3,U3_Collectibles,U3_Quests,U3_RiverSpline","0.11.141","TaskCompleteEvent",32,"Find Rock",NA
"2840","5c746bb8e4194c47a15b329e",4,"Development","8d703246-39e0-4ff5-aef9-ec166f84d182","JG7 UX7",186,"2019-02-25 09:42:19","WindowsPlayer",NA,11,"TaskEvent",0,"0.11.141",6.34999990463257,616.760009765625,55.9760322570801,0.697165250778198,-0.716910839080811,0,"Find Toppo's Posters,Crash Diagnostics - Mountains,Sam’s supplies,History of WAT247","49,poster1;49,poster3;49,poster4;49,poster5;49,poster6;46,jasper;27,Talk with Sam;50,watershed;50,dissolved materials","U3,U3_Collectibles,U3_Quests,U3_RiverSpline","0.11.141","TaskActiveEvent",35,"setup fourth",NA
"2841","5c746bb8e4194c47a15b329f",4,"Development","8d703246-39e0-4ff5-aef9-ec166f84d182","JG7 UX7",186,"2019-02-25 09:42:19","WindowsPlayer",NA,11,"TaskEvent",0,"0.11.141",6.34999990463257,616.760009765625,55.9760322570801,0.697165250778198,-0.716910839080811,0,"Find Toppo's Posters,Crash Diagnostics - Mountains,Sam’s supplies,History of WAT247","49,poster1;49,poster3;49,poster4;49,poster5;49,poster6;46,jasper;27,Talk with Sam;50,watershed;50,dissolved materials;50,infiltration","U3,U3_Collectibles,U3_Quests,U3_RiverSpline","0.11.141","TaskProgressEvent",32,"Find Rock",1
"2842","5c746bb8e4194c47a15b32ea",4,"Development","8d703246-39e0-4ff5-aef9-ec166f84d182","JG7 UX7",186,"2019-02-25 10:09:41","WindowsPlayer",NA,11,"TaskEvent",0,"0.11.141",-562.661926269531,-454.304016113281,71.0116348266602,0.135716140270233,-0.990747928619385,0,"Find Toppo's Posters,Crash Diagnostics - Mountains,History of WAT247,The Ruins","49,poster1;49,poster4;49,poster5;49,poster6;46,jasper;50,watershed;50,dissolved materials;50,infiltration;50,energy;87,Gain Acces to the Ruins","U3,U3_Collectibles,U3_Quests,U3_RiverSpline","0.11.141","TaskProgressEvent",35,"setup third",1
"2843","5c746bb8e4194c47a15b32eb",4,"Development","8d703246-39e0-4ff5-aef9-ec166f84d182","JG7 UX7",186,"2019-02-25 10:09:41","WindowsPlayer",NA,11,"TaskEvent",0,"0.11.141",-562.661926269531,-454.304016113281,71.0116348266602,0.135716140270233,-0.990747928619385,0,"Find Toppo's Posters,Crash Diagnostics - Mountains,History of WAT247,The Ruins","49,poster1;49,poster4;49,poster5;49,poster6;46,jasper;50,watershed;50,dissolved materials;50,infiltration;50,energy;87,Gain Acces to the Ruins;87,Pickup the Key","U3,U3_Collectibles,U3_Quests,U3_RiverSpline","0.11.141","TaskCompleteEvent",35,"setup third",NA
"2844","5c746bbde4194c47a15b3c50",4,"Development","8d703246-39e0-4ff5-aef9-ec166f84d182","JG7 UX7",186,"2019-02-25 10:24:23","WindowsPlayer",NA,11,"TaskEvent",0,"0.11.141",-563.849853515625,221.422607421875,54.9799995422363,-0.889416575431824,0.457097589969635,0,"Find Toppo's Posters,Crash Diagnostics - Mountains,History of WAT247,Strange Gardening","49,poster1;49,poster4;49,poster5;49,poster6;46,jasper;50,watershed;50,infiltration;50,energy;25,Install Pumps","U3,U3_Collectibles,U3_Quests,U3_RiverSpline","0.11.141","TaskProgressEvent",66,"Complete the Second Wing",1
"2845","5c746bbde4194c47a15b3ca6",4,"Development","8d703246-39e0-4ff5-aef9-ec166f84d182","JG7 UX7",186,"2019-02-25 10:24:23","WindowsPlayer",NA,11,"TaskEvent",0,"0.11.141",-563.849853515625,221.422607421875,54.9799995422363,-0.889416575431824,0.457097589969635,0,"Find Toppo's Posters,Crash Diagnostics - Mountains,History of WAT247,Back at your base","49,poster1;49,poster4;49,poster5;49,poster6;46,jasper;50,watershed;50,infiltration;50,energy;56,Head to bed","U3,U3_Collectibles,U3_Quests,U3_RiverSpline","0.11.141","TaskCompleteEvent",66,"Complete the Second Wing",NA
"2846","5c746bbde4194c47a15b3d07",4,"Development","8d703246-39e0-4ff5-aef9-ec166f84d182","JG7 UX7",186,"2019-02-25 10:24:23","WindowsPlayer",NA,11,"TaskEvent",0,"0.11.141",-563.849853515625,221.422607421875,54.9799995422363,-0.889416575431824,0.457097589969635,0,"Find Toppo's Posters,Crash Diagnostics - Mountains,History of WAT247,Strange Gardening,Back at your base","49,poster1;49,poster4;49,poster5;49,poster6;46,jasper;50,watershed;50,infiltration;50,energy","U3,U3_Collectibles,U3_Quests,U3_RiverSpline","0.11.141","TaskActiveEvent",66,"Complete the Third Wing",NA
"2847","5c746c03e4194c47a15b3e93",4,"Development","8d703246-39e0-4ff5-aef9-ec166f84d182","JG7 UX7",186,"2019-02-25 10:20:07","WindowsPlayer",NA,11,"TaskEvent",0,"0.11.141",-157.183502197266,-113.001121520996,52.6435699462891,-0.700908958911896,0.713250756263733,0,"Find Toppo's Posters,Crash Diagnostics - Mountains,History of WAT247,Collect all the Pumps in the Alien Facility","49,poster1;49,poster4;49,poster5;49,poster6;46,jasper;50,watershed;50,infiltration;50,energy;75,Pump4","U3_Dungeon_Side_Quest","0.11.141","TaskCompleteEvent",61,"Head to Bed",NA
"2848","5c746c03e4194c47a15b3e94",4,"Development","8d703246-39e0-4ff5-aef9-ec166f84d182","JG7 UX7",186,"2019-02-25 10:20:07","WindowsPlayer",NA,11,"TaskEvent",0,"0.11.141",-157.183502197266,-113.001121520996,52.6435699462891,-0.700908958911896,0.713250756263733,0,"Find Toppo's Posters,Crash Diagnostics - Mountains,History of WAT247,Collect all the Pumps in the Alien Facility","49,poster1;49,poster4;49,poster5;49,poster6;46,jasper;50,watershed;50,infiltration;50,energy;75,Pump4","U3_Dungeon_Side_Quest","0.11.141","TaskProgressEvent",61,"Head to Bed",1
"2849","5c746c03e4194c47a15b3e95",4,"Development","8d703246-39e0-4ff5-aef9-ec166f84d182","JG7 UX7",186,"2019-02-25 10:20:07","WindowsPlayer",NA,11,"TaskEvent",0,"0.11.141",-157.183502197266,-113.001121520996,52.6435699462891,-0.700908958911896,0.713250756263733,0,"Find Toppo's Posters,Crash Diagnostics - Mountains,History of WAT247,Collect all the Pumps in the Alien Facility","49,poster1;49,poster4;49,poster5;49,poster6;46,jasper;50,watershed;50,infiltration;50,energy;75,Pump4;75,BackToGardens","U3_Dungeon_Side_Quest","0.11.141","TaskActiveEvent",85,"teleport island",NA
"2850","5c746c05e4194c47a15b42a7",4,"Development","8d703246-39e0-4ff5-aef9-ec166f84d182","JG7 UX7",186,"2019-02-25 09:42:19","WindowsPlayer",NA,11,"TaskEvent",0,"0.11.141",6.34999990463257,616.760009765625,55.9760322570801,0.697165250778198,-0.716910839080811,0,"Find Toppo's Posters,Crash Diagnostics - Mountains,Sam’s supplies","49,poster1;49,poster3;49,poster4;49,poster5;49,poster6;46,jasper;27,Talk with Sam","U3,U3_Collectibles,U3_Quests,U3_RiverSpline","0.11.141","TaskActiveEvent",29,"meet",NA
"2851","5c746c05e4194c47a15b430f",4,"Development","8d703246-39e0-4ff5-aef9-ec166f84d182","JG7 UX7",186,"2019-02-25 10:09:41","WindowsPlayer",NA,11,"TaskEvent",0,"0.11.141",-562.661926269531,-454.304016113281,71.0116348266602,0.135716140270233,-0.990747928619385,0,"Find Toppo's Posters,Crash Diagnostics - Mountains,History of WAT247,The Ruins","49,poster1;49,poster4;49,poster5;49,poster6;46,jasper;50,watershed;50,dissolved materials;50,infiltration;50,energy;87,Gain Acces to the Ruins","U3,U3_Collectibles,U3_Quests,U3_RiverSpline","0.11.141","TaskCompleteEvent",85,"teleport island",NA
"2852","5c746c05e4194c47a15b4310",4,"Development","8d703246-39e0-4ff5-aef9-ec166f84d182","JG7 UX7",186,"2019-02-25 10:09:41","WindowsPlayer",NA,11,"TaskEvent",0,"0.11.141",-562.661926269531,-454.304016113281,71.0116348266602,0.135716140270233,-0.990747928619385,0,"Find Toppo's Posters,Crash Diagnostics - Mountains,History of WAT247,The Ruins","49,poster1;49,poster4;49,poster5;49,poster6;46,jasper;50,watershed;50,dissolved materials;50,infiltration;50,energy;87,Gain Acces to the Ruins;87,Pickup the Key","U3,U3_Collectibles,U3_Quests,U3_RiverSpline","0.11.141","TaskProgressEvent",29,"meet",1
"2853","5c746c05e4194c47a15b4338",4,"Development","8d703246-39e0-4ff5-aef9-ec166f84d182","JG7 UX7",186,"2019-02-25 09:42:19","WindowsPlayer",NA,11,"TaskEvent",0,"0.11.141",6.34999990463257,616.760009765625,55.9760322570801,0.697165250778198,-0.716910839080811,0,"Good Morning!,Find Toppo's Posters,Crash Diagnostics - Mountains,Sam’s supplies","49,poster1;49,poster3;49,poster4;49,poster5;49,poster6;46,jasper","U3,U3_Collectibles,U3_Quests,U3_RiverSpline","0.11.141","TaskActiveEvent",29,"talk",NA
"2854","5c746c05e4194c47a15b433a",4,"Development","8d703246-39e0-4ff5-aef9-ec166f84d182","JG7 UX7",186,"2019-02-25 09:42:19","WindowsPlayer",NA,11,"TaskEvent",0,"0.11.141",6.34999990463257,616.760009765625,55.9760322570801,0.697165250778198,-0.716910839080811,0,"Find Toppo's Posters,Crash Diagnostics - Mountains,Sam’s supplies,History of WAT247","49,poster1;49,poster3;49,poster4;49,poster5;49,poster6;46,jasper;27,Talk with Sam;50,watershed","U3,U3_Collectibles,U3_Quests,U3_RiverSpline","0.11.141","TaskCompleteEvent",29,"meet",NA
"2855","5c746c05e4194c47a15b433b",4,"Development","8d703246-39e0-4ff5-aef9-ec166f84d182","JG7 UX7",186,"2019-02-25 09:42:19","WindowsPlayer",NA,11,"TaskEvent",0,"0.11.141",6.34999990463257,616.760009765625,55.9760322570801,0.697165250778198,-0.716910839080811,0,"Find Toppo's Posters,Crash Diagnostics - Mountains,Sam’s supplies,History of WAT247","49,poster1;49,poster3;49,poster4;49,poster5;49,poster6;46,jasper;27,Talk with Sam;50,watershed;50,dissolved materials","U3,U3_Collectibles,U3_Quests,U3_RiverSpline","0.11.141","TaskCompleteEvent",29,"talk",NA
"2856","5c746c06e4194c47a15b439c",4,"Development","8d703246-39e0-4ff5-aef9-ec166f84d182","JG7 UX7",186,"2019-02-25 10:09:41","WindowsPlayer",NA,11,"TaskEvent",0,"0.11.141",-562.661926269531,-454.304016113281,71.0116348266602,0.135716140270233,-0.990747928619385,0,"Find Toppo's Posters,Crash Diagnostics - Mountains,History of WAT247,The Ruins","49,poster1;49,poster4;49,poster5;49,poster6;46,jasper;50,watershed;50,dissolved materials;50,infiltration;50,energy;87,Gain Acces to the Ruins","U3,U3_Collectibles,U3_Quests,U3_RiverSpline","0.11.141","TaskProgressEvent",29,"talk",1
"2857","5c746c06e4194c47a15b43bb",4,"Development","8d703246-39e0-4ff5-aef9-ec166f84d182","JG7 UX7",186,"2019-02-25 09:42:19","WindowsPlayer",NA,11,"TaskEvent",0,"0.11.141",6.34999990463257,616.760009765625,55.9760322570801,0.697165250778198,-0.716910839080811,0,"Good Morning!,Find Toppo's Posters,Crash Diagnostics - Mountains","57,Meet up with Sam;49,poster1;49,poster3;49,poster4;49,poster5;49,poster6;46,jasper","U3,U3_Collectibles,U3_Quests,U3_RiverSpline","0.11.141","TaskActiveEvent",29,"unlock",NA
"2858","5c746c06e4194c47a15b43bc",4,"Development","8d703246-39e0-4ff5-aef9-ec166f84d182","JG7 UX7",186,"2019-02-25 09:42:19","WindowsPlayer",NA,11,"TaskEvent",0,"0.11.141",6.34999990463257,616.760009765625,55.9760322570801,0.697165250778198,-0.716910839080811,0,"Find Toppo's Posters,Crash Diagnostics - Mountains,Sam’s supplies,History of WAT247","49,poster1;49,poster3;49,poster4;49,poster5;49,poster6;46,jasper;27,Talk with Sam","U3,U3_Collectibles,U3_Quests,U3_RiverSpline","0.11.141","TaskProgressEvent",36,"Start Fountain",1
"2859","5c746c06e4194c47a15b43bd",4,"Development","8d703246-39e0-4ff5-aef9-ec166f84d182","JG7 UX7",186,"2019-02-25 09:42:19","WindowsPlayer",NA,11,"TaskEvent",0,"0.11.141",6.34999990463257,616.760009765625,55.9760322570801,0.697165250778198,-0.716910839080811,0,"Find Toppo's Posters,Crash Diagnostics - Mountains,Sam’s supplies,History of WAT247","49,poster1;49,poster3;49,poster4;49,poster5;49,poster6;46,jasper;27,Talk with Sam;50,watershed;50,dissolved materials;50,infiltration","U3,U3_Collectibles,U3_Quests,U3_RiverSpline","0.11.141","TaskActiveEvent",36,"Talk Bill",NA
"2860","5c746c08e4194c47a15b47d5",4,"Development","8d703246-39e0-4ff5-aef9-ec166f84d182","JG7 UX7",186,"2019-02-25 10:10:44","WindowsPlayer",NA,11,"TaskEvent",0,"0.11.141",-558.514770507812,-460.893676757812,74.5537872314453,0.409923106431961,-0.91211998462677,0,"Find Toppo's Posters,Crash Diagnostics - Mountains,History of WAT247,The Ruins","49,poster1;49,poster4;49,poster5;49,poster6;46,jasper;50,watershed;50,infiltration;50,energy;87,Unlock the door","U3,U3_Collectibles,U3_Quests,U3_RiverSpline","0.11.141","TaskCompleteEvent",36,"Start Fountain",NA
"2861","5c746c08e4194c47a15b47d6",4,"Development","8d703246-39e0-4ff5-aef9-ec166f84d182","JG7 UX7",186,"2019-02-25 10:10:44","WindowsPlayer",NA,11,"TaskEvent",0,"0.11.141",-558.514770507812,-460.893676757812,74.5537872314453,0.409923106431961,-0.91211998462677,0,"Find Toppo's Posters,Crash Diagnostics - Mountains,History of WAT247,The Ruins","49,poster1;49,poster4;49,poster5;49,poster6;46,jasper;50,watershed;50,infiltration;50,energy;87,Unlock the door;87,Enter the ruins","U3,U3_Collectibles,U3_Quests,U3_RiverSpline","0.11.141","TaskCompleteEvent",37,"Try Escape",NA
"2862","5c746c08e4194c47a15b48a5",4,"Development","8d703246-39e0-4ff5-aef9-ec166f84d182","JG7 UX7",186,"2019-02-25 10:10:44","WindowsPlayer",NA,11,"TaskEvent",0,"0.11.141",-558.514770507812,-460.893676757812,74.5537872314453,0.409923106431961,-0.91211998462677,0,"Find Toppo's Posters,Crash Diagnostics - Mountains,History of WAT247,The Ruins","49,poster1;49,poster4;49,poster5;49,poster6;46,jasper;50,watershed;50,infiltration;50,energy;87,Unlock the door","U3,U3_Collectibles,U3_Quests,U3_RiverSpline","0.11.141","TaskActiveEvent",32,"humidity meter",NA
"2863","5cd704f6e4194c2f5ff92c46",4,"Development","8d703246-39e0-4ff5-aef9-ec166f84d182","JG7 UX7",186,"2019-02-25 09:42:19","WindowsPlayer",NA,11,"TaskEvent",0,"0.11.141",6.34999990463257,616.760009765625,55.9760322570801,0.697165250778198,-0.716910839080811,0,"Good Morning!,Find Toppo's Posters,Crash Diagnostics - Mountains,Sam’s supplies","49,poster1;49,poster3;49,poster4;49,poster5;49,poster6;46,jasper","U3,U3_Collectibles,U3_Quests,U3_RiverSpline","0.11.141","TaskProgressEvent",37,"Try Escape",1
"2864","5cd704f6e4194c2f5ff92c7b",4,"Development","8d703246-39e0-4ff5-aef9-ec166f84d182","JG7 UX7",186,"2019-02-25 09:42:19","WindowsPlayer",NA,11,"TaskEvent",0,"0.11.141",6.34999990463257,616.760009765625,55.9760322570801,0.697165250778198,-0.716910839080811,0,"Find Toppo's Posters,Crash Diagnostics - Mountains,Sam’s supplies","49,poster1;49,poster3;49,poster4;49,poster5;49,poster6;46,jasper;27,Talk with Sam","U3,U3_Collectibles,U3_Quests,U3_RiverSpline","0.11.141","TaskProgressEvent",32,"humidity meter",1
"2865","5cd704f6e4194c2f5ff92c7d",4,"Development","8d703246-39e0-4ff5-aef9-ec166f84d182","JG7 UX7",186,"2019-02-25 09:42:19","WindowsPlayer",NA,11,"TaskEvent",0,"0.11.141",6.34999990463257,616.760009765625,55.9760322570801,0.697165250778198,-0.716910839080811,0,"Find Toppo's Posters,Crash Diagnostics - Mountains,Sam’s supplies,History of WAT247","49,poster1;49,poster3;49,poster4;49,poster5;49,poster6;46,jasper;27,Talk with Sam;50,watershed;50,dissolved materials","U3,U3_Collectibles,U3_Quests,U3_RiverSpline","0.11.141","TaskCompleteEvent",32,"humidity meter",NA
"2866","5cd704f6e4194c2f5ff92c7e",4,"Development","8d703246-39e0-4ff5-aef9-ec166f84d182","JG7 UX7",186,"2019-02-25 09:42:19","WindowsPlayer",NA,11,"TaskEvent",0,"0.11.141",6.34999990463257,616.760009765625,55.9760322570801,0.697165250778198,-0.716910839080811,0,"Find Toppo's Posters,Crash Diagnostics - Mountains,Sam’s supplies,History of WAT247","49,poster1;49,poster3;49,poster4;49,poster5;49,poster6;46,jasper;27,Talk with Sam;50,watershed;50,dissolved materials;50,infiltration","U3,U3_Collectibles,U3_Quests,U3_RiverSpline","0.11.141","TaskActiveEvent",32,"pan",NA
"2867","5cd704f6e4194c2f5ff92c9a",4,"Development","8d703246-39e0-4ff5-aef9-ec166f84d182","JG7 UX7",186,"2019-02-25 09:42:19","WindowsPlayer",NA,11,"TaskEvent",0,"0.11.141",6.34999990463257,616.760009765625,55.9760322570801,0.697165250778198,-0.716910839080811,0,"Good Morning!,Find Toppo's Posters,Crash Diagnostics - Mountains","57,Meet up with Sam;49,poster1;49,poster3;49,poster4;49,poster5;49,poster6;46,jasper","U3,U3_Collectibles,U3_Quests,U3_RiverSpline","0.11.141","TaskActiveEvent",32,"Find Rock",NA
"2868","5cd704f6e4194c2f5ff92ca9",4,"Development","8d703246-39e0-4ff5-aef9-ec166f84d182","JG7 UX7",186,"2019-02-25 09:42:19","WindowsPlayer",NA,11,"TaskEvent",0,"0.11.141",6.34999990463257,616.760009765625,55.9760322570801,0.697165250778198,-0.716910839080811,0,"Find Toppo's Posters,Crash Diagnostics - Mountains,Sam’s supplies,History of WAT247","49,poster1;49,poster3;49,poster4;49,poster5;49,poster6;46,jasper;27,Talk with Sam","U3,U3_Collectibles,U3_Quests,U3_RiverSpline","0.11.141","TaskProgressEvent",32,"fill pan",1
"2869","5cd704f6e4194c2f5ff92cb5",4,"Development","8d703246-39e0-4ff5-aef9-ec166f84d182","JG7 UX7",186,"2019-02-25 09:42:19","WindowsPlayer",NA,11,"TaskEvent",0,"0.11.141",6.34999990463257,616.760009765625,55.9760322570801,0.697165250778198,-0.716910839080811,0,"Find Toppo's Posters,Crash Diagnostics - Mountains,Sam’s supplies,History of WAT247","49,poster1;49,poster3;49,poster4;49,poster5;49,poster6;46,jasper;27,Talk with Sam;50,watershed","U3,U3_Collectibles,U3_Quests,U3_RiverSpline","0.11.141","TaskCompleteEvent",32,"fill pan",NA
"2870","5cd704f7e4194c2f5ff92d1d",4,"Development","8d703246-39e0-4ff5-aef9-ec166f84d182","JG7 UX7",186,"2019-02-25 10:09:41","WindowsPlayer",NA,11,"TaskEvent",0,"0.11.141",-562.661926269531,-454.304016113281,71.0116348266602,0.135716140270233,-0.990747928619385,0,"Find Toppo's Posters,Crash Diagnostics - Mountains,History of WAT247,The Ruins","49,poster1;49,poster4;49,poster5;49,poster6;46,jasper;50,watershed;50,dissolved materials;50,infiltration;50,energy;87,Gain Acces to the Ruins","U3,U3_Collectibles,U3_Quests,U3_RiverSpline","0.11.141","TaskProgressEvent",37,"meet Bill",1
"2871","5cd704f7e4194c2f5ff92d1e",4,"Development","8d703246-39e0-4ff5-aef9-ec166f84d182","JG7 UX7",186,"2019-02-25 10:09:41","WindowsPlayer",NA,11,"TaskEvent",0,"0.11.141",-562.661926269531,-454.304016113281,71.0116348266602,0.135716140270233,-0.990747928619385,0,"Find Toppo's Posters,Crash Diagnostics - Mountains,History of WAT247,The Ruins","49,poster1;49,poster4;49,poster5;49,poster6;46,jasper;50,watershed;50,dissolved materials;50,infiltration;50,energy;87,Gain Acces to the Ruins","U3,U3_Collectibles,U3_Quests,U3_RiverSpline","0.11.141","TaskCompleteEvent",37,"meet Bill",NA
"2872","5cd704f7e4194c2f5ff92d1f",4,"Development","8d703246-39e0-4ff5-aef9-ec166f84d182","JG7 UX7",186,"2019-02-25 10:09:41","WindowsPlayer",NA,11,"TaskEvent",0,"0.11.141",-562.661926269531,-454.304016113281,71.0116348266602,0.135716140270233,-0.990747928619385,0,"Find Toppo's Posters,Crash Diagnostics - Mountains,History of WAT247,The Ruins","49,poster1;49,poster4;49,poster5;49,poster6;46,jasper;50,watershed;50,dissolved materials;50,infiltration;50,energy;87,Gain Acces to the Ruins;87,Pickup the Key","U3,U3_Collectibles,U3_Quests,U3_RiverSpline","0.11.141","TaskActiveEvent",37,"Try Escape",NA
"2873","5cd704fae4194c2f5ff9330f",4,"Development","8d703246-39e0-4ff5-aef9-ec166f84d182","JG7 UX7",186,"2019-02-25 10:10:44","WindowsPlayer",NA,11,"TaskEvent",0,"0.11.141",-558.514770507812,-460.893676757812,74.5537872314453,0.409923106431961,-0.91211998462677,0,"Find Toppo's Posters,Crash Diagnostics - Mountains,History of WAT247,The Ruins","49,poster1;49,poster4;49,poster5;49,poster6;46,jasper;50,watershed;50,infiltration;50,energy;87,Unlock the door","U3,U3_Collectibles,U3_Quests,U3_RiverSpline","0.11.141","TaskActiveEvent",32,"check humidity again",NA
"2874","5cd704fae4194c2f5ff93310",4,"Development","8d703246-39e0-4ff5-aef9-ec166f84d182","JG7 UX7",186,"2019-02-25 10:10:44","WindowsPlayer",NA,11,"TaskEvent",0,"0.11.141",-558.514770507812,-460.893676757812,74.5537872314453,0.409923106431961,-0.91211998462677,0,"Find Toppo's Posters,Crash Diagnostics - Mountains,History of WAT247,The Ruins","49,poster1;49,poster4;49,poster5;49,poster6;46,jasper;50,watershed;50,infiltration;50,energy;87,Unlock the door","U3,U3_Collectibles,U3_Quests,U3_RiverSpline","0.11.141","TaskProgressEvent",32,"Drill hole",1
"2875","5cd704fae4194c2f5ff93376",4,"Development","8d703246-39e0-4ff5-aef9-ec166f84d182","JG7 UX7",186,"2019-02-25 10:10:44","WindowsPlayer",NA,11,"TaskEvent",0,"0.11.141",-558.514770507812,-460.893676757812,74.5537872314453,0.409923106431961,-0.91211998462677,0,"Find Toppo's Posters,Crash Diagnostics - Mountains,History of WAT247,The Ruins","49,poster1;49,poster4;49,poster5;49,poster6;46,jasper;50,watershed;50,infiltration;50,energy;87,Unlock the door;87,Enter the ruins","U3,U3_Collectibles,U3_Quests,U3_RiverSpline","0.11.141","TaskCompleteEvent",32,"Drill hole",NA
"2876","5cd704ffe4194c2f5ff93c0b",4,"Development","8d703246-39e0-4ff5-aef9-ec166f84d182","JG7 UX7",186,"2019-02-25 10:24:23","WindowsPlayer",NA,11,"TaskEvent",0,"0.11.141",-563.849853515625,221.422607421875,54.9799995422363,-0.889416575431824,0.457097589969635,0,"Find Toppo's Posters,Crash Diagnostics - Mountains,History of WAT247,Strange Gardening","49,poster1;49,poster4;49,poster5;49,poster6;46,jasper;50,watershed;50,infiltration;50,energy;25,Install Pumps","U3,U3_Collectibles,U3_Quests,U3_RiverSpline","0.11.141","TaskActiveEvent",33,"convince bill",NA
"2877","5cd704ffe4194c2f5ff93c89",4,"Development","8d703246-39e0-4ff5-aef9-ec166f84d182","JG7 UX7",186,"2019-02-25 10:24:23","WindowsPlayer",NA,11,"TaskEvent",0,"0.11.141",-563.849853515625,221.422607421875,54.9799995422363,-0.889416575431824,0.457097589969635,0,"Find Toppo's Posters,Crash Diagnostics - Mountains,History of WAT247,Strange Gardening,Back at your base","49,poster1;49,poster4;49,poster5;49,poster6;46,jasper;50,watershed;50,infiltration;50,energy","U3,U3_Collectibles,U3_Quests,U3_RiverSpline","0.11.141","TaskCompleteEvent",32,"check humidity again",NA
"2878","5cd704ffe4194c2f5ff93c8a",4,"Development","8d703246-39e0-4ff5-aef9-ec166f84d182","JG7 UX7",186,"2019-02-25 10:24:23","WindowsPlayer",NA,11,"TaskEvent",0,"0.11.141",-563.849853515625,221.422607421875,54.9799995422363,-0.889416575431824,0.457097589969635,0,"Find Toppo's Posters,Crash Diagnostics - Mountains,History of WAT247,Back at your base","49,poster1;49,poster4;49,poster5;49,poster6;46,jasper;50,watershed;50,infiltration;50,energy;56,Head to bed","U3,U3_Collectibles,U3_Quests,U3_RiverSpline","0.11.141","TaskProgressEvent",32,"check humidity again",1
"2879","5cd70501e4194c2f5ff93f28",4,"Development","8d703246-39e0-4ff5-aef9-ec166f84d182","JG7 UX7",186,"2019-02-25 10:05:54","WindowsPlayer",NA,11,"TaskEvent",0,"0.11.141",-0.186431840062141,618.808898925781,55.9760322570801,-0.838669836521149,-0.544640183448792,0,"Find Toppo's Posters,Crash Diagnostics - Mountains,History of WAT247,Alien Gardens","49,poster1;49,poster4;49,poster5;49,poster6;46,jasper;50,watershed;50,dissolved materials;50,infiltration;50,energy;86,Talk to Sam;86,Examine a Garden","U3,U3_Collectibles,U3_Quests,U3_RiverSpline","0.11.141","TaskCompleteEvent",33,"convince bill",NA
"2880","5cd70501e4194c2f5ff93ffc",4,"Development","8d703246-39e0-4ff5-aef9-ec166f84d182","JG7 UX7",186,"2019-02-25 10:05:54","WindowsPlayer",NA,11,"TaskEvent",0,"0.11.141",-0.186431840062141,618.808898925781,55.9760322570801,-0.838669836521149,-0.544640183448792,0,"Find Toppo's Posters,Crash Diagnostics - Mountains,History of WAT247,Alien Gardens","49,poster1;49,poster4;49,poster5;49,poster6;46,jasper;50,watershed;50,dissolved materials;50,infiltration;50,energy;86,Talk to Sam","U3,U3_Collectibles,U3_Quests,U3_RiverSpline","0.11.141","TaskProgressEvent",33,"convince bill",1
"2881","5cd70502e4194c2f5ff940c8",4,"Development","8d703246-39e0-4ff5-aef9-ec166f84d182","JG7 UX7",186,"2019-02-25 10:05:54","WindowsPlayer",NA,11,"TaskEvent",0,"0.11.141",-0.186431840062141,618.808898925781,55.9760322570801,-0.838669836521149,-0.544640183448792,0,"Find Toppo's Posters,Crash Diagnostics - Mountains,History of WAT247,Alien Gardens","49,poster1;49,poster4;49,poster5;49,poster6;46,jasper;50,watershed;50,dissolved materials;50,infiltration;50,energy;86,Talk to Sam","U3,U3_Collectibles,U3_Quests,U3_RiverSpline","0.11.141","TaskActiveEvent",33,"Make a hole in the pan",NA
"2882","5cd88db6e4194c2f5ff9c004",4,"Development","8d703246-39e0-4ff5-aef9-ec166f84d182","JG7 UX7",186,"2019-05-12 11:18:38","WindowsPlayer",NA,11,"TaskEvent",0,"0.11.235",5.27724695205688,-6.55058193206787,0.981940984725952,0.983669638633728,0.179983496665955,0,"Third Night at Base,History of WAT247,Find Toppo's Posters,Crash Diagnostics - Mountains,U3 - Crash Side Quest P3","61,Head to Bed;50,watershed;50,energy;49,poster1;49,poster5;49,poster6;46,jasper;40,Find the supplies crate","PB_PlayerRoom","0.11.235","TaskActiveEvent",33,"attach hose",NA
"2883","5cd88db6e4194c2f5ff9c007",4,"Development","8d703246-39e0-4ff5-aef9-ec166f84d182","JG7 UX7",186,"2019-05-12 11:18:38","WindowsPlayer",NA,11,"TaskEvent",0,"0.11.235",5.27724695205688,-6.55058193206787,0.981940984725952,0.983669638633728,0.179983496665955,0,"History of WAT247,Find Toppo's Posters,Crash Diagnostics - Mountains,U3 - Crash Side Quest P3","50,watershed;50,energy;49,poster1;49,poster5;49,poster6;46,jasper;40,Find the supplies crate","PB_PlayerRoom","0.11.235","TaskProgressEvent",33,"Make a hole in the pan",1
"2884","5cd88db6e4194c2f5ff9c00d",4,"Development","8d703246-39e0-4ff5-aef9-ec166f84d182","JG7 UX7",186,"2019-05-12 11:18:40","WindowsPlayer",NA,11,"TaskEvent",0,"0.11.235",5.27724695205688,-6.55058193206787,0.981940984725952,0.940473198890686,0.339867532253265,0,"History of WAT247,Find Toppo's Posters,Crash Diagnostics - Mountains,U3 - Crash Side Quest P3,U5 - Waking up on WAT247","50,watershed;50,energy;49,poster1;49,poster5;49,poster6;46,jasper;40,Find the supplies crate","PB_PlayerRoom","0.11.235","TaskCompleteEvent",33,"Make a hole in the pan",NA
"2885","5cd88de6e4194c2f5ff9c033",4,"Development","8d703246-39e0-4ff5-aef9-ec166f84d182","JG7 UX7",186,"2019-05-12 11:19:30","WindowsPlayer",NA,11,"TaskEvent",0,"0.11.235",-217.399993896484,195.199996948242,50.8499984741211,0,1,0,"History of WAT247,Find Toppo's Posters,Crash Diagnostics - Mountains,U3 - Crash Side Quest P3,U5 - Waking up on WAT247,LargeMart Island","50,watershed;50,energy;49,poster1;49,poster5;49,poster6;46,jasper;40,Find the supplies crate","U5,U5_Quests","0.11.235","TaskActiveEvent",33,"Grab Canteen",NA
"2886","5cd88de6e4194c2f5ff9c038",4,"Development","8d703246-39e0-4ff5-aef9-ec166f84d182","JG7 UX7",186,"2019-05-12 11:19:30","WindowsPlayer",NA,11,"TaskEvent",0,"0.11.235",-217.399993896484,195.199996948242,50.8499984741211,0,1,0,"History of WAT247,Find Toppo's Posters,Crash Diagnostics - Mountains,U3 - Crash Side Quest P3,U5 - Waking up on WAT247","50,watershed;50,energy;49,poster1;49,poster5;49,poster6;46,jasper;40,Find the supplies crate;85,teleport island","U5,U5_Quests","0.11.235","TaskCompleteEvent",33,"attach hose",NA
"2887","5cd88df5e4194c2f5ff9c067",4,"Development","8d703246-39e0-4ff5-aef9-ec166f84d182","JG7 UX7",186,"2019-05-12 11:19:39","WindowsPlayer",NA,11,"TaskEvent",0,"0.11.235",-211.969131469727,194.050399780273,51.8244323730469,0.353475004434586,-0.935443878173828,0,"History of WAT247,Find Toppo's Posters,Crash Diagnostics - Mountains,U3 - Crash Side Quest P3,LargeMart Island","50,watershed;50,energy;49,poster1;49,poster5;49,poster6;46,jasper;40,Find the supplies crate;29,meet","U5,U5_Quests","0.11.235","TaskProgressEvent",33,"attach hose",1
"2888","5cd88df5e4194c2f5ff9c068",4,"Development","8d703246-39e0-4ff5-aef9-ec166f84d182","JG7 UX7",186,"2019-05-12 11:19:39","WindowsPlayer",NA,11,"TaskEvent",0,"0.11.235",-211.969131469727,194.050399780273,51.8244323730469,0.353475004434586,-0.935443878173828,0,"History of WAT247,Find Toppo's Posters,Crash Diagnostics - Mountains,U3 - Crash Side Quest P3,LargeMart Island","50,watershed;50,energy;49,poster1;49,poster5;49,poster6;46,jasper;40,Find the supplies crate;29,meet","U5,U5_Quests","0.11.235","TaskActiveEvent",34,"return to large mart",NA
"2889","5cd88df5e4194c2f5ff9c069",4,"Development","8d703246-39e0-4ff5-aef9-ec166f84d182","JG7 UX7",186,"2019-05-12 11:19:39","WindowsPlayer",NA,11,"TaskEvent",0,"0.11.235",-211.969131469727,194.050399780273,51.8244323730469,0.353475004434586,-0.935443878173828,0,"History of WAT247,Find Toppo's Posters,Crash Diagnostics - Mountains,U3 - Crash Side Quest P3,LargeMart Island","50,watershed;50,energy;49,poster1;49,poster5;49,poster6;46,jasper;40,Find the supplies crate;29,meet;29,talk","U5,U5_Quests","0.11.235","TaskProgressEvent",33,"Condense Atmospheric Water",1
"2890","5cd88e3ce4194c2f5ff9c144",4,"Development","8d703246-39e0-4ff5-aef9-ec166f84d182","JG7 UX7",186,"2019-05-12 11:20:51","WindowsPlayer",NA,11,"TaskEvent",0,"0.11.235",-211.431625366211,12.1929159164429,69.2671737670898,-0.944948971271515,-0.327218294143677,0,"History of WAT247,Find Toppo's Posters,Crash Diagnostics - Mountains,U3 - Crash Side Quest P3,LargeMart Island","50,watershed;50,energy;49,poster1;49,poster5;49,poster6;46,jasper;40,Find the supplies crate;29,talk;29,unlock","U5,U5_Quests","0.11.235","TaskCompleteEvent",33,"Condense Atmospheric Water",NA
"2891","5cd88e3ce4194c2f5ff9c145",4,"Development","8d703246-39e0-4ff5-aef9-ec166f84d182","JG7 UX7",186,"2019-05-12 11:20:51","WindowsPlayer",NA,11,"TaskEvent",0,"0.11.235",-211.431625366211,12.1929159164429,69.2671737670898,-0.944948971271515,-0.327218294143677,0,"History of WAT247,Find Toppo's Posters,Crash Diagnostics - Mountains,U3 - Crash Side Quest P3,LargeMart Island","50,watershed;50,energy;49,poster1;49,poster5;49,poster6;46,jasper;40,Find the supplies crate;29,talk","U5,U5_Quests","0.11.235","TaskProgressEvent",36,"Condense Humidity",1
"2892","5cd88e3ce4194c2f5ff9c146",4,"Development","8d703246-39e0-4ff5-aef9-ec166f84d182","JG7 UX7",186,"2019-05-12 11:20:51","WindowsPlayer",NA,11,"TaskEvent",0,"0.11.235",-211.431625366211,12.1929159164429,69.2671737670898,-0.944948971271515,-0.327218294143677,0,"History of WAT247,Find Toppo's Posters,Crash Diagnostics - Mountains,U3 - Crash Side Quest P3,LargeMart Island","50,watershed;50,energy;49,poster1;49,poster5;49,poster6;46,jasper;40,Find the supplies crate;29,talk","U5,U5_Quests","0.11.235","TaskCompleteEvent",36,"Condense Humidity",NA
"2893","5cd8914ce4194c2f5ff9cd5d",4,"Development","8d703246-39e0-4ff5-aef9-ec166f84d182","JG7 UX7",186,"2019-05-12 11:33:52","WindowsPlayer",NA,11,"TaskEvent",0,"0.11.235",106.552703857422,-34.8555793762207,3.97000002861023,0.190811231732368,-0.981626749038696,0,"History of WAT247,Find Toppo's Posters,Crash Diagnostics - Mountains,U3 - Crash Side Quest P3,Explore the Alien Seaside Facility","50,watershed;49,poster1;49,poster5;49,poster6;46,jasper;40,Find the supplies crate;36,Start Fountain","U5_Dungeon,U5_Cavern","0.11.235","TaskActiveEvent",36,"Evaporate Water",NA
"2894","5cd8914de4194c2f5ff9cd6b",4,"Development","8d703246-39e0-4ff5-aef9-ec166f84d182","JG7 UX7",186,"2019-05-12 11:33:52","WindowsPlayer",NA,11,"TaskEvent",0,"0.11.235",106.552703857422,-34.8555793762207,3.97000002861023,0.190811231732368,-0.981626749038696,0,"History of WAT247,Find Toppo's Posters,Crash Diagnostics - Mountains,U3 - Crash Side Quest P3,Explore the Alien Seaside Facility","50,watershed;49,poster1;49,poster5;49,poster6;46,jasper;40,Find the supplies crate;36,Start Fountain","U5_Dungeon,U5_Cavern","0.11.235","TaskProgressEvent",34,"return to large mart",1
"2895","5cd8914de4194c2f5ff9cd6c",4,"Development","8d703246-39e0-4ff5-aef9-ec166f84d182","JG7 UX7",186,"2019-05-12 11:33:52","WindowsPlayer",NA,11,"TaskEvent",0,"0.11.235",106.552703857422,-34.8555793762207,3.97000002861023,0.190811231732368,-0.981626749038696,0,"History of WAT247,Find Toppo's Posters,Crash Diagnostics - Mountains,U3 - Crash Side Quest P3,Explore the Alien Seaside Facility","50,watershed;49,poster1;49,poster5;49,poster6;46,jasper;40,Find the supplies crate;36,Start Fountain;36,Talk Bill","U5_Dungeon,U5_Cavern","0.11.235","TaskActiveEvent",34,"talk to Bill",NA
"2896","5cd8923ae4194c2f5ff9d0f8",4,"Development","8d703246-39e0-4ff5-aef9-ec166f84d182","JG7 UX7",186,"2019-05-12 11:38:00","WindowsPlayer",NA,11,"TaskEvent",0,"0.11.235",0.303461760282516,8.25126934051514,1.67763733863831,-0.285607665777206,-0.958346605300903,0,"History of WAT247,Find Toppo's Posters,Crash Diagnostics - Mountains,U3 - Crash Side Quest P3,Bill’s Grand Idea","50,watershed;49,poster1;49,poster5;49,poster6;46,jasper;40,Find the supplies crate;37,Try Escape","U5_Cave,U5_Cave_Quests,U5_Cave_Collectibles","0.11.235","TaskCompleteEvent",34,"return to large mart",NA
"2897","5cd8923ae4194c2f5ff9d0f9",4,"Development","8d703246-39e0-4ff5-aef9-ec166f84d182","JG7 UX7",186,"2019-05-12 11:38:00","WindowsPlayer",NA,11,"TaskEvent",0,"0.11.235",0.303461760282516,8.25126934051514,1.67763733863831,-0.285607665777206,-0.958346605300903,0,"History of WAT247,Find Toppo's Posters,Crash Diagnostics - Mountains,U3 - Crash Side Quest P3,Bill’s Grand Idea,Water Crisis!","50,watershed;49,poster1;49,poster5;49,poster6;46,jasper;40,Find the supplies crate","U5_Cave,U5_Cave_Quests,U5_Cave_Collectibles","0.11.235","TaskProgressEvent",34,"talk to Bill",1
"2898","5cd8923ae4194c2f5ff9d0fb",4,"Development","8d703246-39e0-4ff5-aef9-ec166f84d182","JG7 UX7",186,"2019-05-12 11:38:00","WindowsPlayer",NA,11,"TaskEvent",0,"0.11.235",0.303461760282516,8.25126934051514,1.67763733863831,-0.285607665777206,-0.958346605300903,0,"History of WAT247,Find Toppo's Posters,Crash Diagnostics - Mountains,U3 - Crash Side Quest P3,Water Crisis!","50,watershed;49,poster1;49,poster5;49,poster6;46,jasper;40,Find the supplies crate;32,humidity meter","U5_Cave,U5_Cave_Quests,U5_Cave_Collectibles","0.11.235","TaskActiveEvent",34,"go to factory",NA
"2899","5cd892b7e4194c2f5ff9d2e8",4,"Development","8d703246-39e0-4ff5-aef9-ec166f84d182","JG7 UX7",186,"2019-05-12 11:40:04","WindowsPlayer",NA,11,"TaskEvent",0,"0.11.235",6.46342897415161,10.1908683776855,1.57492852210999,0.931660711765289,0.363329708576202,0,"History of WAT247,Find Toppo's Posters,Crash Diagnostics - Mountains,U3 - Crash Side Quest P3,Water Crisis!","50,watershed;49,poster1;49,poster5;49,poster6;46,jasper;40,Find the supplies crate;32,humidity meter","U5_Cave,U5_Cave_Quests,U5_Cave_Collectibles","0.11.235","TaskCompleteEvent",34,"talk to Bill",NA
"2900","5cd892b7e4194c2f5ff9d2e9",4,"Development","8d703246-39e0-4ff5-aef9-ec166f84d182","JG7 UX7",186,"2019-05-12 11:40:04","WindowsPlayer",NA,11,"TaskEvent",0,"0.11.235",6.46342897415161,10.1908683776855,1.57492852210999,0.931660711765289,0.363329708576202,0,"History of WAT247,Find Toppo's Posters,Crash Diagnostics - Mountains,U3 - Crash Side Quest P3,Water Crisis!","50,watershed;49,poster1;49,poster5;49,poster6;46,jasper;40,Find the supplies crate;32,humidity meter;32,pan","U5_Cave,U5_Cave_Quests,U5_Cave_Collectibles","0.11.235","TaskCompleteEvent",34,"go to factory",NA
"2901","5cd892b8e4194c2f5ff9d2f3",4,"Development","8d703246-39e0-4ff5-aef9-ec166f84d182","JG7 UX7",186,"2019-05-12 11:40:04","WindowsPlayer",NA,11,"TaskEvent",0,"0.11.235",6.46342897415161,10.1908683776855,1.57492852210999,0.931660711765289,0.363329708576202,0,"History of WAT247,Find Toppo's Posters,Crash Diagnostics - Mountains,U3 - Crash Side Quest P3,Water Crisis!","50,watershed;49,poster1;49,poster5;49,poster6;46,jasper;40,Find the supplies crate;32,humidity meter","U5_Cave,U5_Cave_Quests,U5_Cave_Collectibles","0.11.235","TaskProgressEvent",34,"go to factory",1
"2902","5cd892cbe4194c2f5ff9d33a",4,"Development","8d703246-39e0-4ff5-aef9-ec166f84d182","JG7 UX7",186,"2019-05-12 11:40:24","WindowsPlayer",NA,11,"TaskEvent",0,"0.11.235",10.7806177139282,-5.89181423187256,1.97622716426849,-0.413028419017792,-0.910718202590942,0,"History of WAT247,Find Toppo's Posters,Crash Diagnostics - Mountains,U3 - Crash Side Quest P3,Water Crisis!","50,watershed;49,poster1;49,poster5;49,poster6;46,jasper;40,Find the supplies crate;32,fill pan","U5_Cave,U5_Cave_Quests,U5_Cave_Collectibles","0.11.235","TaskActiveEvent",35,"setup first",NA
"2903","5cd892cce4194c2f5ff9d344",4,"Development","8d703246-39e0-4ff5-aef9-ec166f84d182","JG7 UX7",186,"2019-05-12 11:40:24","WindowsPlayer",NA,11,"TaskEvent",0,"0.11.235",10.7806177139282,-5.89181423187256,1.97622716426849,-0.413028419017792,-0.910718202590942,0,"History of WAT247,Find Toppo's Posters,Crash Diagnostics - Mountains,U3 - Crash Side Quest P3,Water Crisis!","50,watershed;49,poster1;49,poster5;49,poster6;46,jasper;40,Find the supplies crate;32,fill pan","U5_Cave,U5_Cave_Quests,U5_Cave_Collectibles","0.11.235","TaskCompleteEvent",36,"Talk Bill",NA
"2904","5cd892cce4194c2f5ff9d345",4,"Development","8d703246-39e0-4ff5-aef9-ec166f84d182","JG7 UX7",186,"2019-05-12 11:40:24","WindowsPlayer",NA,11,"TaskEvent",0,"0.11.235",10.7806177139282,-5.89181423187256,1.97622716426849,-0.413028419017792,-0.910718202590942,0,"History of WAT247,Find Toppo's Posters,Crash Diagnostics - Mountains,U3 - Crash Side Quest P3,Water Crisis!","50,watershed;49,poster1;49,poster5;49,poster6;46,jasper;40,Find the supplies crate;32,fill pan;32,Find Rock","U5_Cave,U5_Cave_Quests,U5_Cave_Collectibles","0.11.235","TaskActiveEvent",37,"bill outside cavern",NA
"2905","5cd892dfe4194c2f5ff9d385",4,"Development","8d703246-39e0-4ff5-aef9-ec166f84d182","JG7 UX7",186,"2019-05-12 11:37:25","WindowsPlayer",NA,11,"TaskEvent",0,"0.11.235",0.303461760282516,8.25126934051514,1.67763733863831,0.0471905283629894,-0.998886227607727,0,"History of WAT247,Find Toppo's Posters,Crash Diagnostics - Mountains,U3 - Crash Side Quest P3,Bill’s Grand Idea","50,watershed;49,poster1;49,poster5;49,poster6;46,jasper;40,Find the supplies crate;37,meet Bill","U5_Cave,U5_Cave_Quests,U5_Cave_Collectibles","0.11.235","TaskProgressEvent",36,"Talk Bill",1
"2906","5cd892dfe4194c2f5ff9d386",4,"Development","8d703246-39e0-4ff5-aef9-ec166f84d182","JG7 UX7",186,"2019-05-12 11:37:25","WindowsPlayer",NA,11,"TaskEvent",0,"0.11.235",0.303461760282516,8.25126934051514,1.67763733863831,0.0471905283629894,-0.998886227607727,0,"History of WAT247,Find Toppo's Posters,Crash Diagnostics - Mountains,U3 - Crash Side Quest P3,Bill’s Grand Idea","50,watershed;49,poster1;49,poster5;49,poster6;46,jasper;40,Find the supplies crate;37,meet Bill;37,Try Escape","U5_Cave,U5_Cave_Quests,U5_Cave_Collectibles","0.11.235","TaskProgressEvent",35,"setup first",1
"2907","5cd892dfe4194c2f5ff9d38c",4,"Development","8d703246-39e0-4ff5-aef9-ec166f84d182","JG7 UX7",186,"2019-05-12 11:37:25","WindowsPlayer",NA,11,"TaskEvent",0,"0.11.235",0.303461760282516,8.25126934051514,1.67763733863831,0.0471905283629894,-0.998886227607727,0,"History of WAT247,Find Toppo's Posters,Crash Diagnostics - Mountains,U3 - Crash Side Quest P3,Bill’s Grand Idea","50,watershed;49,poster1;49,poster5;49,poster6;46,jasper;40,Find the supplies crate;37,meet Bill","U5_Cave,U5_Cave_Quests,U5_Cave_Collectibles","0.11.235","TaskActiveEvent",35,"setup second",NA
"2908","5cd892fde4194c2f5ff9d401",4,"Development","8d703246-39e0-4ff5-aef9-ec166f84d182","JG7 UX7",186,"2019-05-12 11:41:10","WindowsPlayer",NA,11,"TaskEvent",0,"0.11.235",9.19068908691406,-5.89311408996582,1.97226023674011,0.68841540813446,-0.725316524505615,0,"History of WAT247,Find Toppo's Posters,Crash Diagnostics - Mountains,U3 - Crash Side Quest P3,Water Crisis!","50,watershed;49,poster1;49,poster5;49,poster6;46,jasper;40,Find the supplies crate;32,Drill hole","U5_Cave,U5_Cave_Quests,U5_Cave_Collectibles","0.11.235","TaskCompleteEvent",35,"setup first",NA
"2909","5cd892fde4194c2f5ff9d409",4,"Development","8d703246-39e0-4ff5-aef9-ec166f84d182","JG7 UX7",186,"2019-05-12 11:41:10","WindowsPlayer",NA,11,"TaskEvent",0,"0.11.235",9.19068908691406,-5.89311408996582,1.97226023674011,0.68841540813446,-0.725316524505615,0,"History of WAT247,Find Toppo's Posters,Crash Diagnostics - Mountains,U3 - Crash Side Quest P3,Water Crisis!","50,watershed;49,poster1;49,poster5;49,poster6;46,jasper;40,Find the supplies crate;32,Drill hole","U5_Cave,U5_Cave_Quests,U5_Cave_Collectibles","0.11.235","TaskProgressEvent",35,"setup second",1
"2910","5cd892fde4194c2f5ff9d40a",4,"Development","8d703246-39e0-4ff5-aef9-ec166f84d182","JG7 UX7",186,"2019-05-12 11:41:10","WindowsPlayer",NA,11,"TaskEvent",0,"0.11.235",9.19068908691406,-5.89311408996582,1.97226023674011,0.68841540813446,-0.725316524505615,0,"History of WAT247,Find Toppo's Posters,Crash Diagnostics - Mountains,U3 - Crash Side Quest P3,Water Crisis!","50,watershed;49,poster1;49,poster5;49,poster6;46,jasper;40,Find the supplies crate;32,Drill hole;32,check humidity again","U5_Cave,U5_Cave_Quests,U5_Cave_Collectibles","0.11.235","TaskActiveEvent",35,"setup third",NA
"2911","5cd89302e4194c2f5ff9d41f",4,"Development","8d703246-39e0-4ff5-aef9-ec166f84d182","JG7 UX7",186,"2019-05-12 11:41:20","WindowsPlayer",NA,11,"TaskEvent",0,"0.11.235",7.61861371994019,9.24268531799316,1.57492852210999,0.425703287124634,0.904862821102142,0,"History of WAT247,Find Toppo's Posters,Crash Diagnostics - Mountains,U3 - Crash Side Quest P3,Water Crisis!,Convince Bill the Distillery will work","50,watershed;49,poster1;49,poster5;49,poster6;46,jasper;40,Find the supplies crate","U5_Cave,U5_Cave_Quests,U5_Cave_Collectibles","0.11.235","TaskCompleteEvent",35,"setup second",NA
"2912","5cd89302e4194c2f5ff9d425",4,"Development","8d703246-39e0-4ff5-aef9-ec166f84d182","JG7 UX7",186,"2019-05-12 11:41:20","WindowsPlayer",NA,11,"TaskEvent",0,"0.11.235",7.61861371994019,9.24268531799316,1.57492852210999,0.425703287124634,0.904862821102142,0,"History of WAT247,Find Toppo's Posters,Crash Diagnostics - Mountains,U3 - Crash Side Quest P3,Water Crisis!","50,watershed;49,poster1;49,poster5;49,poster6;46,jasper;40,Find the supplies crate;32,check humidity again","U5_Cave,U5_Cave_Quests,U5_Cave_Collectibles","0.11.235","TaskCompleteEvent",37,"bill outside cavern",NA
"2913","5cd89303e4194c2f5ff9d42a",4,"Development","8d703246-39e0-4ff5-aef9-ec166f84d182","JG7 UX7",186,"2019-05-12 11:41:20","WindowsPlayer",NA,11,"TaskEvent",0,"0.11.235",7.61861371994019,9.24268531799316,1.57492852210999,0.425703287124634,0.904862821102142,0,"History of WAT247,Find Toppo's Posters,Crash Diagnostics - Mountains,U3 - Crash Side Quest P3,Convince Bill the Distillery will work","50,watershed;49,poster1;49,poster5;49,poster6;46,jasper;40,Find the supplies crate;33,convince bill","U5_Cave,U5_Cave_Quests,U5_Cave_Collectibles","0.11.235","TaskProgressEvent",37,"bill outside cavern",1
"2914","5cd8937ae4194c2f5ff9d605",4,"Development","8d703246-39e0-4ff5-aef9-ec166f84d182","JG7 UX7",186,"2019-05-12 11:43:21","WindowsPlayer",NA,11,"TaskEvent",0,"0.11.235",7.61861371994019,9.24268531799316,1.57492852210999,0.985422015190125,-0.170126557350159,0,"History of WAT247,Find Toppo's Posters,Crash Diagnostics - Mountains,U3 - Crash Side Quest P3,Convince Bill the Distillery will work","50,watershed;49,poster1;49,poster5;49,poster6;46,jasper;40,Find the supplies crate;33,convince bill;33,Make a hole in the pan","U5_Cave,U5_Cave_Quests,U5_Cave_Collectibles","0.11.235","TaskActiveEvent",37,"meet Bill",NA
"2915","5cd8937ae4194c2f5ff9d608",4,"Development","8d703246-39e0-4ff5-aef9-ec166f84d182","JG7 UX7",186,"2019-05-12 11:43:21","WindowsPlayer",NA,11,"TaskEvent",0,"0.11.235",7.61861371994019,9.24268531799316,1.57492852210999,0.985422015190125,-0.170126557350159,0,"History of WAT247,Find Toppo's Posters,Crash Diagnostics - Mountains,U3 - Crash Side Quest P3,Convince Bill the Distillery will work","50,watershed;49,poster1;49,poster5;49,poster6;46,jasper;40,Find the supplies crate;33,convince bill","U5_Cave,U5_Cave_Quests,U5_Cave_Collectibles","0.11.235","TaskProgressEvent",35,"setup third",1
"2916","5cd8937ae4194c2f5ff9d609",4,"Development","8d703246-39e0-4ff5-aef9-ec166f84d182","JG7 UX7",186,"2019-05-12 11:43:21","WindowsPlayer",NA,11,"TaskEvent",0,"0.11.235",7.61861371994019,9.24268531799316,1.57492852210999,0.985422015190125,-0.170126557350159,0,"History of WAT247,Find Toppo's Posters,Crash Diagnostics - Mountains,U3 - Crash Side Quest P3,Convince Bill the Distillery will work","50,watershed;49,poster1;49,poster5;49,poster6;46,jasper;40,Find the supplies crate;33,convince bill","U5_Cave,U5_Cave_Quests,U5_Cave_Collectibles","0.11.235","TaskCompleteEvent",35,"setup third",NA
"2917","5cd893a7e4194c2f5ff9d6b1",4,"Development","8d703246-39e0-4ff5-aef9-ec166f84d182","JG7 UX7",186,"2019-05-12 11:44:03","WindowsPlayer",NA,11,"TaskEvent",0,"0.11.235",7.9202127456665,-5.00283908843994,1.72912001609802,0.645521581172943,-0.763742089271545,0,"History of WAT247,Find Toppo's Posters,Crash Diagnostics - Mountains,U3 - Crash Side Quest P3,Convince Bill the Distillery will work","50,watershed;49,poster1;49,poster5;49,poster6;46,jasper;40,Find the supplies crate;33,Make a hole in the pan","U5_Cave,U5_Cave_Quests,U5_Cave_Collectibles","0.11.235","TaskActiveEvent",35,"setup fourth",NA
"2918","5cd893a7e4194c2f5ff9d6b5",4,"Development","8d703246-39e0-4ff5-aef9-ec166f84d182","JG7 UX7",186,"2019-05-12 11:44:03","WindowsPlayer",NA,11,"TaskEvent",0,"0.11.235",7.9202127456665,-5.00283908843994,1.72912001609802,0.645521581172943,-0.763742089271545,0,"History of WAT247,Find Toppo's Posters,Crash Diagnostics - Mountains,U3 - Crash Side Quest P3,Convince Bill the Distillery will work","50,watershed;49,poster1;49,poster5;49,poster6;46,jasper;40,Find the supplies crate;33,Make a hole in the pan","U5_Cave,U5_Cave_Quests,U5_Cave_Collectibles","0.11.235","TaskCompleteEvent",35,"setup fourth",NA
"2919","5cd893a7e4194c2f5ff9d6bd",4,"Development","8d703246-39e0-4ff5-aef9-ec166f84d182","JG7 UX7",186,"2019-05-12 11:44:03","WindowsPlayer",NA,11,"TaskEvent",0,"0.11.235",7.9202127456665,-5.00283908843994,1.72912001609802,0.645521581172943,-0.763742089271545,0,"History of WAT247,Find Toppo's Posters,Crash Diagnostics - Mountains,U3 - Crash Side Quest P3,Convince Bill the Distillery will work","50,watershed;49,poster1;49,poster5;49,poster6;46,jasper;40,Find the supplies crate;33,Make a hole in the pan;33,attach hose","U5_Cave,U5_Cave_Quests,U5_Cave_Collectibles","0.11.235","TaskActiveEvent",69,"Go to Sleep",NA
"2920","5cd893b6e4194c2f5ff9d6f2",4,"Development","8d703246-39e0-4ff5-aef9-ec166f84d182","JG7 UX7",186,"2019-05-12 11:44:20","WindowsPlayer",NA,11,"TaskEvent",0,"0.11.235",6.1884446144104,-6.74116849899292,1.51763737201691,0.993777513504028,-0.111384868621826,0,"History of WAT247,Find Toppo's Posters,Crash Diagnostics - Mountains,U3 - Crash Side Quest P3,Convince Bill the Distillery will work","50,watershed;49,poster1;49,poster5;49,poster6;46,jasper;40,Find the supplies crate;33,attach hose","U5_Cave,U5_Cave_Quests,U5_Cave_Collectibles","0.11.235","TaskProgressEvent",35,"setup fourth",1
"2921","5cd893b6e4194c2f5ff9d6f5",4,"Development","8d703246-39e0-4ff5-aef9-ec166f84d182","JG7 UX7",186,"2019-05-12 11:44:20","WindowsPlayer",NA,11,"TaskEvent",0,"0.11.235",6.1884446144104,-6.74116849899292,1.51763737201691,0.993777513504028,-0.111384868621826,0,"History of WAT247,Find Toppo's Posters,Crash Diagnostics - Mountains,U3 - Crash Side Quest P3,Convince Bill the Distillery will work","50,watershed;49,poster1;49,poster5;49,poster6;46,jasper;40,Find the supplies crate;33,attach hose;33,Grab Canteen","U5_Cave,U5_Cave_Quests,U5_Cave_Collectibles","0.11.235","TaskCompleteEvent",69,"Go to Sleep",NA
"2922","5cd893b7e4194c2f5ff9d6f9",4,"Development","8d703246-39e0-4ff5-aef9-ec166f84d182","JG7 UX7",186,"2019-05-12 11:44:20","WindowsPlayer",NA,11,"TaskEvent",0,"0.11.235",6.1884446144104,-6.74116849899292,1.51763737201691,0.993777513504028,-0.111384868621826,0,"History of WAT247,Find Toppo's Posters,Crash Diagnostics - Mountains,U3 - Crash Side Quest P3,Convince Bill the Distillery will work","50,watershed;49,poster1;49,poster5;49,poster6;46,jasper;40,Find the supplies crate;33,attach hose","U5_Cave,U5_Cave_Quests,U5_Cave_Collectibles","0.11.235","TaskProgressEvent",69,"Go to Sleep",1
"2923","5cd893d9e4194c2f5ff9d764",4,"Development","8d703246-39e0-4ff5-aef9-ec166f84d182","JG7 UX7",186,"2019-05-12 11:44:44","WindowsPlayer",NA,11,"TaskEvent",0,"0.11.235",8.97889518737793,-5.92145013809204,1.97184658050537,0.661375522613525,-0.750055193901062,0,"History of WAT247,Find Toppo's Posters,Crash Diagnostics - Mountains,U3 - Crash Side Quest P3,Convince Bill the Distillery will work,Head Back to Large Mart","50,watershed;49,poster1;49,poster5;49,poster6;46,jasper;40,Find the supplies crate","U5_Cave,U5_Cave_Quests,U5_Cave_Collectibles","0.11.235","TaskActiveEvent",63,"Leave your house",NA
"2924","5cd893d9e4194c2f5ff9d768",4,"Development","8d703246-39e0-4ff5-aef9-ec166f84d182","JG7 UX7",186,"2019-05-12 11:44:44","WindowsPlayer",NA,11,"TaskEvent",0,"0.11.235",8.97889518737793,-5.92145013809204,1.97184658050537,0.661375522613525,-0.750055193901062,0,"History of WAT247,Find Toppo's Posters,Crash Diagnostics - Mountains,U3 - Crash Side Quest P3,Head Back to Large Mart","50,watershed;49,poster1;49,poster5;49,poster6;46,jasper;40,Find the supplies crate;34,return to large mart","U5_Cave,U5_Cave_Quests,U5_Cave_Collectibles","0.11.235","TaskProgressEvent",63,"Leave your house",1
"2925","5cd893d9e4194c2f5ff9d771",4,"Development","8d703246-39e0-4ff5-aef9-ec166f84d182","JG7 UX7",186,"2019-05-12 11:44:44","WindowsPlayer",NA,11,"TaskEvent",0,"0.11.235",8.97889518737793,-5.92145013809204,1.97184658050537,0.661375522613525,-0.750055193901062,0,"History of WAT247,Find Toppo's Posters,Crash Diagnostics - Mountains,U3 - Crash Side Quest P3,Convince Bill the Distillery will work","50,watershed;49,poster1;49,poster5;49,poster6;46,jasper;40,Find the supplies crate;33,Condense Atmospheric Water","U5_Cave,U5_Cave_Quests,U5_Cave_Collectibles","0.11.235","TaskActiveEvent",63,"Talk with Toppo",NA
"2926","5cd89410e4194c2f5ff9d841",4,"Development","8d703246-39e0-4ff5-aef9-ec166f84d182","JG7 UX7",186,"2019-05-12 11:24:21","WindowsPlayer",NA,11,"TaskEvent",0,"0.11.235",330.581481933594,-6.52832460403442,3.98000001907349,0.111468710005283,0.993767917156219,0,"History of WAT247,Find Toppo's Posters,Crash Diagnostics - Mountains,U3 - Crash Side Quest P3,Explore the Alien Seaside Facility","50,watershed;49,poster1;49,poster5;49,poster6;46,jasper;40,Find the supplies crate;36,Condense Humidity","U5_Dungeon","0.11.235","TaskCompleteEvent",63,"Leave your house",NA
"2927","5cd89410e4194c2f5ff9d842",4,"Development","8d703246-39e0-4ff5-aef9-ec166f84d182","JG7 UX7",186,"2019-05-12 11:24:21","WindowsPlayer",NA,11,"TaskEvent",0,"0.11.235",330.581481933594,-6.52832460403442,3.98000001907349,0.111468710005283,0.993767917156219,0,"History of WAT247,Find Toppo's Posters,Crash Diagnostics - Mountains,U3 - Crash Side Quest P3,Explore the Alien Seaside Facility","50,watershed;49,poster1;49,poster5;49,poster6;46,jasper;40,Find the supplies crate;36,Condense Humidity;36,Evaporate Water","U5_Dungeon","0.11.235","TaskCompleteEvent",63,"Talk with Toppo",NA
"2928","5cd89410e4194c2f5ff9d84d",4,"Development","8d703246-39e0-4ff5-aef9-ec166f84d182","JG7 UX7",186,"2019-05-12 11:24:21","WindowsPlayer",NA,11,"TaskEvent",0,"0.11.235",330.581481933594,-6.52832460403442,3.98000001907349,0.111468710005283,0.993767917156219,0,"History of WAT247,Find Toppo's Posters,Crash Diagnostics - Mountains,U3 - Crash Side Quest P3,Explore the Alien Seaside Facility","50,watershed;49,poster1;49,poster5;49,poster6;46,jasper;40,Find the supplies crate;36,Condense Humidity","U5_Dungeon","0.11.235","TaskProgressEvent",63,"Talk with Toppo",1
"2929","5cd89438e4194c2f5ff9d8eb",4,"Development","8d703246-39e0-4ff5-aef9-ec166f84d182","JG7 UX7",186,"2019-05-12 11:46:31","WindowsPlayer",NA,11,"TaskEvent",0,"0.11.235",92.9740295410156,65.7875442504883,104.614624023438,0.557745754718781,-0.830012083053589,0,"History of WAT247,Find Toppo's Posters,Crash Diagnostics - Mountains,U3 - Crash Side Quest P3,Head Back to Large Mart","50,watershed;49,poster1;49,poster6;46,jasper;40,Find the supplies crate;34,return to large mart","U5,U5_Quests","0.11.235","TaskActiveEvent",64,"Check Sam's Garden",NA
"2930","5cd89438e4194c2f5ff9d8ec",4,"Development","8d703246-39e0-4ff5-aef9-ec166f84d182","JG7 UX7",186,"2019-05-12 11:46:31","WindowsPlayer",NA,11,"TaskEvent",0,"0.11.235",92.9740295410156,65.7875442504883,104.614624023438,0.557745754718781,-0.830012083053589,0,"History of WAT247,Find Toppo's Posters,Crash Diagnostics - Mountains,U3 - Crash Side Quest P3,Head Back to Large Mart","50,watershed;49,poster1;49,poster6;46,jasper;40,Find the supplies crate;34,return to large mart","U5,U5_Quests","0.11.235","TaskProgressEvent",36,"Transport Water",1
"2931","5cd89438e4194c2f5ff9d8f1",4,"Development","8d703246-39e0-4ff5-aef9-ec166f84d182","JG7 UX7",186,"2019-05-12 11:46:31","WindowsPlayer",NA,11,"TaskEvent",0,"0.11.235",92.9740295410156,65.7875442504883,104.614624023438,0.557745754718781,-0.830012083053589,0,"History of WAT247,Find Toppo's Posters,Crash Diagnostics - Mountains,U3 - Crash Side Quest P3,Head Back to Large Mart","50,watershed;49,poster1;49,poster6;46,jasper;40,Find the supplies crate;34,return to large mart;34,talk to Bill","U5,U5_Quests","0.11.235","TaskActiveEvent",36,"Start Fountain",NA
"2932","5cd89472e4194c2f5ff9d9c0",4,"Development","8d703246-39e0-4ff5-aef9-ec166f84d182","JG7 UX7",186,"2019-05-12 11:47:16","WindowsPlayer",NA,11,"TaskEvent",0,"0.11.235",97.4806365966797,59.709415435791,106.760383605957,0.463296592235565,-0.886203169822693,0,"History of WAT247,Find Toppo's Posters,Crash Diagnostics - Mountains,U3 - Crash Side Quest P3,Head Back to Large Mart","50,watershed;49,poster1;49,poster6;46,jasper;40,Find the supplies crate;34,talk to Bill","U5,U5_Quests","0.11.235","TaskCompleteEvent",36,"Transport Water",NA
"2933","5cd89472e4194c2f5ff9d9c1",4,"Development","8d703246-39e0-4ff5-aef9-ec166f84d182","JG7 UX7",186,"2019-05-12 11:47:16","WindowsPlayer",NA,11,"TaskEvent",0,"0.11.235",97.4806365966797,59.709415435791,106.760383605957,0.463296592235565,-0.886203169822693,0,"History of WAT247,Find Toppo's Posters,Crash Diagnostics - Mountains,U3 - Crash Side Quest P3,Head Back to Large Mart","50,watershed;49,poster1;49,poster6;46,jasper;40,Find the supplies crate;34,talk to Bill","U5,U5_Quests","0.11.235","TaskProgressEvent",64,"Measure the East River Levels",1
"2934","5cd89473e4194c2f5ff9d9c4",4,"Development","8d703246-39e0-4ff5-aef9-ec166f84d182","JG7 UX7",186,"2019-05-12 11:47:16","WindowsPlayer",NA,11,"TaskEvent",0,"0.11.235",97.4806365966797,59.709415435791,106.760383605957,0.463296592235565,-0.886203169822693,0,"History of WAT247,Find Toppo's Posters,Crash Diagnostics - Mountains,U3 - Crash Side Quest P3,Head Back to Large Mart","50,watershed;49,poster1;49,poster6;46,jasper;40,Find the supplies crate;34,talk to Bill;34,go to factory","U5,U5_Quests","0.11.235","TaskActiveEvent",64,"Measure the West River Levels",NA
"2935","5cd89481e4194c2f5ff9d9fb",4,"Development","8d703246-39e0-4ff5-aef9-ec166f84d182","JG7 UX7",186,"2019-05-12 11:47:20","WindowsPlayer",NA,11,"TaskEvent",0,"0.11.235",96.7043380737305,52.8099746704102,106.760375976562,0.570714056491852,-0.821148753166199,0,"History of WAT247,Find Toppo's Posters,Crash Diagnostics - Mountains,U3 - Crash Side Quest P3,Head Back to Large Mart","50,watershed;49,poster1;49,poster6;46,jasper;40,Find the supplies crate;34,go to factory","U5,U5_Quests","0.11.235","TaskCompleteEvent",64,"Measure the East River Levels",NA
"2936","5cd89481e4194c2f5ff9d9fd",4,"Development","8d703246-39e0-4ff5-aef9-ec166f84d182","JG7 UX7",186,"2019-05-12 11:47:20","WindowsPlayer",NA,11,"TaskEvent",0,"0.11.235",96.7043380737305,52.8099746704102,106.760375976562,0.570714056491852,-0.821148753166199,0,"History of WAT247,Find Toppo's Posters,Crash Diagnostics - Mountains,U3 - Crash Side Quest P3,Construct a Distillery at the Factory","50,watershed;49,poster1;49,poster6;46,jasper;40,Find the supplies crate;35,setup first","U5,U5_Quests","0.11.235","TaskCompleteEvent",64,"Measure the West River Levels",NA
"2937","5cd89481e4194c2f5ff9da03",4,"Development","8d703246-39e0-4ff5-aef9-ec166f84d182","JG7 UX7",186,"2019-05-12 11:47:20","WindowsPlayer",NA,11,"TaskEvent",0,"0.11.235",96.7043380737305,52.8099746704102,106.760375976562,0.570714056491852,-0.821148753166199,0,"History of WAT247,Find Toppo's Posters,Crash Diagnostics - Mountains,U3 - Crash Side Quest P3,Head Back to Large Mart,Construct a Distillery at the Factory","50,watershed;49,poster1;49,poster6;46,jasper;40,Find the supplies crate","U5,U5_Quests","0.11.235","TaskProgressEvent",64,"Measure the West River Levels",1
"2938","5cd89490e4194c2f5ff9da3a",4,"Development","8d703246-39e0-4ff5-aef9-ec166f84d182","JG7 UX7",186,"2019-05-12 11:34:36","WindowsPlayer",NA,11,"TaskEvent",0,"0.11.235",-557.960510253906,-83.9991989135742,-107.269966125488,0.991671144962311,0.128796458244324,0,"History of WAT247,Find Toppo's Posters,Crash Diagnostics - Mountains,U3 - Crash Side Quest P3,Explore the Alien Seaside Facility","50,watershed;49,poster1;49,poster5;49,poster6;46,jasper;40,Find the supplies crate;36,Talk Bill","U5_Cavern,U5_Cavern_Quests","0.11.235","TaskActiveEvent",65,"Check Anderson's Water Supply",NA
"2939","5cd89490e4194c2f5ff9da41",4,"Development","8d703246-39e0-4ff5-aef9-ec166f84d182","JG7 UX7",186,"2019-05-12 11:34:36","WindowsPlayer",NA,11,"TaskEvent",0,"0.11.235",-557.960510253906,-83.9991989135742,-107.269966125488,0.991671144962311,0.128796458244324,0,"History of WAT247,Find Toppo's Posters,Crash Diagnostics - Mountains,U3 - Crash Side Quest P3,Explore the Alien Seaside Facility,Bill’s Grand Idea","50,watershed;49,poster1;49,poster5;49,poster6;46,jasper;40,Find the supplies crate","U5_Cavern,U5_Cavern_Quests","0.11.235","TaskProgressEvent",65,"Check Anderson's Water Supply",1
"2940","5cd89490e4194c2f5ff9da42",4,"Development","8d703246-39e0-4ff5-aef9-ec166f84d182","JG7 UX7",186,"2019-05-12 11:34:36","WindowsPlayer",NA,11,"TaskEvent",0,"0.11.235",-557.960510253906,-83.9991989135742,-107.269966125488,0.991671144962311,0.128796458244324,0,"History of WAT247,Find Toppo's Posters,Crash Diagnostics - Mountains,U3 - Crash Side Quest P3,Bill’s Grand Idea","50,watershed;49,poster1;49,poster5;49,poster6;46,jasper;40,Find the supplies crate;37,bill outside cavern","U5_Cavern,U5_Cavern_Quests","0.11.235","TaskCompleteEvent",65,"Check Anderson's Water Supply",NA
"2941","5cd8949ae4194c2f5ff9da6e",4,"Development","8d703246-39e0-4ff5-aef9-ec166f84d182","JG7 UX7",186,"2019-05-12 11:48:08","WindowsPlayer",NA,11,"TaskEvent",0,"0.11.235",-44.6839218139648,46.1823844909668,17.0575981140137,-0.966376066207886,0.257132709026337,0,"History of WAT247,Find Toppo's Posters,Crash Diagnostics - Mountains,U3 - Crash Side Quest P3,Construct a Distillery at the Factory","50,watershed;49,poster1;49,poster6;46,jasper;40,Find the supplies crate;35,setup first","U5_Largemart_Factory,U5_Largemart_Factory_Quests","0.11.235","TaskActiveEvent",65,"Check the Bunker Water Table",NA
"2942","5cd8949ae4194c2f5ff9da6f",4,"Development","8d703246-39e0-4ff5-aef9-ec166f84d182","JG7 UX7",186,"2019-05-12 11:48:08","WindowsPlayer",NA,11,"TaskEvent",0,"0.11.235",-44.6839218139648,46.1823844909668,17.0575981140137,-0.966376066207886,0.257132709026337,0,"History of WAT247,Find Toppo's Posters,Crash Diagnostics - Mountains,U3 - Crash Side Quest P3,Construct a Distillery at the Factory","50,watershed;49,poster1;49,poster6;46,jasper;40,Find the supplies crate;35,setup first","U5_Largemart_Factory,U5_Largemart_Factory_Quests","0.11.235","TaskProgressEvent",64,"Check Sam's Garden",1
"2943","5cd8949ae4194c2f5ff9da7a",4,"Development","8d703246-39e0-4ff5-aef9-ec166f84d182","JG7 UX7",186,"2019-05-12 11:48:08","WindowsPlayer",NA,11,"TaskEvent",0,"0.11.235",-44.6839218139648,46.1823844909668,17.0575981140137,-0.966376066207886,0.257132709026337,0,"History of WAT247,Find Toppo's Posters,Crash Diagnostics - Mountains,U3 - Crash Side Quest P3,Construct a Distillery at the Factory","50,watershed;49,poster1;49,poster6;46,jasper;40,Find the supplies crate;35,setup first;35,setup second","U5_Largemart_Factory,U5_Largemart_Factory_Quests","0.11.235","TaskActiveEvent",64,"Measure the East River Levels",NA
"2944","5cd894ebe4194c2f5ff9dbaa",4,"Development","8d703246-39e0-4ff5-aef9-ec166f84d182","JG7 UX7",186,"2019-05-12 11:49:20","WindowsPlayer",NA,11,"TaskEvent",0,"0.11.235",-14.2376432418823,51.3886833190918,20.976598739624,0.985703527927399,0.168489396572113,0,"History of WAT247,Find Toppo's Posters,Crash Diagnostics - Mountains,U3 - Crash Side Quest P3,Construct a Distillery at the Factory","50,watershed;49,poster1;49,poster6;46,jasper;40,Find the supplies crate;35,setup second","U5_Largemart_Factory,U5_Largemart_Factory_Quests","0.11.235","TaskCompleteEvent",64,"Check Sam's Garden",NA
"2945","5cd894ebe4194c2f5ff9dbb2",4,"Development","8d703246-39e0-4ff5-aef9-ec166f84d182","JG7 UX7",186,"2019-05-12 11:49:20","WindowsPlayer",NA,11,"TaskEvent",0,"0.11.235",-14.2376432418823,51.3886833190918,20.976598739624,0.985703527927399,0.168489396572113,0,"History of WAT247,Find Toppo's Posters,Crash Diagnostics - Mountains,U3 - Crash Side Quest P3,Construct a Distillery at the Factory","50,watershed;49,poster1;49,poster6;46,jasper;40,Find the supplies crate;35,setup second","U5_Largemart_Factory,U5_Largemart_Factory_Quests","0.11.235","TaskCompleteEvent",29,"unlock",NA
"2946","5cd894ebe4194c2f5ff9dbb3",4,"Development","8d703246-39e0-4ff5-aef9-ec166f84d182","JG7 UX7",186,"2019-05-12 11:49:20","WindowsPlayer",NA,11,"TaskEvent",0,"0.11.235",-14.2376432418823,51.3886833190918,20.976598739624,0.985703527927399,0.168489396572113,0,"History of WAT247,Find Toppo's Posters,Crash Diagnostics - Mountains,U3 - Crash Side Quest P3,Construct a Distillery at the Factory","50,watershed;49,poster1;49,poster6;46,jasper;40,Find the supplies crate;35,setup second;35,setup third","U5_Largemart_Factory,U5_Largemart_Factory_Quests","0.11.235","TaskActiveEvent",36,"Reach Seaside",NA
"2947","5cd894f5e4194c2f5ff9dbd3",4,"Development","8d703246-39e0-4ff5-aef9-ec166f84d182","JG7 UX7",186,"2019-05-12 11:35:04","WindowsPlayer",NA,11,"TaskEvent",0,"0.11.235",-112.802558898926,-121.621597290039,53.1858406066895,0.909961223602295,-0.414693236351013,0,"History of WAT247,Find Toppo's Posters,Crash Diagnostics - Mountains,U3 - Crash Side Quest P3,Bill’s Grand Idea","50,watershed;49,poster1;49,poster5;49,poster6;46,jasper;40,Find the supplies crate;37,bill outside cavern;37,meet Bill","U5,U5_Quests","0.11.235","TaskProgressEvent",29,"unlock",1
"2948","5cd894f5e4194c2f5ff9dbd4",4,"Development","8d703246-39e0-4ff5-aef9-ec166f84d182","JG7 UX7",186,"2019-05-12 11:35:04","WindowsPlayer",NA,11,"TaskEvent",0,"0.11.235",-112.802558898926,-121.621597290039,53.1858406066895,0.909961223602295,-0.414693236351013,0,"History of WAT247,Find Toppo's Posters,Crash Diagnostics - Mountains,U3 - Crash Side Quest P3,Bill’s Grand Idea","50,watershed;49,poster1;49,poster5;49,poster6;46,jasper;40,Find the supplies crate;37,bill outside cavern","U5,U5_Quests","0.11.235","TaskProgressEvent",88,"Check the Seaside Humidity",1
"2949","5cd894f5e4194c2f5ff9dbd5",4,"Development","8d703246-39e0-4ff5-aef9-ec166f84d182","JG7 UX7",186,"2019-05-12 11:35:04","WindowsPlayer",NA,11,"TaskEvent",0,"0.11.235",-112.802558898926,-121.621597290039,53.1858406066895,0.909961223602295,-0.414693236351013,0,"History of WAT247,Find Toppo's Posters,Crash Diagnostics - Mountains,U3 - Crash Side Quest P3,Bill’s Grand Idea","50,watershed;49,poster1;49,poster5;49,poster6;46,jasper;40,Find the supplies crate;37,bill outside cavern","U5,U5_Quests","0.11.235","TaskActiveEvent",88,"Check the Factory Humidity",NA
"2950","5cd89513e4194c2f5ff9dc52",4,"Development","8d703246-39e0-4ff5-aef9-ec166f84d182","JG7 UX7",186,"2019-05-12 11:49:47","WindowsPlayer",NA,11,"TaskEvent",0,"0.11.235",-13.7106914520264,63.1652717590332,20.976598739624,0.876306712627411,0.481753766536713,0,"History of WAT247,Find Toppo's Posters,Crash Diagnostics - Mountains,U3 - Crash Side Quest P3,Construct a Distillery at the Factory","50,watershed;49,poster1;49,poster6;46,jasper;40,Find the supplies crate;35,setup third","U5_Largemart_Factory,U5_Largemart_Factory_Quests","0.11.235","TaskCompleteEvent",88,"Check the Seaside Humidity",NA
"2951","5cd89513e4194c2f5ff9dc53",4,"Development","8d703246-39e0-4ff5-aef9-ec166f84d182","JG7 UX7",186,"2019-05-12 11:49:47","WindowsPlayer",NA,11,"TaskEvent",0,"0.11.235",-13.7106914520264,63.1652717590332,20.976598739624,0.876306712627411,0.481753766536713,0,"History of WAT247,Find Toppo's Posters,Crash Diagnostics - Mountains,U3 - Crash Side Quest P3,Construct a Distillery at the Factory","50,watershed;49,poster1;49,poster6;46,jasper;40,Find the supplies crate;35,setup third;35,setup fourth","U5_Largemart_Factory,U5_Largemart_Factory_Quests","0.11.235","TaskProgressEvent",88,"Check the Factory Humidity",1
"2952","5cd89514e4194c2f5ff9dc5d",4,"Development","8d703246-39e0-4ff5-aef9-ec166f84d182","JG7 UX7",186,"2019-05-12 11:49:47","WindowsPlayer",NA,11,"TaskEvent",0,"0.11.235",-13.7106914520264,63.1652717590332,20.976598739624,0.876306712627411,0.481753766536713,0,"History of WAT247,Find Toppo's Posters,Crash Diagnostics - Mountains,U3 - Crash Side Quest P3,Construct a Distillery at the Factory","50,watershed;49,poster1;49,poster6;46,jasper;40,Find the supplies crate;35,setup third","U5_Largemart_Factory,U5_Largemart_Factory_Quests","0.11.235","TaskCompleteEvent",88,"Check the Factory Humidity",NA
"2953","5cd89540e4194c2f5ff9dd05",4,"Development","8d703246-39e0-4ff5-aef9-ec166f84d182","JG7 UX7",186,"2019-05-12 11:50:54","WindowsPlayer",NA,11,"TaskEvent",0,"0.11.235",-44.3089332580566,56.7010383605957,24.972599029541,-0.89802759885788,-0.439939379692078,0,"History of WAT247,Find Toppo's Posters,Crash Diagnostics - Mountains,U3 - Crash Side Quest P3,Construct a Distillery at the Factory","50,watershed;49,poster1;49,poster6;46,jasper;40,Find the supplies crate;35,setup fourth","U5_Largemart_Factory,U5_Largemart_Factory_Quests","0.11.235","TaskActiveEvent",88,"Check the Cave Humidity",NA
"2954","5cd89540e4194c2f5ff9dd06",4,"Development","8d703246-39e0-4ff5-aef9-ec166f84d182","JG7 UX7",186,"2019-05-12 11:50:54","WindowsPlayer",NA,11,"TaskEvent",0,"0.11.235",-44.3089332580566,56.7010383605957,24.972599029541,-0.89802759885788,-0.439939379692078,0,"History of WAT247,Find Toppo's Posters,Crash Diagnostics - Mountains,U3 - Crash Side Quest P3,Construct a Distillery at the Factory,Back at the Base","50,watershed;49,poster1;49,poster6;46,jasper;40,Find the supplies crate","U5_Largemart_Factory,U5_Largemart_Factory_Quests","0.11.235","TaskActiveEvent",62,"Find the Black Box",NA
"2955","5cd89541e4194c2f5ff9dd13",4,"Development","8d703246-39e0-4ff5-aef9-ec166f84d182","JG7 UX7",186,"2019-05-12 11:50:54","WindowsPlayer",NA,11,"TaskEvent",0,"0.11.235",-44.3089332580566,56.7010383605957,24.972599029541,-0.89802759885788,-0.439939379692078,0,"History of WAT247,Find Toppo's Posters,Crash Diagnostics - Mountains,U3 - Crash Side Quest P3,Back at the Base","50,watershed;49,poster1;49,poster6;46,jasper;40,Find the supplies crate;69,Go to Sleep","U5_Largemart_Factory,U5_Largemart_Factory_Quests","0.11.235","TaskCompleteEvent",62,"Find the Black Box",NA
"2956","5cd89594e4194c2f5ff9de0b",4,"Development","8d703246-39e0-4ff5-aef9-ec166f84d182","JG7 UX7",186,"2019-05-12 11:52:10","WindowsPlayer",NA,11,"TaskEvent",0,"0.11.235",5.37142705917358,-6.65329599380493,0.981975138187408,0.935019016265869,0.354597866535187,0,"History of WAT247,Find Toppo's Posters,Crash Diagnostics - Mountains,U3 - Crash Side Quest P3,Back at the Base","50,watershed;49,poster1;49,poster6;46,jasper;40,Find the supplies crate;69,Go to Sleep","PB_PlayerRoom","0.11.235","TaskProgressEvent",62,"Find the Black Box",1
"2957","5cd89594e4194c2f5ff9de0c",4,"Development","8d703246-39e0-4ff5-aef9-ec166f84d182","JG7 UX7",186,"2019-05-12 11:52:10","WindowsPlayer",NA,11,"TaskEvent",0,"0.11.235",5.37142705917358,-6.65329599380493,0.981975138187408,0.935019016265869,0.354597866535187,0,"History of WAT247,Find Toppo's Posters,Crash Diagnostics - Mountains,U3 - Crash Side Quest P3","50,watershed;49,poster1;49,poster6;46,jasper;40,Find the supplies crate","PB_PlayerRoom","0.11.235","TaskProgressEvent",88,"Check the Base Humidity",1
"2958","5cd89594e4194c2f5ff9de11",4,"Development","8d703246-39e0-4ff5-aef9-ec166f84d182","JG7 UX7",186,"2019-05-12 11:52:12","WindowsPlayer",NA,11,"TaskEvent",0,"0.11.235",5.37142705917358,-6.65329599380493,0.981975138187408,0.289552867412567,0.957162022590637,0,"History of WAT247,Find Toppo's Posters,Crash Diagnostics - Mountains,U3 - Crash Side Quest P3,Check in with Toppo","50,watershed;49,poster1;49,poster6;46,jasper;40,Find the supplies crate","PB_PlayerRoom","0.11.235","TaskActiveEvent",89,"Update the Team",NA
"2959","5cd895b8e4194c2f5ff9de51",4,"Development","8d703246-39e0-4ff5-aef9-ec166f84d182","JG7 UX7",186,"2019-05-12 11:52:55","WindowsPlayer",NA,11,"TaskEvent",0,"0.11.235",-57.2829399108887,-158.410568237305,59.2587089538574,-0.148357808589935,0.988933742046356,0,"History of WAT247,Find Toppo's Posters,Crash Diagnostics - Mountains,U3 - Crash Side Quest P3,Check in with Toppo","50,watershed;49,poster1;49,poster6;46,jasper;40,Find the supplies crate;63,Leave your house","Player_Base","0.11.235","TaskCompleteEvent",88,"Check the Base Humidity",NA
"2960","5cd895b8e4194c2f5ff9de52",4,"Development","8d703246-39e0-4ff5-aef9-ec166f84d182","JG7 UX7",186,"2019-05-12 11:52:55","WindowsPlayer",NA,11,"TaskEvent",0,"0.11.235",-57.2829399108887,-158.410568237305,59.2587089538574,-0.148357808589935,0.988933742046356,0,"History of WAT247,Find Toppo's Posters,Crash Diagnostics - Mountains,U3 - Crash Side Quest P3,Check in with Toppo","50,watershed;49,poster1;49,poster6;46,jasper;40,Find the supplies crate;63,Leave your house","Player_Base","0.11.235","TaskProgressEvent",89,"Update the Team",1
"2961","5cd895b8e4194c2f5ff9de53",4,"Development","8d703246-39e0-4ff5-aef9-ec166f84d182","JG7 UX7",186,"2019-05-12 11:52:55","WindowsPlayer",NA,11,"TaskEvent",0,"0.11.235",-57.2829399108887,-158.410568237305,59.2587089538574,-0.148357808589935,0.988933742046356,0,"History of WAT247,Find Toppo's Posters,Crash Diagnostics - Mountains,U3 - Crash Side Quest P3,Check in with Toppo","50,watershed;49,poster1;49,poster6;46,jasper;40,Find the supplies crate;63,Leave your house;63,Talk with Toppo","Player_Base","0.11.235","TaskActiveEvent",89,"Sort this Out",NA
"2962","5cd8964ee4194c2f5ff9e09e",4,"Development","8d703246-39e0-4ff5-aef9-ec166f84d182","JG7 UX7",186,"2019-05-12 11:55:23","WindowsPlayer",NA,11,"TaskEvent",0,"0.11.235",-69.1652679443359,-108.172744750977,58.9669380187988,-0.457590937614441,0.889162838459015,0,"History of WAT247,Find Toppo's Posters,Crash Diagnostics - Mountains,U3 - Crash Side Quest P3,Check in with Toppo","50,watershed;49,poster1;49,poster6;46,jasper;40,Find the supplies crate;63,Talk with Toppo","Player_Base","0.11.235","TaskCompleteEvent",89,"Update the Team",NA
"2963","5cd8964ee4194c2f5ff9e0a0",4,"Development","8d703246-39e0-4ff5-aef9-ec166f84d182","JG7 UX7",186,"2019-05-12 11:55:23","WindowsPlayer",NA,11,"TaskEvent",0,"0.11.235",-69.1652679443359,-108.172744750977,58.9669380187988,-0.457590937614441,0.889162838459015,0,"History of WAT247,Find Toppo's Posters,Crash Diagnostics - Mountains,U3 - Crash Side Quest P3,Investigate Sam's Water Shortage","50,watershed;49,poster1;49,poster6;46,jasper;40,Find the supplies crate;64,Check Sam's Garden","Player_Base","0.11.235","TaskCompleteEvent",89,"Sort this Out",NA
"2964","5cd8964ee4194c2f5ff9e0aa",4,"Development","8d703246-39e0-4ff5-aef9-ec166f84d182","JG7 UX7",186,"2019-05-12 11:55:23","WindowsPlayer",NA,11,"TaskEvent",0,"0.11.235",-69.1652679443359,-108.172744750977,58.9669380187988,-0.457590937614441,0.889162838459015,0,"History of WAT247,Find Toppo's Posters,Crash Diagnostics - Mountains,U3 - Crash Side Quest P3,Check in with Toppo,Investigate Sam's Water Shortage","50,watershed;49,poster1;49,poster6;46,jasper;40,Find the supplies crate","Player_Base","0.11.235","TaskProgressEvent",89,"Sort this Out",1
"2965","5cd89670e4194c2f5ff9e114",4,"Development","8d703246-39e0-4ff5-aef9-ec166f84d182","JG7 UX7",186,"2019-05-12 11:33:35","WindowsPlayer",NA,11,"TaskEvent",0,"0.11.235",101.016136169434,-24.5772399902344,3.97000002861023,-0.481751680374146,-0.876307845115662,0,"History of WAT247,Find Toppo's Posters,Crash Diagnostics - Mountains,U3 - Crash Side Quest P3,Explore the Alien Seaside Facility","50,watershed;49,poster1;49,poster5;49,poster6;46,jasper;40,Find the supplies crate;36,Transport Water","U5_Dungeon","0.11.235","TaskActiveEvent",89,"Counter Him Cadet",NA
"2966","5cd89670e4194c2f5ff9e115",4,"Development","8d703246-39e0-4ff5-aef9-ec166f84d182","JG7 UX7",186,"2019-05-12 11:33:35","WindowsPlayer",NA,11,"TaskEvent",0,"0.11.235",101.016136169434,-24.5772399902344,3.97000002861023,-0.481751680374146,-0.876307845115662,0,"History of WAT247,Find Toppo's Posters,Crash Diagnostics - Mountains,U3 - Crash Side Quest P3,Explore the Alien Seaside Facility","50,watershed;49,poster1;49,poster5;49,poster6;46,jasper;40,Find the supplies crate;36,Transport Water","U5_Dungeon","0.11.235","TaskCompleteEvent",88,"Check the Cave Humidity",NA
"2967","5cd89670e4194c2f5ff9e11b",4,"Development","8d703246-39e0-4ff5-aef9-ec166f84d182","JG7 UX7",186,"2019-05-12 11:33:35","WindowsPlayer",NA,11,"TaskEvent",0,"0.11.235",101.016136169434,-24.5772399902344,3.97000002861023,-0.481751680374146,-0.876307845115662,0,"History of WAT247,Find Toppo's Posters,Crash Diagnostics - Mountains,U3 - Crash Side Quest P3,Explore the Alien Seaside Facility","50,watershed;49,poster1;49,poster5;49,poster6;46,jasper;40,Find the supplies crate;36,Transport Water;36,Start Fountain","U5_Dungeon","0.11.235","TaskProgressEvent",88,"Check the Cave Humidity",1
"2968","5cd896c1e4194c2f5ff9e25a",4,"Development","8d703246-39e0-4ff5-aef9-ec166f84d182","JG7 UX7",186,"2019-05-12 11:57:16","WindowsPlayer",NA,11,"TaskEvent",0,"0.11.235",96.3926391601562,592.364685058594,55.775463104248,0.955860316753387,-0.293820977210999,0,"History of WAT247,Find Toppo's Posters,Crash Diagnostics - Mountains,U3 - Crash Side Quest P3,Investigate Sam's Water Shortage","50,watershed;49,poster1;49,poster6;46,jasper;40,Find the supplies crate;64,Measure the East River Levels","U3,U3_Collectibles,U3_Quests,U3_RiverSpline","0.11.235","TaskActiveEvent",88,"Check the Base Humidity",NA
"2969","5cd896c1e4194c2f5ff9e25b",4,"Development","8d703246-39e0-4ff5-aef9-ec166f84d182","JG7 UX7",186,"2019-05-12 11:57:16","WindowsPlayer",NA,11,"TaskEvent",0,"0.11.235",96.3926391601562,592.364685058594,55.775463104248,0.955860316753387,-0.293820977210999,0,"History of WAT247,Find Toppo's Posters,Crash Diagnostics - Mountains,U3 - Crash Side Quest P3,Investigate Sam's Water Shortage","50,watershed;49,poster1;49,poster6;46,jasper;40,Find the supplies crate;64,Measure the East River Levels","U3,U3_Collectibles,U3_Quests,U3_RiverSpline","0.11.235","TaskActiveEvent",89,"Is the Water Missing?",NA
"2970","5cd896c1e4194c2f5ff9e266",4,"Development","8d703246-39e0-4ff5-aef9-ec166f84d182","JG7 UX7",186,"2019-05-12 11:57:16","WindowsPlayer",NA,11,"TaskEvent",0,"0.11.235",96.3926391601562,592.364685058594,55.775463104248,0.955860316753387,-0.293820977210999,0,"History of WAT247,Find Toppo's Posters,Crash Diagnostics - Mountains,U3 - Crash Side Quest P3,Investigate Sam's Water Shortage","50,watershed;49,poster1;49,poster6;46,jasper;40,Find the supplies crate;64,Measure the East River Levels;64,Measure the West River Levels","U3,U3_Collectibles,U3_Quests,U3_RiverSpline","0.11.235","TaskProgressEvent",89,"Counter Him Cadet",1
"2971","5cd89720e4194c2f5ff9e40c",4,"Development","8d703246-39e0-4ff5-aef9-ec166f84d182","JG7 UX7",186,"2019-05-12 11:58:49","WindowsPlayer",NA,11,"TaskEvent",0,"0.11.235",-386.745880126953,635.636169433594,56.0205192565918,-0.995905220508575,0.0904048681259155,0,"History of WAT247,Find Toppo's Posters,Crash Diagnostics - Mountains,U3 - Crash Side Quest P3,Investigate Sam's Water Shortage","50,watershed;49,poster1;49,poster6;46,jasper;40,Find the supplies crate;64,Measure the West River Levels","U3,U3_Collectibles,U3_Quests,U3_RiverSpline","0.11.235","TaskCompleteEvent",89,"Counter Him Cadet",NA
"2972","5cd89720e4194c2f5ff9e40e",4,"Development","8d703246-39e0-4ff5-aef9-ec166f84d182","JG7 UX7",186,"2019-05-12 11:58:49","WindowsPlayer",NA,11,"TaskEvent",0,"0.11.235",-386.745880126953,635.636169433594,56.0205192565918,-0.995905220508575,0.0904048681259155,0,"History of WAT247,Find Toppo's Posters,Crash Diagnostics - Mountains,U3 - Crash Side Quest P3,Investigate Anderson's Water Shortage","50,watershed;49,poster1;49,poster6;46,jasper;40,Find the supplies crate;65,Check Anderson's Water Supply","U3,U3_Collectibles,U3_Quests,U3_RiverSpline","0.11.235","TaskCompleteEvent",32,"pan",NA
"2973","5cd89720e4194c2f5ff9e416",4,"Development","8d703246-39e0-4ff5-aef9-ec166f84d182","JG7 UX7",186,"2019-05-12 11:58:49","WindowsPlayer",NA,11,"TaskEvent",0,"0.11.235",-386.745880126953,635.636169433594,56.0205192565918,-0.995905220508575,0.0904048681259155,0,"History of WAT247,Find Toppo's Posters,Crash Diagnostics - Mountains,U3 - Crash Side Quest P3,Investigate Sam's Water Shortage,Investigate Anderson's Water Shortage","50,watershed;49,poster1;49,poster6;46,jasper;40,Find the supplies crate","U3,U3_Collectibles,U3_Quests,U3_RiverSpline","0.11.235","TaskActiveEvent",32,"fill pan",NA
"2974","5cd89773e4194c2f5ff9e52d",4,"Development","8d703246-39e0-4ff5-aef9-ec166f84d182","JG7 UX7",186,"2019-05-12 12:00:18","WindowsPlayer",NA,11,"TaskEvent",0,"0.11.235",-530.144897460938,766.531372070312,49.6857299804688,0.619105041027069,0.785197257995605,0.0132022611796856,"History of WAT247,Find Toppo's Posters,Crash Diagnostics - Mountains,U3 - Crash Side Quest P3,Investigate Anderson's Water Shortage","50,watershed;49,poster1;49,poster6;46,jasper;40,Find the supplies crate;65,Check Anderson's Water Supply","U4,U4_Collectibles,U4_Quests,U4_MilitaryBase","0.11.235","TaskProgressEvent",32,"pan",1
"2975","5cd89773e4194c2f5ff9e52e",4,"Development","8d703246-39e0-4ff5-aef9-ec166f84d182","JG7 UX7",186,"2019-05-12 12:00:18","WindowsPlayer",NA,11,"TaskEvent",0,"0.11.235",-530.144897460938,766.531372070312,49.6857299804688,0.619105041027069,0.785197257995605,0.0132022611796856,"History of WAT247,Find Toppo's Posters,Crash Diagnostics - Mountains,U3 - Crash Side Quest P3,Investigate Anderson's Water Shortage","50,watershed;49,poster1;49,poster6;46,jasper;40,Find the supplies crate;65,Check Anderson's Water Supply;65,Check the Bunker Water Table","U4,U4_Collectibles,U4_Quests,U4_MilitaryBase","0.11.235","TaskProgressEvent",36,"Evaporate Water",1
"2976","5cd89773e4194c2f5ff9e52f",4,"Development","8d703246-39e0-4ff5-aef9-ec166f84d182","JG7 UX7",186,"2019-05-12 12:00:18","WindowsPlayer",NA,11,"TaskEvent",0,"0.11.235",-530.144897460938,766.531372070312,49.6857299804688,0.619105041027069,0.785197257995605,0.0132022611796856,"History of WAT247,Find Toppo's Posters,Crash Diagnostics - Mountains,U3 - Crash Side Quest P3,Investigate Anderson's Water Shortage","50,watershed;49,poster1;49,poster6;46,jasper;40,Find the supplies crate;65,Check Anderson's Water Supply","U4,U4_Collectibles,U4_Quests,U4_MilitaryBase","0.11.235","TaskActiveEvent",36,"Transport Water",NA
"2977","5cd897b9e4194c2f5ff9e63c",4,"Development","8d703246-39e0-4ff5-aef9-ec166f84d182","JG7 UX7",186,"2019-05-12 11:56:36","WindowsPlayer",NA,11,"TaskEvent",0,"0.11.235",-11.3033037185669,625.079040527344,55.9760322570801,0.874508261680603,0.48501056432724,0,"History of WAT247,Find Toppo's Posters,Crash Diagnostics - Mountains,U3 - Crash Side Quest P3,Investigate Sam's Water Shortage","50,watershed;49,poster1;49,poster6;46,jasper;40,Find the supplies crate;64,Check Sam's Garden","U3,U3_Collectibles,U3_Quests,U3_RiverSpline","0.11.235","TaskCompleteEvent",36,"Evaporate Water",NA
"2978","5cd897b9e4194c2f5ff9e645",4,"Development","8d703246-39e0-4ff5-aef9-ec166f84d182","JG7 UX7",186,"2019-05-12 11:56:36","WindowsPlayer",NA,11,"TaskEvent",0,"0.11.235",-11.3033037185669,625.079040527344,55.9760322570801,0.874508261680603,0.48501056432724,0,"History of WAT247,Find Toppo's Posters,Crash Diagnostics - Mountains,U3 - Crash Side Quest P3,Investigate Sam's Water Shortage","50,watershed;49,poster1;49,poster6;46,jasper;40,Find the supplies crate;64,Check Sam's Garden","U3,U3_Collectibles,U3_Quests,U3_RiverSpline","0.11.235","TaskProgressEvent",33,"Grab Canteen",1
"2979","5cd897b9e4194c2f5ff9e64d",4,"Development","8d703246-39e0-4ff5-aef9-ec166f84d182","JG7 UX7",186,"2019-05-12 11:56:36","WindowsPlayer",NA,11,"TaskEvent",0,"0.11.235",-11.3033037185669,625.079040527344,55.9760322570801,0.874508261680603,0.48501056432724,0,"History of WAT247,Find Toppo's Posters,Crash Diagnostics - Mountains,U3 - Crash Side Quest P3,Investigate Sam's Water Shortage","50,watershed;49,poster1;49,poster6;46,jasper;40,Find the supplies crate;64,Check Sam's Garden;64,Measure the East River Levels","U3,U3_Collectibles,U3_Quests,U3_RiverSpline","0.11.235","TaskActiveEvent",33,"Condense Atmospheric Water",NA
"2980","5cd89827e4194c2f5ff9e7fe",4,"Development","8d703246-39e0-4ff5-aef9-ec166f84d182","JG7 UX7",186,"2019-05-12 11:21:44","WindowsPlayer",NA,11,"TaskEvent",0,"0.11.235",-702.293395996094,30.7662792205811,-106.191352844238,0.586321353912354,-0.810078859329224,0,"History of WAT247,Find Toppo's Posters,Crash Diagnostics - Mountains,U3 - Crash Side Quest P3,LargeMart Island","50,watershed;50,energy;49,poster1;49,poster5;49,poster6;46,jasper;40,Find the supplies crate;29,unlock","U5_Cavern,U5_Cavern_Quests","0.11.235","TaskCompleteEvent",33,"Grab Canteen",NA
"2981","5cd89827e4194c2f5ff9e800",4,"Development","8d703246-39e0-4ff5-aef9-ec166f84d182","JG7 UX7",186,"2019-05-12 11:21:44","WindowsPlayer",NA,11,"TaskEvent",0,"0.11.235",-702.293395996094,30.7662792205811,-106.191352844238,0.586321353912354,-0.810078859329224,0,"History of WAT247,Find Toppo's Posters,Crash Diagnostics - Mountains,U3 - Crash Side Quest P3,LargeMart Island,Explore the Alien Seaside Facility","50,watershed;50,energy;49,poster1;49,poster5;49,poster6;46,jasper;40,Find the supplies crate","U5_Cavern,U5_Cavern_Quests","0.11.235","TaskActiveEvent",36,"Condense Humidity",NA
"2982","5cd89827e4194c2f5ff9e805",4,"Development","8d703246-39e0-4ff5-aef9-ec166f84d182","JG7 UX7",186,"2019-05-12 11:21:44","WindowsPlayer",NA,11,"TaskEvent",0,"0.11.235",-702.293395996094,30.7662792205811,-106.191352844238,0.586321353912354,-0.810078859329224,0,"History of WAT247,Find Toppo's Posters,Crash Diagnostics - Mountains,U3 - Crash Side Quest P3,Explore the Alien Seaside Facility","50,watershed;50,energy;49,poster1;49,poster5;49,poster6;46,jasper;40,Find the supplies crate;36,Reach Seaside","U5_Cavern,U5_Cavern_Quests","0.11.235","TaskCompleteEvent",36,"Reach Seaside",NA
"2983","5cd898bbe4194c2f5ff9ea33",4,"Development","8d703246-39e0-4ff5-aef9-ec166f84d182","JG7 UX7",186,"2019-05-12 12:05:46","WindowsPlayer",NA,11,"TaskEvent",0,"0.11.235",-209.458541870117,205.212799072266,51.7607383728027,0.645457684993744,0.763796031475067,0,"History of WAT247,Find Toppo's Posters,Crash Diagnostics - Mountains,U3 - Crash Side Quest P3,Investigate the Water Shortage","50,watershed;49,poster1;49,poster6;46,jasper;40,Find the supplies crate;88,Check the Seaside Humidity","U5,U5_Quests","0.11.235","TaskProgressEvent",36,"Reach Seaside",1
"2984","5cd898bce4194c2f5ff9ea3f",4,"Development","8d703246-39e0-4ff5-aef9-ec166f84d182","JG7 UX7",186,"2019-05-12 12:05:46","WindowsPlayer",NA,11,"TaskEvent",0,"0.11.235",-209.458541870117,205.212799072266,51.7607383728027,0.645457684993744,0.763796031475067,0,"History of WAT247,Find Toppo's Posters,Crash Diagnostics - Mountains,U3 - Crash Side Quest P3,Investigate the Water Shortage","50,watershed;49,poster1;49,poster6;46,jasper;40,Find the supplies crate;88,Check the Seaside Humidity","U5,U5_Quests","0.11.235","TaskCompleteEvent",66,"Follow Jasper",NA
"2985","5cd898bce4194c2f5ff9ea40",4,"Development","8d703246-39e0-4ff5-aef9-ec166f84d182","JG7 UX7",186,"2019-05-12 12:05:46","WindowsPlayer",NA,11,"TaskEvent",0,"0.11.235",-209.458541870117,205.212799072266,51.7607383728027,0.645457684993744,0.763796031475067,0,"History of WAT247,Find Toppo's Posters,Crash Diagnostics - Mountains,U3 - Crash Side Quest P3,Investigate the Water Shortage","50,watershed;49,poster1;49,poster6;46,jasper;40,Find the supplies crate;88,Check the Seaside Humidity;88,Check the Factory Humidity","U5,U5_Quests","0.11.235","TaskProgressEvent",66,"Follow Jasper",1
"2986","5cd898e8e4194c2f5ff9eaed",4,"Development","8d703246-39e0-4ff5-aef9-ec166f84d182","JG7 UX7",186,"2019-05-12 12:06:28","WindowsPlayer",NA,11,"TaskEvent",0,"0.11.235",82.4643707275391,60.9324951171875,106.760375976562,-0.751263856887817,0.660001993179321,0,"History of WAT247,Find Toppo's Posters,Crash Diagnostics - Mountains,U3 - Crash Side Quest P3,Investigate the Water Shortage","50,watershed;49,poster1;49,poster6;46,jasper;40,Find the supplies crate;88,Check the Factory Humidity","U5,U5_Quests","0.11.235","TaskActiveEvent",66,"Gain Entrance to the New Ruins",NA
"2987","5cd898e8e4194c2f5ff9eaee",4,"Development","8d703246-39e0-4ff5-aef9-ec166f84d182","JG7 UX7",186,"2019-05-12 12:06:28","WindowsPlayer",NA,11,"TaskEvent",0,"0.11.235",82.4643707275391,60.9324951171875,106.760375976562,-0.751263856887817,0.660001993179321,0,"History of WAT247,Find Toppo's Posters,Crash Diagnostics - Mountains,U3 - Crash Side Quest P3,Investigate the Water Shortage","50,watershed;49,poster1;49,poster6;46,jasper;40,Find the supplies crate;88,Check the Factory Humidity;88,Check the Cave Humidity","U5,U5_Quests","0.11.235","TaskProgressEvent",50,"watershed",1
"2988","5cd898e8e4194c2f5ff9eaf5",4,"Development","8d703246-39e0-4ff5-aef9-ec166f84d182","JG7 UX7",186,"2019-05-12 12:06:28","WindowsPlayer",NA,11,"TaskEvent",0,"0.11.235",82.4643707275391,60.9324951171875,106.760375976562,-0.751263856887817,0.660001993179321,0,"History of WAT247,Find Toppo's Posters,Crash Diagnostics - Mountains,U3 - Crash Side Quest P3,Investigate the Water Shortage","50,watershed;49,poster1;49,poster6;46,jasper;40,Find the supplies crate;88,Check the Factory Humidity","U5,U5_Quests","0.11.235","TaskCompleteEvent",50,"watershed",NA
"2989","5cd89952e4194c2f5ff9ec75",4,"Development","8d703246-39e0-4ff5-aef9-ec166f84d182","JG7 UX7",186,"2019-05-12 12:08:03","WindowsPlayer",NA,11,"TaskEvent",0,"0.11.235",-204.629089355469,17.1664943695068,69.1206741333008,-0.985407948493958,-0.170209050178528,0,"History of WAT247,Find Toppo's Posters,Crash Diagnostics - Mountains,U3 - Crash Side Quest P3,Investigate the Water Shortage,U5 - Crash Diagnostics P7","50,watershed;49,poster1;49,poster6;46,jasper;40,Find the supplies crate;88,Check the Cave Humidity","U5,U5_Quests","0.11.235","TaskProgressEvent",65,"Check the Bunker Water Table",1
"2990","5cd899b9e4194c2f5ff9edf4",4,"Development","8d703246-39e0-4ff5-aef9-ec166f84d182","JG7 UX7",186,"2019-05-12 12:09:50","WindowsPlayer",NA,11,"TaskEvent",0,"0.11.235",-153.064147949219,-86.2934188842773,96.6872253417969,-0.1357152312994,-0.990747928619385,0,"History of WAT247,Find Toppo's Posters,Crash Diagnostics - Mountains,U3 - Crash Side Quest P3,Investigate the Water Shortage,U5 - Crash Diagnostics P7","50,watershed;49,poster1;49,poster6;46,jasper;40,Find the supplies crate;62,Find the Black Box;88,Check the Base Humidity","U5,U5_Quests","0.11.235","TaskActiveEvent",65,"Check the Ruins Water Table",NA
"2991","5cd899b9e4194c2f5ff9edf9",4,"Development","8d703246-39e0-4ff5-aef9-ec166f84d182","JG7 UX7",186,"2019-05-12 12:09:50","WindowsPlayer",NA,11,"TaskEvent",0,"0.11.235",-153.064147949219,-86.2934188842773,96.6872253417969,-0.1357152312994,-0.990747928619385,0,"History of WAT247,Find Toppo's Posters,Crash Diagnostics - Mountains,U3 - Crash Side Quest P3,Investigate the Water Shortage,U5 - Crash Diagnostics P7","50,watershed;49,poster1;49,poster6;46,jasper;40,Find the supplies crate;62,Find the Black Box;88,Check the Base Humidity","U5,U5_Quests","0.11.235","TaskCompleteEvent",65,"Check the Bunker Water Table",NA
"2992","5cd899e5e4194c2f5ff9ee73",4,"Development","8d703246-39e0-4ff5-aef9-ec166f84d182","JG7 UX7",186,"2019-05-12 12:10:40","WindowsPlayer",NA,11,"TaskEvent",0,"0.11.235",-78.4779663085938,-56.6988487243652,55.9760322570801,0.885393559932709,0.464842319488525,0,"History of WAT247,Find Toppo's Posters,Crash Diagnostics - Mountains,U3 - Crash Side Quest P3,U5 - Crash Diagnostics P7,Is Water Missing?","50,watershed;49,poster1;49,poster6;46,jasper;40,Find the supplies crate;89,Update the Team","Player_Base","0.11.235","TaskProgressEvent",66,"Gain Entrance to the New Ruins",1
"2993","5cd899e5e4194c2f5ff9ee78",4,"Development","8d703246-39e0-4ff5-aef9-ec166f84d182","JG7 UX7",186,"2019-05-12 12:10:40","WindowsPlayer",NA,11,"TaskEvent",0,"0.11.235",-78.4779663085938,-56.6988487243652,55.9760322570801,0.885393559932709,0.464842319488525,0,"History of WAT247,Find Toppo's Posters,Crash Diagnostics - Mountains,U3 - Crash Side Quest P3,Investigate the Water Shortage,U5 - Crash Diagnostics P7,Is Water Missing?","50,watershed;49,poster1;49,poster6;46,jasper;40,Find the supplies crate","Player_Base","0.11.235","TaskActiveEvent",66,"Complete the First Wing",NA
"2994","5cd899e5e4194c2f5ff9ee80",4,"Development","8d703246-39e0-4ff5-aef9-ec166f84d182","JG7 UX7",186,"2019-05-12 12:10:40","WindowsPlayer",NA,11,"TaskEvent",0,"0.11.235",-78.4779663085938,-56.6988487243652,55.9760322570801,0.885393559932709,0.464842319488525,0,"History of WAT247,Find Toppo's Posters,Crash Diagnostics - Mountains,U3 - Crash Side Quest P3,Investigate the Water Shortage,U5 - Crash Diagnostics P7","50,watershed;49,poster1;49,poster6;46,jasper;40,Find the supplies crate;88,Check the Base Humidity","Player_Base","0.11.235","TaskCompleteEvent",66,"Gain Entrance to the New Ruins",NA
"2995","5cd89a1ce4194c2f5ff9ef53",4,"Development","8d703246-39e0-4ff5-aef9-ec166f84d182","JG7 UX7",186,"2019-05-12 12:11:39","WindowsPlayer",NA,11,"TaskEvent",0,"0.11.235",-71.7920455932617,-98.2529830932617,58.9661598205566,0.127064973115921,-0.991894364356995,0,"History of WAT247,Find Toppo's Posters,Crash Diagnostics - Mountains,U3 - Crash Side Quest P3,U5 - Crash Diagnostics P7,Is Water Missing?","50,watershed;49,poster1;49,poster6;46,jasper;40,Find the supplies crate;89,Update the Team","Player_Base","0.11.235","TaskProgressEvent",66,"Complete the Second Wing",1
"2996","5cd89a1ce4194c2f5ff9ef54",4,"Development","8d703246-39e0-4ff5-aef9-ec166f84d182","JG7 UX7",186,"2019-05-12 12:11:39","WindowsPlayer",NA,11,"TaskEvent",0,"0.11.235",-71.7920455932617,-98.2529830932617,58.9661598205566,0.127064973115921,-0.991894364356995,0,"History of WAT247,Find Toppo's Posters,Crash Diagnostics - Mountains,U3 - Crash Side Quest P3,U5 - Crash Diagnostics P7,Is Water Missing?","50,watershed;49,poster1;49,poster6;46,jasper;40,Find the supplies crate;89,Update the Team","Player_Base","0.11.235","TaskActiveEvent",66,"Complete the Third Wing",NA
"2997","5cd89a1ce4194c2f5ff9ef56",4,"Development","8d703246-39e0-4ff5-aef9-ec166f84d182","JG7 UX7",186,"2019-05-12 12:11:39","WindowsPlayer",NA,11,"TaskEvent",0,"0.11.235",-71.7920455932617,-98.2529830932617,58.9661598205566,0.127064973115921,-0.991894364356995,0,"History of WAT247,Find Toppo's Posters,Crash Diagnostics - Mountains,U3 - Crash Side Quest P3,U5 - Crash Diagnostics P7,Is Water Missing?","50,watershed;49,poster1;49,poster6;46,jasper;40,Find the supplies crate;89,Update the Team;89,Sort this Out","Player_Base","0.11.235","TaskCompleteEvent",66,"Complete the Second Wing",NA
"2998","5cd89aa3e4194c2f5ff9f174",4,"Development","8d703246-39e0-4ff5-aef9-ec166f84d182","JG7 UX7",186,"2019-05-12 12:13:54","WindowsPlayer",NA,11,"TaskEvent",0,"0.11.235",-71.7920455932617,-98.2529830932617,58.9661598205566,0.127064973115921,-0.991894364356995,0,"History of WAT247,Find Toppo's Posters,Crash Diagnostics - Mountains,U3 - Crash Side Quest P3,U5 - Crash Diagnostics P7,Is Water Missing?","50,watershed;49,poster1;49,poster6;46,jasper;40,Find the supplies crate;89,Sort this Out;89,Counter Him Cadet","Player_Base","0.11.235","TaskActiveEvent",90,"Enter the Alien Base",NA
"2999","5cd89aa3e4194c2f5ff9f178",4,"Development","8d703246-39e0-4ff5-aef9-ec166f84d182","JG7 UX7",186,"2019-05-12 12:13:54","WindowsPlayer",NA,11,"TaskEvent",0,"0.11.235",-71.7920455932617,-98.2529830932617,58.9661598205566,0.127064973115921,-0.991894364356995,0,"History of WAT247,Find Toppo's Posters,Crash Diagnostics - Mountains,U3 - Crash Side Quest P3,U5 - Crash Diagnostics P7,Is Water Missing?","50,watershed;49,poster1;49,poster6;46,jasper;40,Find the supplies crate;89,Sort this Out","Player_Base","0.11.235","TaskCompleteEvent",66,"Enter the Alien Teleporter",NA
"3000","5cd89aa4e4194c2f5ff9f182",4,"Development","8d703246-39e0-4ff5-aef9-ec166f84d182","JG7 UX7",186,"2019-05-12 12:13:54","WindowsPlayer",NA,11,"TaskEvent",0,"0.11.235",-71.7920455932617,-98.2529830932617,58.9661598205566,0.127064973115921,-0.991894364356995,0,"History of WAT247,Find Toppo's Posters,Crash Diagnostics - Mountains,U3 - Crash Side Quest P3,U5 - Crash Diagnostics P7,Is Water Missing?","50,watershed;49,poster1;49,poster6;46,jasper;40,Find the supplies crate;89,Sort this Out","Player_Base","0.11.235","TaskProgressEvent",66,"Enter the Alien Teleporter",1
"3001","5cd89adfe4194c2f5ff9f276",4,"Development","8d703246-39e0-4ff5-aef9-ec166f84d182","JG7 UX7",186,"2019-05-12 12:08:38","WindowsPlayer",NA,11,"TaskEvent",0,"0.11.235",-643.667358398438,0.267625153064728,-107.270088195801,-0.903308153152466,0.428992331027985,0,"History of WAT247,Find Toppo's Posters,Crash Diagnostics - Mountains,U3 - Crash Side Quest P3,Investigate the Water Shortage,U5 - Crash Diagnostics P7","50,watershed;49,poster1;49,poster6;46,jasper;40,Find the supplies crate;88,Check the Cave Humidity;62,Find the Black Box;88,Check the Base Humidity","U5_Cavern,U5_Cavern_Quests","0.11.235","TaskActiveEvent",90,"Operate the Alien Console",NA
"3002","5cd89adfe4194c2f5ff9f278",4,"Development","8d703246-39e0-4ff5-aef9-ec166f84d182","JG7 UX7",186,"2019-05-12 12:08:38","WindowsPlayer",NA,11,"TaskEvent",0,"0.11.235",-643.667358398438,0.267625153064728,-107.270088195801,-0.903308153152466,0.428992331027985,0,"History of WAT247,Find Toppo's Posters,Crash Diagnostics - Mountains,U3 - Crash Side Quest P3,Investigate the Water Shortage,U5 - Crash Diagnostics P7","50,watershed;49,poster1;49,poster6;46,jasper;40,Find the supplies crate;88,Check the Cave Humidity;62,Find the Black Box","U5_Cavern,U5_Cavern_Quests","0.11.235","TaskProgressEvent",90,"Enter the Alien Base",1
"3003","5cd89ae0e4194c2f5ff9f279",4,"Development","8d703246-39e0-4ff5-aef9-ec166f84d182","JG7 UX7",186,"2019-05-12 12:08:38","WindowsPlayer",NA,11,"TaskEvent",0,"0.11.235",-643.667358398438,0.267625153064728,-107.270088195801,-0.903308153152466,0.428992331027985,0,"History of WAT247,Find Toppo's Posters,Crash Diagnostics - Mountains,U3 - Crash Side Quest P3,Investigate the Water Shortage,U5 - Crash Diagnostics P7","50,watershed;49,poster1;49,poster6;46,jasper;40,Find the supplies crate;88,Check the Cave Humidity;62,Find the Black Box","U5_Cavern,U5_Cavern_Quests","0.11.235","TaskCompleteEvent",90,"Enter the Alien Base",NA
"3004","5cd89ae9e4194c2f5ff9f298",4,"Development","8d703246-39e0-4ff5-aef9-ec166f84d182","JG7 UX7",186,"2019-05-12 12:15:00","WindowsPlayer",NA,11,"TaskEvent",0,"0.11.235",-71.7920455932617,-98.2529830932617,58.9661598205566,0.127064973115921,-0.991894364356995,0,"History of WAT247,Find Toppo's Posters,Crash Diagnostics - Mountains,U3 - Crash Side Quest P3,U5 - Crash Diagnostics P7,Is Water Missing?","50,watershed;49,poster1;49,poster6;46,jasper;40,Find the supplies crate;89,Counter Him Cadet","Player_Base","0.11.235","TaskCompleteEvent",90,"Operate the Alien Console",NA
"3005","5cd89ae9e4194c2f5ff9f29d",4,"Development","8d703246-39e0-4ff5-aef9-ec166f84d182","JG7 UX7",186,"2019-05-12 12:15:00","WindowsPlayer",NA,11,"TaskEvent",0,"0.11.235",-71.7920455932617,-98.2529830932617,58.9661598205566,0.127064973115921,-0.991894364356995,0,"History of WAT247,Find Toppo's Posters,Crash Diagnostics - Mountains,U3 - Crash Side Quest P3,U5 - Crash Diagnostics P7,Is Water Missing?","50,watershed;49,poster1;49,poster6;46,jasper;40,Find the supplies crate;89,Counter Him Cadet","Player_Base","0.11.235","TaskActiveEvent",67,"Reverse the Water",NA
"3006","5cd89aeae4194c2f5ff9f2a0",4,"Development","8d703246-39e0-4ff5-aef9-ec166f84d182","JG7 UX7",186,"2019-05-12 12:15:00","WindowsPlayer",NA,11,"TaskEvent",0,"0.11.235",-71.7920455932617,-98.2529830932617,58.9661598205566,0.127064973115921,-0.991894364356995,0,"History of WAT247,Find Toppo's Posters,Crash Diagnostics - Mountains,U3 - Crash Side Quest P3,U5 - Crash Diagnostics P7,Is Water Missing?","50,watershed;49,poster1;49,poster6;46,jasper;40,Find the supplies crate;89,Counter Him Cadet;89,Is the Water Missing?","Player_Base","0.11.235","TaskProgressEvent",90,"Operate the Alien Console",1
"3007","5cd89aeee4194c2f5ff9f2a6",4,"Development","8d703246-39e0-4ff5-aef9-ec166f84d182","JG7 UX7",186,"2019-05-12 11:40:17","WindowsPlayer",NA,11,"TaskEvent",0,"0.11.235",7.39674615859985,-6.56698894500732,1.92088758945465,0.986869335174561,-0.161521196365356,0,"History of WAT247,Find Toppo's Posters,Crash Diagnostics - Mountains,U3 - Crash Side Quest P3,Water Crisis!","50,watershed;49,poster1;49,poster5;49,poster6;46,jasper;40,Find the supplies crate;32,pan;32,fill pan","U5_Cave,U5_Cave_Quests,U5_Cave_Collectibles","0.11.235","TaskCompleteEvent",67,"Open the 3rd Blast Door",NA
"3008","5cd89aeee4194c2f5ff9f2b0",4,"Development","8d703246-39e0-4ff5-aef9-ec166f84d182","JG7 UX7",186,"2019-05-12 11:40:17","WindowsPlayer",NA,11,"TaskEvent",0,"0.11.235",7.39674615859985,-6.56698894500732,1.92088758945465,0.986869335174561,-0.161521196365356,0,"History of WAT247,Find Toppo's Posters,Crash Diagnostics - Mountains,U3 - Crash Side Quest P3,Water Crisis!","50,watershed;49,poster1;49,poster5;49,poster6;46,jasper;40,Find the supplies crate;32,pan","U5_Cave,U5_Cave_Quests,U5_Cave_Collectibles","0.11.235","TaskCompleteEvent",67,"Thaw the Ice",NA
"3009","5cd89aefe4194c2f5ff9f2b6",4,"Development","8d703246-39e0-4ff5-aef9-ec166f84d182","JG7 UX7",186,"2019-05-12 11:40:17","WindowsPlayer",NA,11,"TaskEvent",0,"0.11.235",7.39674615859985,-6.56698894500732,1.92088758945465,0.986869335174561,-0.161521196365356,0,"History of WAT247,Find Toppo's Posters,Crash Diagnostics - Mountains,U3 - Crash Side Quest P3,Water Crisis!","50,watershed;49,poster1;49,poster5;49,poster6;46,jasper;40,Find the supplies crate;32,pan","U5_Cave,U5_Cave_Quests,U5_Cave_Collectibles","0.11.235","TaskActiveEvent",67,"Thaw the Ice",NA
"3010","5cd89b20e4194c2f5ff9f378",4,"Development","8d703246-39e0-4ff5-aef9-ec166f84d182","JG7 UX7",186,"2019-05-12 11:25:24","WindowsPlayer",NA,11,"TaskEvent",0,"0.11.235",302.272247314453,26.4860153198242,3.98000001907349,0.376225054264069,-0.926528334617615,0,"History of WAT247,Find Toppo's Posters,Crash Diagnostics - Mountains,U3 - Crash Side Quest P3,Explore the Alien Seaside Facility","50,watershed;49,poster1;49,poster5;49,poster6;46,jasper;40,Find the supplies crate;36,Evaporate Water","U5_Dungeon","0.11.235","TaskProgressEvent",67,"Thaw the Ice",1
"3011","5cd89b20e4194c2f5ff9f37d",4,"Development","8d703246-39e0-4ff5-aef9-ec166f84d182","JG7 UX7",186,"2019-05-12 11:25:24","WindowsPlayer",NA,11,"TaskEvent",0,"0.11.235",302.272247314453,26.4860153198242,3.98000001907349,0.376225054264069,-0.926528334617615,0,"History of WAT247,Find Toppo's Posters,Crash Diagnostics - Mountains,U3 - Crash Side Quest P3,Explore the Alien Seaside Facility","50,watershed;49,poster1;49,poster5;49,poster6;46,jasper;40,Find the supplies crate;36,Evaporate Water","U5_Dungeon","0.11.235","TaskActiveEvent",67,"Open the 4th Blast Door",NA
"3012","5cd89b20e4194c2f5ff9f380",4,"Development","8d703246-39e0-4ff5-aef9-ec166f84d182","JG7 UX7",186,"2019-05-12 11:25:24","WindowsPlayer",NA,11,"TaskEvent",0,"0.11.235",302.272247314453,26.4860153198242,3.98000001907349,0.376225054264069,-0.926528334617615,0,"History of WAT247,Find Toppo's Posters,Crash Diagnostics - Mountains,U3 - Crash Side Quest P3,Explore the Alien Seaside Facility","50,watershed;49,poster1;49,poster5;49,poster6;46,jasper;40,Find the supplies crate;36,Evaporate Water;36,Transport Water","U5_Dungeon","0.11.235","TaskProgressEvent",67,"Open the 3rd Blast Door",1
"3013","5cd89b34e4194c2f5ff9f3c1",4,"Development","8d703246-39e0-4ff5-aef9-ec166f84d182","JG7 UX7",186,"2019-05-12 11:44:30","WindowsPlayer",NA,11,"TaskEvent",0,"0.11.235",-2.03502130508423,6.20067977905273,1.68412744998932,-0.513614058494568,0.858021378517151,0,"History of WAT247,Find Toppo's Posters,Crash Diagnostics - Mountains,U3 - Crash Side Quest P3,Convince Bill the Distillery will work","50,watershed;49,poster1;49,poster5;49,poster6;46,jasper;40,Find the supplies crate;33,Grab Canteen","U5_Cave,U5_Cave_Quests,U5_Cave_Collectibles","0.11.235","TaskCompleteEvent",67,"Reverse the Water",NA
"3014","5cd89b34e4194c2f5ff9f3c5",4,"Development","8d703246-39e0-4ff5-aef9-ec166f84d182","JG7 UX7",186,"2019-05-12 11:44:30","WindowsPlayer",NA,11,"TaskEvent",0,"0.11.235",-2.03502130508423,6.20067977905273,1.68412744998932,-0.513614058494568,0.858021378517151,0,"History of WAT247,Find Toppo's Posters,Crash Diagnostics - Mountains,U3 - Crash Side Quest P3,Convince Bill the Distillery will work","50,watershed;49,poster1;49,poster5;49,poster6;46,jasper;40,Find the supplies crate;33,Grab Canteen","U5_Cave,U5_Cave_Quests,U5_Cave_Collectibles","0.11.235","TaskProgressEvent",67,"Reverse the Water",1
"3015","5cd89b34e4194c2f5ff9f3cb",4,"Development","8d703246-39e0-4ff5-aef9-ec166f84d182","JG7 UX7",186,"2019-05-12 11:44:30","WindowsPlayer",NA,11,"TaskEvent",0,"0.11.235",-2.03502130508423,6.20067977905273,1.68412744998932,-0.513614058494568,0.858021378517151,0,"History of WAT247,Find Toppo's Posters,Crash Diagnostics - Mountains,U3 - Crash Side Quest P3,Convince Bill the Distillery will work","50,watershed;49,poster1;49,poster5;49,poster6;46,jasper;40,Find the supplies crate;33,Grab Canteen;33,Condense Atmospheric Water","U5_Cave,U5_Cave_Quests,U5_Cave_Collectibles","0.11.235","TaskActiveEvent",67,"Open the 2nd Blast Door",NA
"3016","5cd89ba3e4194c2f5ff9f582",4,"Development","8d703246-39e0-4ff5-aef9-ec166f84d182","JG7 UX7",186,"2019-05-12 11:24:05","WindowsPlayer",NA,11,"TaskEvent",0,"0.11.235",318.489807128906,-8.92125606536865,3.98000001907349,0.980955123901367,0.194234669208527,0,"History of WAT247,Find Toppo's Posters,Crash Diagnostics - Mountains,U3 - Crash Side Quest P3,Explore the Alien Seaside Facility","50,watershed;49,poster1;49,poster5;49,poster6;46,jasper;40,Find the supplies crate;36,Reach Seaside","U5_Dungeon","0.11.235","TaskProgressEvent",68,"Return to the Teleporter",1
"3017","5cd89ba3e4194c2f5ff9f583",4,"Development","8d703246-39e0-4ff5-aef9-ec166f84d182","JG7 UX7",186,"2019-05-12 11:24:05","WindowsPlayer",NA,11,"TaskEvent",0,"0.11.235",318.489807128906,-8.92125606536865,3.98000001907349,0.980955123901367,0.194234669208527,0,"History of WAT247,Find Toppo's Posters,Crash Diagnostics - Mountains,U3 - Crash Side Quest P3,Explore the Alien Seaside Facility","50,watershed;49,poster1;49,poster5;49,poster6;46,jasper;40,Find the supplies crate;36,Reach Seaside;36,Condense Humidity","U5_Dungeon","0.11.235","TaskActiveEvent",68,"Talk with Toppo",NA
"3018","5cd89ba3e4194c2f5ff9f58b",4,"Development","8d703246-39e0-4ff5-aef9-ec166f84d182","JG7 UX7",186,"2019-05-12 11:24:05","WindowsPlayer",NA,11,"TaskEvent",0,"0.11.235",318.489807128906,-8.92125606536865,3.98000001907349,0.980955123901367,0.194234669208527,0,"History of WAT247,Find Toppo's Posters,Crash Diagnostics - Mountains,U3 - Crash Side Quest P3,Explore the Alien Seaside Facility","50,watershed;49,poster1;49,poster5;49,poster6;46,jasper;40,Find the supplies crate;36,Reach Seaside","U5_Dungeon","0.11.235","TaskCompleteEvent",68,"Return to the Teleporter",NA
"3019","5cd89bece4194c2f5ff9f682",4,"Development","8d703246-39e0-4ff5-aef9-ec166f84d182","JG7 UX7",186,"2019-05-12 12:19:13","WindowsPlayer",NA,11,"TaskEvent",0,"0.11.235",-71.7920455932617,-98.2529830932617,58.9661598205566,0.330514788627625,-0.943801045417786,0,"History of WAT247,Find Toppo's Posters,Crash Diagnostics - Mountains,U3 - Crash Side Quest P3,U5 - Crash Diagnostics P7,Jasper's Discovery","50,watershed;49,poster1;49,poster6;46,jasper;40,Find the supplies crate;66,Follow Jasper;66,Gain Entrance to the New Ruins","Player_Base,U2","0.11.235","TaskCompleteEvent",67,"Open the 4th Blast Door",NA
"3020","5cd89bece4194c2f5ff9f689",4,"Development","8d703246-39e0-4ff5-aef9-ec166f84d182","JG7 UX7",186,"2019-05-12 12:19:13","WindowsPlayer",NA,11,"TaskEvent",0,"0.11.235",-71.7920455932617,-98.2529830932617,58.9661598205566,0.330514788627625,-0.943801045417786,0,"History of WAT247,Find Toppo's Posters,Crash Diagnostics - Mountains,U3 - Crash Side Quest P3,U5 - Crash Diagnostics P7,Jasper's Discovery","50,watershed;49,poster1;49,poster6;46,jasper;40,Find the supplies crate;66,Follow Jasper","Player_Base,U2","0.11.235","TaskActiveEvent",67,"Condense the Water",NA
"3021","5cd89bece4194c2f5ff9f68a",4,"Development","8d703246-39e0-4ff5-aef9-ec166f84d182","JG7 UX7",186,"2019-05-12 12:19:13","WindowsPlayer",NA,11,"TaskEvent",0,"0.11.235",-71.7920455932617,-98.2529830932617,58.9661598205566,0.330514788627625,-0.943801045417786,0,"History of WAT247,Find Toppo's Posters,Crash Diagnostics - Mountains,U3 - Crash Side Quest P3,U5 - Crash Diagnostics P7,Jasper's Discovery","50,watershed;49,poster1;49,poster6;46,jasper;40,Find the supplies crate;66,Follow Jasper","Player_Base,U2","0.11.235","TaskCompleteEvent",67,"Close the 4th Blast Door",NA
"3022","5cd89c23e4194c2f5ff9f766",4,"Development","8d703246-39e0-4ff5-aef9-ec166f84d182","JG7 UX7",186,"2019-05-12 12:20:09","WindowsPlayer",NA,11,"TaskEvent",0,"0.11.235",1118.90734863281,921.95556640625,140.453842163086,-0.899557650089264,0.43680214881897,0,"Find Toppo's Posters,Crash Diagnostics - Mountains,U3 - Crash Side Quest P3,U5 - Crash Diagnostics P7,Jasper's Discovery","49,poster1;49,poster6;46,jasper;40,Find the supplies crate;66,Gain Entrance to the New Ruins","U2,U2_Collectibles,U2_Quests","0.11.235","TaskProgressEvent",67,"Open the 4th Blast Door",1
"3023","5cd89c23e4194c2f5ff9f76a",4,"Development","8d703246-39e0-4ff5-aef9-ec166f84d182","JG7 UX7",186,"2019-05-12 12:20:09","WindowsPlayer",NA,11,"TaskEvent",0,"0.11.235",1118.90734863281,921.95556640625,140.453842163086,-0.899557650089264,0.43680214881897,0,"History of WAT247,Find Toppo's Posters,Crash Diagnostics - Mountains,U3 - Crash Side Quest P3,U5 - Crash Diagnostics P7,Jasper's Discovery","50,watershed;49,poster1;49,poster6;46,jasper;40,Find the supplies crate;66,Gain Entrance to the New Ruins","U2,U2_Collectibles,U2_Quests","0.11.235","TaskActiveEvent",67,"Close the 4th Blast Door",NA
"3024","5cd89ca0e4194c2f5ff9f959",4,"Development","8d703246-39e0-4ff5-aef9-ec166f84d182","JG7 UX7",186,"2019-05-12 12:01:31","WindowsPlayer",NA,11,"TaskEvent",0,"0.11.235",-558.353515625,-20.5570182800293,27.5987377166748,-0.220835939049721,-0.975299715995789,-0.00470926333218813,"History of WAT247,Find Toppo's Posters,Crash Diagnostics - Mountains,U3 - Crash Side Quest P3,Investigate Anderson's Water Shortage","50,watershed;49,poster1;49,poster6;46,jasper;40,Find the supplies crate;65,Check the Bunker Water Table","U4,U4_Collectibles,U4_Quests","0.11.235","TaskProgressEvent",67,"Close the 4th Blast Door",1
"3025","5cd89ca0e4194c2f5ff9f95a",4,"Development","8d703246-39e0-4ff5-aef9-ec166f84d182","JG7 UX7",186,"2019-05-12 12:01:31","WindowsPlayer",NA,11,"TaskEvent",0,"0.11.235",-558.353515625,-20.5570182800293,27.5987377166748,-0.220835939049721,-0.975299715995789,-0.00470926333218813,"History of WAT247,Find Toppo's Posters,Crash Diagnostics - Mountains,U3 - Crash Side Quest P3,Investigate Anderson's Water Shortage","50,watershed;49,poster1;49,poster6;46,jasper;40,Find the supplies crate;65,Check the Bunker Water Table","U4,U4_Collectibles,U4_Quests","0.11.235","TaskActiveEvent",67,"Re-open the 4th Blast Door",NA
"3026","5cd89ca0e4194c2f5ff9f95b",4,"Development","8d703246-39e0-4ff5-aef9-ec166f84d182","JG7 UX7",186,"2019-05-12 12:01:31","WindowsPlayer",NA,11,"TaskEvent",0,"0.11.235",-558.353515625,-20.5570182800293,27.5987377166748,-0.220835939049721,-0.975299715995789,-0.00470926333218813,"History of WAT247,Find Toppo's Posters,Crash Diagnostics - Mountains,U3 - Crash Side Quest P3,Investigate Anderson's Water Shortage","50,watershed;49,poster1;49,poster6;46,jasper;40,Find the supplies crate;65,Check the Bunker Water Table;65,Check the Ruins Water Table","U4,U4_Collectibles,U4_Quests","0.11.235","TaskCompleteEvent",67,"Condense the Water",NA
"3027","5cd89d06e4194c2f5ff9fadb",4,"Development","8d703246-39e0-4ff5-aef9-ec166f84d182","JG7 UX7",186,"2019-05-12 12:23:57","WindowsPlayer",NA,11,"TaskEvent",0,"0.11.235",1119.40979003906,928.603759765625,140.48762512207,-0.84712153673172,0.531399190425873,0,"Find Toppo's Posters,Crash Diagnostics - Mountains,U3 - Crash Side Quest P3,U5 - Crash Diagnostics P7,Jasper's Discovery","49,poster1;49,poster6;46,jasper;40,Find the supplies crate;66,Gain Entrance to the New Ruins","U2,U2_Collectibles,U2_Quests","0.11.235","TaskCompleteEvent",67,"Re-open the 4th Blast Door",NA
"3028","5cd89d06e4194c2f5ff9fae0",4,"Development","8d703246-39e0-4ff5-aef9-ec166f84d182","JG7 UX7",186,"2019-05-12 12:23:57","WindowsPlayer",NA,11,"TaskEvent",0,"0.11.235",1119.40979003906,928.603759765625,140.48762512207,-0.84712153673172,0.531399190425873,0,"Find Toppo's Posters,Crash Diagnostics - Mountains,U3 - Crash Side Quest P3,U5 - Crash Diagnostics P7,Jasper's Discovery","49,poster1;49,poster6;46,jasper;40,Find the supplies crate;66,Gain Entrance to the New Ruins","U2,U2_Collectibles,U2_Quests","0.11.235","TaskProgressEvent",67,"Condense the Water",1
"3029","5cd89d06e4194c2f5ff9fae2",4,"Development","8d703246-39e0-4ff5-aef9-ec166f84d182","JG7 UX7",186,"2019-05-12 12:23:57","WindowsPlayer",NA,11,"TaskEvent",0,"0.11.235",1119.40979003906,928.603759765625,140.48762512207,-0.84712153673172,0.531399190425873,0,"Find Toppo's Posters,Crash Diagnostics - Mountains,U3 - Crash Side Quest P3,U5 - Crash Diagnostics P7,Jasper's Discovery","49,poster1;49,poster6;46,jasper;40,Find the supplies crate;66,Gain Entrance to the New Ruins;66,Complete the First Wing","U2,U2_Collectibles,U2_Quests","0.11.235","TaskActiveEvent",68,"Return to the Teleporter",NA
"3030","5cd89df1e4194c2f5ff9fe94",4,"Development","8d703246-39e0-4ff5-aef9-ec166f84d182","JG7 UX7",186,"2019-05-12 12:27:57","WindowsPlayer",NA,11,"TaskEvent",0,"0.11.235",67.859001159668,9.44522666931152,3.47999978065491,-0.163327604532242,-0.986572027206421,0,"Find Toppo's Posters,Crash Diagnostics - Mountains,U3 - Crash Side Quest P3,U5 - Crash Diagnostics P7,Jasper's Discovery","49,poster1;49,poster6;46,jasper;40,Find the supplies crate;66,Complete the Second Wing","U6_Dungeon","0.11.235","TaskProgressEvent",67,"Re-open the 4th Blast Door",1
"3031","5cd89df1e4194c2f5ff9fe95",4,"Development","8d703246-39e0-4ff5-aef9-ec166f84d182","JG7 UX7",186,"2019-05-12 12:27:57","WindowsPlayer",NA,11,"TaskEvent",0,"0.11.235",67.859001159668,9.44522666931152,3.47999978065491,-0.163327604532242,-0.986572027206421,0,"Find Toppo's Posters,Crash Diagnostics - Mountains,U3 - Crash Side Quest P3,U5 - Crash Diagnostics P7,Jasper's Discovery","49,poster1;49,poster6;46,jasper;40,Find the supplies crate;66,Complete the Second Wing","U6_Dungeon","0.11.235","TaskProgressEvent",66,"Complete the First Wing",1
"3032","5cd89df1e4194c2f5ff9fe96",4,"Development","8d703246-39e0-4ff5-aef9-ec166f84d182","JG7 UX7",186,"2019-05-12 12:27:57","WindowsPlayer",NA,11,"TaskEvent",0,"0.11.235",67.859001159668,9.44522666931152,3.47999978065491,-0.163327604532242,-0.986572027206421,0,"Find Toppo's Posters,Crash Diagnostics - Mountains,U3 - Crash Side Quest P3,U5 - Crash Diagnostics P7,Jasper's Discovery","49,poster1;49,poster6;46,jasper;40,Find the supplies crate;66,Complete the Second Wing;66,Complete the Third Wing","U6_Dungeon","0.11.235","TaskActiveEvent",66,"Complete the Second Wing",NA
"3033","5cd89f6de4194c2f5ffa046d",4,"Development","8d703246-39e0-4ff5-aef9-ec166f84d182","JG7 UX7",186,"2019-05-12 12:34:12","WindowsPlayer",NA,11,"TaskEvent",0,"0.11.235",4.29356575012207,-6.95146894454956,5.20984268188477,0.999986350536346,-0.00523769855499268,0,"Find Toppo's Posters,Crash Diagnostics - Mountains,U3 - Crash Side Quest P3,U5 - Crash Diagnostics P7,Jasper's Discovery,Into the Unknown!","49,poster1;49,poster6;46,jasper;40,Find the supplies crate","U6_Dungeon,U6_Moon","0.11.235","TaskCompleteEvent",66,"Complete the First Wing",NA
"3034","5cd89f6de4194c2f5ffa0471",4,"Development","8d703246-39e0-4ff5-aef9-ec166f84d182","JG7 UX7",186,"2019-05-12 12:34:12","WindowsPlayer",NA,11,"TaskEvent",0,"0.11.235",4.29356575012207,-6.95146894454956,5.20984268188477,0.999986350536346,-0.00523769855499268,0,"Find Toppo's Posters,Crash Diagnostics - Mountains,U3 - Crash Side Quest P3,U5 - Crash Diagnostics P7,Jasper's Discovery","49,poster1;49,poster6;46,jasper;40,Find the supplies crate;66,Enter the Alien Teleporter","U6_Dungeon,U6_Moon","0.11.235","TaskCompleteEvent",68,"Talk with Toppo",NA
"3035","5cd89f6ee4194c2f5ffa0475",4,"Development","8d703246-39e0-4ff5-aef9-ec166f84d182","JG7 UX7",186,"2019-05-12 12:34:12","WindowsPlayer",NA,11,"TaskEvent",0,"0.11.235",4.29356575012207,-6.95146894454956,5.20984268188477,0.999986350536346,-0.00523769855499268,0,"Find Toppo's Posters,Crash Diagnostics - Mountains,U3 - Crash Side Quest P3,U5 - Crash Diagnostics P7,Into the Unknown!","49,poster1;49,poster6;46,jasper;40,Find the supplies crate;90,Enter the Alien Base","U6_Dungeon,U6_Moon","0.11.235","TaskActiveEvent",66,"Enter the Alien Teleporter",NA
"3036","5cd89f9be4194c2f5ffa051f",4,"Development","8d703246-39e0-4ff5-aef9-ec166f84d182","JG7 UX7",186,"2019-05-12 12:35:02","WindowsPlayer",NA,11,"TaskEvent",0,"0.11.235",-0.461870759725571,134.088119506836,0.979999959468842,0.0662737265229225,0.99780148267746,0,"Find Toppo's Posters,Crash Diagnostics - Mountains,U3 - Crash Side Quest P3,U5 - Crash Diagnostics P7,Into the Unknown!","49,poster1;49,poster6;46,jasper;40,Find the supplies crate;90,Enter the Alien Base","U6_Moon,U6_Moon_Quest,U6_MoonBase","0.11.235","TaskProgressEvent",68,"Talk with Toppo",1
"3037","5cd89f9be4194c2f5ffa0525",4,"Development","8d703246-39e0-4ff5-aef9-ec166f84d182","JG7 UX7",186,"2019-05-12 12:35:02","WindowsPlayer",NA,11,"TaskEvent",0,"0.11.235",-0.461870759725571,134.088119506836,0.979999959468842,0.0662737265229225,0.99780148267746,0,"Find Toppo's Posters,Crash Diagnostics - Mountains,U3 - Crash Side Quest P3,U5 - Crash Diagnostics P7,Into the Unknown!","49,poster1;49,poster6;46,jasper;40,Find the supplies crate;90,Enter the Alien Base","U6_Moon,U6_Moon_Quest,U6_MoonBase","0.11.235","TaskProgressEvent",66,"Complete the Third Wing",1
"3038","5cd89f9be4194c2f5ffa0526",4,"Development","8d703246-39e0-4ff5-aef9-ec166f84d182","JG7 UX7",186,"2019-05-12 12:35:02","WindowsPlayer",NA,11,"TaskEvent",0,"0.11.235",-0.461870759725571,134.088119506836,0.979999959468842,0.0662737265229225,0.99780148267746,0,"Find Toppo's Posters,Crash Diagnostics - Mountains,U3 - Crash Side Quest P3,U5 - Crash Diagnostics P7,Into the Unknown!","49,poster1;49,poster6;46,jasper;40,Find the supplies crate;90,Enter the Alien Base;90,Operate the Alien Console","U6_Moon,U6_Moon_Quest,U6_MoonBase","0.11.235","TaskCompleteEvent",66,"Complete the Third Wing",NA
"3039","5cd89fdce4194c2f5ffa0627",4,"Development","8d703246-39e0-4ff5-aef9-ec166f84d182","JG7 UX7",186,"2019-05-12 12:36:06","WindowsPlayer",NA,11,"TaskEvent",0,"0.11.235",-0.0561506450176239,671.168518066406,-25.1720428466797,-0.0191976223140955,0.999815702438354,0,"Find Toppo's Posters,Crash Diagnostics - Mountains,U3 - Crash Side Quest P3,U5 - Crash Diagnostics P7,Into the Unknown!","49,poster1;49,poster6;46,jasper;40,Find the supplies crate;90,Operate the Alien Console","U6_Moon,U6_Moon_Quest,U6_MoonBase","0.11.235","TaskCompleteEvent",65,"Check the Ruins Water Table",NA
"3040","5cd89fdce4194c2f5ffa0628",4,"Development","8d703246-39e0-4ff5-aef9-ec166f84d182","JG7 UX7",186,"2019-05-12 12:36:06","WindowsPlayer",NA,11,"TaskEvent",0,"0.11.235",-0.0561506450176239,671.168518066406,-25.1720428466797,-0.0191976223140955,0.999815702438354,0,"Find Toppo's Posters,Crash Diagnostics - Mountains,U3 - Crash Side Quest P3,U5 - Crash Diagnostics P7,Into the Unknown!,Save the Water!","49,poster1;49,poster6;46,jasper;40,Find the supplies crate","U6_Moon,U6_Moon_Quest,U6_MoonBase","0.11.235","TaskActiveEvent",88,"Check the Seaside Humidity",NA
"3041","5cd89fdce4194c2f5ffa062e",4,"Development","8d703246-39e0-4ff5-aef9-ec166f84d182","JG7 UX7",186,"2019-05-12 12:36:06","WindowsPlayer",NA,11,"TaskEvent",0,"0.11.235",-0.0561506450176239,671.168518066406,-25.1720428466797,-0.0191976223140955,0.999815702438354,0,"Find Toppo's Posters,Crash Diagnostics - Mountains,U3 - Crash Side Quest P3,U5 - Crash Diagnostics P7,Save the Water!","49,poster1;49,poster6;46,jasper;40,Find the supplies crate;67,Reverse the Water","U6_Moon,U6_Moon_Quest,U6_MoonBase","0.11.235","TaskProgressEvent",65,"Check the Ruins Water Table",1
"3042","5cd8a013e4194c2f5ffa06fe",4,"Development","8d703246-39e0-4ff5-aef9-ec166f84d182","JG7 UX7",186,"2019-05-12 12:36:58","WindowsPlayer",NA,11,"TaskEvent",0,"0.11.235",-0.0561506450176239,671.168518066406,-25.1720428466797,-0.0191976223140955,0.999815702438354,0,"Find Toppo's Posters,Crash Diagnostics - Mountains,U3 - Crash Side Quest P3,U5 - Crash Diagnostics P7,Save the Water!","49,poster1;49,poster6;46,jasper;40,Find the supplies crate;67,Open the 3rd Blast Door;67,Thaw the Ice","U6_Moon,U6_Moon_Quest,U6_MoonBase","0.11.235","TaskProgressEvent",29,"meet",1
"3043","5cd8a013e4194c2f5ffa06ff",4,"Development","8d703246-39e0-4ff5-aef9-ec166f84d182","JG7 UX7",186,"2019-05-12 12:36:58","WindowsPlayer",NA,11,"TaskEvent",0,"0.11.235",-0.0561506450176239,671.168518066406,-25.1720428466797,-0.0191976223140955,0.999815702438354,0,"Find Toppo's Posters,Crash Diagnostics - Mountains,U3 - Crash Side Quest P3,U5 - Crash Diagnostics P7,Save the Water!","49,poster1;49,poster6;46,jasper;40,Find the supplies crate;67,Thaw the Ice;67,Open the 4th Blast Door","U6_Moon,U6_Moon_Quest,U6_MoonBase","0.11.235","TaskActiveEvent",29,"talk",NA
"3044","5cd8a013e4194c2f5ffa0705",4,"Development","8d703246-39e0-4ff5-aef9-ec166f84d182","JG7 UX7",186,"2019-05-12 12:36:58","WindowsPlayer",NA,11,"TaskEvent",0,"0.11.235",-0.0561506450176239,671.168518066406,-25.1720428466797,-0.0191976223140955,0.999815702438354,0,"Find Toppo's Posters,Crash Diagnostics - Mountains,U3 - Crash Side Quest P3,U5 - Crash Diagnostics P7,Save the Water!","49,poster1;49,poster6;46,jasper;40,Find the supplies crate;67,Open the 3rd Blast Door","U6_Moon,U6_Moon_Quest,U6_MoonBase","0.11.235","TaskCompleteEvent",29,"meet",NA
"3045","5cd8a013e4194c2f5ffa0706",4,"Development","8d703246-39e0-4ff5-aef9-ec166f84d182","JG7 UX7",186,"2019-05-12 12:36:58","WindowsPlayer",NA,11,"TaskEvent",0,"0.11.235",-0.0561506450176239,671.168518066406,-25.1720428466797,-0.0191976223140955,0.999815702438354,0,"Find Toppo's Posters,Crash Diagnostics - Mountains,U3 - Crash Side Quest P3,U5 - Crash Diagnostics P7,Save the Water!","49,poster1;49,poster6;46,jasper;40,Find the supplies crate;67,Thaw the Ice","U6_Moon,U6_Moon_Quest,U6_MoonBase","0.11.235","TaskActiveEvent",29,"meet",NA
"3046","5cd8a013e4194c2f5ffa0707",4,"Development","8d703246-39e0-4ff5-aef9-ec166f84d182","JG7 UX7",186,"2019-05-12 12:36:58","WindowsPlayer",NA,11,"TaskEvent",0,"0.11.235",-0.0561506450176239,671.168518066406,-25.1720428466797,-0.0191976223140955,0.999815702438354,0,"Find Toppo's Posters,Crash Diagnostics - Mountains,U3 - Crash Side Quest P3,U5 - Crash Diagnostics P7,Save the Water!","49,poster1;49,poster6;46,jasper;40,Find the supplies crate;67,Thaw the Ice","U6_Moon,U6_Moon_Quest,U6_MoonBase","0.11.235","TaskCompleteEvent",85,"teleport island",NA
"3047","5cd8a013e4194c2f5ffa070b",4,"Development","8d703246-39e0-4ff5-aef9-ec166f84d182","JG7 UX7",186,"2019-05-12 12:36:58","WindowsPlayer",NA,11,"TaskEvent",0,"0.11.235",-0.0561506450176239,671.168518066406,-25.1720428466797,-0.0191976223140955,0.999815702438354,0,"Find Toppo's Posters,Crash Diagnostics - Mountains,U3 - Crash Side Quest P3,U5 - Crash Diagnostics P7,Save the Water!","49,poster1;49,poster6;46,jasper;40,Find the supplies crate;67,Open the 3rd Blast Door","U6_Moon,U6_Moon_Quest,U6_MoonBase","0.11.235","TaskActiveEvent",85,"teleport island",NA
"3048","5cd8a03be4194c2f5ffa07a4",4,"Development","8d703246-39e0-4ff5-aef9-ec166f84d182","JG7 UX7",186,"2019-05-12 12:36:25","WindowsPlayer",NA,11,"TaskEvent",0,"0.11.235",-0.0561506450176239,671.168518066406,-25.1720428466797,-0.0191976223140955,0.999815702438354,0,"Find Toppo's Posters,Crash Diagnostics - Mountains,U3 - Crash Side Quest P3,U5 - Crash Diagnostics P7,Save the Water!","49,poster1;49,poster6;46,jasper;40,Find the supplies crate;67,Reverse the Water;67,Open the 2nd Blast Door","U6_Moon,U6_Moon_Quest,U6_MoonBase","0.11.235","TaskProgressEvent",29,"talk",1
"3049","5cd8a03be4194c2f5ffa07ab",4,"Development","8d703246-39e0-4ff5-aef9-ec166f84d182","JG7 UX7",186,"2019-05-12 12:36:25","WindowsPlayer",NA,11,"TaskEvent",0,"0.11.235",-0.0561506450176239,671.168518066406,-25.1720428466797,-0.0191976223140955,0.999815702438354,0,"Find Toppo's Posters,Crash Diagnostics - Mountains,U3 - Crash Side Quest P3,U5 - Crash Diagnostics P7,Save the Water!","49,poster1;49,poster6;46,jasper;40,Find the supplies crate;67,Reverse the Water","U6_Moon,U6_Moon_Quest,U6_MoonBase","0.11.235","TaskActiveEvent",29,"unlock",NA
"3050","5cd8a03be4194c2f5ffa07ac",4,"Development","8d703246-39e0-4ff5-aef9-ec166f84d182","JG7 UX7",186,"2019-05-12 12:36:25","WindowsPlayer",NA,11,"TaskEvent",0,"0.11.235",-0.0561506450176239,671.168518066406,-25.1720428466797,-0.0191976223140955,0.999815702438354,0,"Find Toppo's Posters,Crash Diagnostics - Mountains,U3 - Crash Side Quest P3,U5 - Crash Diagnostics P7,Save the Water!","49,poster1;49,poster6;46,jasper;40,Find the supplies crate;67,Reverse the Water","U6_Moon,U6_Moon_Quest,U6_MoonBase","0.11.235","TaskCompleteEvent",29,"talk",NA
"3051","5cd8a07ee4194c2f5ffa0867",4,"Development","8d703246-39e0-4ff5-aef9-ec166f84d182","JG7 UX7",186,"2019-05-12 12:38:28","WindowsPlayer",NA,11,"TaskEvent",0,"0.11.235",0.0619142055511475,0.294606029987335,2.70983242988586,-0.0697561949491501,-0.997564315795898,0,"Find Toppo's Posters,Crash Diagnostics - Mountains,U3 - Crash Side Quest P3,U5 - Crash Diagnostics P7,Escape the Moon","49,poster1;49,poster6;46,jasper;40,Find the supplies crate;68,Return to the Teleporter","U6_Moon,U6_Moon_Quest,U6_MoonBase","0.11.235","TaskProgressEvent",50,"energy",1
"3052","5cd8a07ee4194c2f5ffa0868",4,"Development","8d703246-39e0-4ff5-aef9-ec166f84d182","JG7 UX7",186,"2019-05-12 12:38:28","WindowsPlayer",NA,11,"TaskEvent",0,"0.11.235",0.0619142055511475,0.294606029987335,2.70983242988586,-0.0697561949491501,-0.997564315795898,0,"Find Toppo's Posters,Crash Diagnostics - Mountains,U3 - Crash Side Quest P3,U5 - Crash Diagnostics P7,Escape the Moon","49,poster1;49,poster6;46,jasper;40,Find the supplies crate;68,Return to the Teleporter","U6_Moon,U6_Moon_Quest,U6_MoonBase","0.11.235","TaskCompleteEvent",50,"energy",NA
"3053","5cd8a07ee4194c2f5ffa0869",4,"Development","8d703246-39e0-4ff5-aef9-ec166f84d182","JG7 UX7",186,"2019-05-12 12:38:28","WindowsPlayer",NA,11,"TaskEvent",0,"0.11.235",0.0619142055511475,0.294606029987335,2.70983242988586,-0.0697561949491501,-0.997564315795898,0,"Find Toppo's Posters,Crash Diagnostics - Mountains,U3 - Crash Side Quest P3,U5 - Crash Diagnostics P7,Escape the Moon","49,poster1;49,poster6;46,jasper;40,Find the supplies crate;68,Return to the Teleporter;68,Talk with Toppo","U6_Moon,U6_Moon_Quest,U6_MoonBase","0.11.235","TaskCompleteEvent",29,"unlock",NA
"3054","5cd8a0b0e4194c2f5ffa093c",4,"Development","8d703246-39e0-4ff5-aef9-ec166f84d182","JG7 UX7",186,"2019-05-12 12:37:17","WindowsPlayer",NA,11,"TaskEvent",0,"0.11.235",-0.0561506450176239,671.168518066406,-25.1720428466797,-0.0191976223140955,0.999815702438354,0,"Find Toppo's Posters,Crash Diagnostics - Mountains,U3 - Crash Side Quest P3,U5 - Crash Diagnostics P7,Save the Water!","49,poster1;49,poster6;46,jasper;40,Find the supplies crate;67,Open the 4th Blast Door;67,Close the 4th Blast Door","U6_Moon,U6_Moon_Quest,U6_MoonBase","0.11.235","TaskActiveEvent",36,"Reach Seaside",NA
"3055","5cd8a0b0e4194c2f5ffa093d",4,"Development","8d703246-39e0-4ff5-aef9-ec166f84d182","JG7 UX7",186,"2019-05-12 12:37:17","WindowsPlayer",NA,11,"TaskEvent",0,"0.11.235",-0.0561506450176239,671.168518066406,-25.1720428466797,-0.0191976223140955,0.999815702438354,0,"Find Toppo's Posters,Crash Diagnostics - Mountains,U3 - Crash Side Quest P3,U5 - Crash Diagnostics P7,Save the Water!","49,poster1;49,poster6;46,jasper;40,Find the supplies crate;67,Close the 4th Blast Door","U6_Moon,U6_Moon_Quest,U6_MoonBase","0.11.235","TaskProgressEvent",29,"unlock",1
"3056","5cd8a0b0e4194c2f5ffa093e",4,"Development","8d703246-39e0-4ff5-aef9-ec166f84d182","JG7 UX7",186,"2019-05-12 12:37:17","WindowsPlayer",NA,11,"TaskEvent",0,"0.11.235",-0.0561506450176239,671.168518066406,-25.1720428466797,-0.0191976223140955,0.999815702438354,0,"Find Toppo's Posters,Crash Diagnostics - Mountains,U3 - Crash Side Quest P3,U5 - Crash Diagnostics P7,Save the Water!","49,poster1;49,poster6;46,jasper;40,Find the supplies crate;67,Close the 4th Blast Door;67,Condense the Water","U6_Moon,U6_Moon_Quest,U6_MoonBase","0.11.235","TaskProgressEvent",49,"poster5",1
"3057","5cd8a0b0e4194c2f5ffa0941",4,"Development","8d703246-39e0-4ff5-aef9-ec166f84d182","JG7 UX7",186,"2019-05-12 12:37:17","WindowsPlayer",NA,11,"TaskEvent",0,"0.11.235",-0.0561506450176239,671.168518066406,-25.1720428466797,-0.0191976223140955,0.999815702438354,0,"Find Toppo's Posters,Crash Diagnostics - Mountains,U3 - Crash Side Quest P3,U5 - Crash Diagnostics P7,Save the Water!","49,poster1;49,poster6;46,jasper;40,Find the supplies crate;67,Open the 4th Blast Door","U6_Moon,U6_Moon_Quest,U6_MoonBase","0.11.235","TaskCompleteEvent",49,"poster5",NA
"3058","5cd8a0b0e4194c2f5ffa0942",4,"Development","8d703246-39e0-4ff5-aef9-ec166f84d182","JG7 UX7",186,"2019-05-12 12:37:17","WindowsPlayer",NA,11,"TaskEvent",0,"0.11.235",-0.0561506450176239,671.168518066406,-25.1720428466797,-0.0191976223140955,0.999815702438354,0,"Find Toppo's Posters,Crash Diagnostics - Mountains,U3 - Crash Side Quest P3,U5 - Crash Diagnostics P7,Save the Water!","49,poster1;49,poster6;46,jasper;40,Find the supplies crate;67,Open the 4th Blast Door","U6_Moon,U6_Moon_Quest,U6_MoonBase","0.11.235","TaskActiveEvent",36,"Condense Humidity",NA
"3059","5cd8a0b0e4194c2f5ffa0943",4,"Development","8d703246-39e0-4ff5-aef9-ec166f84d182","JG7 UX7",186,"2019-05-12 12:37:17","WindowsPlayer",NA,11,"TaskEvent",0,"0.11.235",-0.0561506450176239,671.168518066406,-25.1720428466797,-0.0191976223140955,0.999815702438354,0,"Find Toppo's Posters,Crash Diagnostics - Mountains,U3 - Crash Side Quest P3,U5 - Crash Diagnostics P7,Save the Water!","49,poster1;49,poster6;46,jasper;40,Find the supplies crate;67,Close the 4th Blast Door","U6_Moon,U6_Moon_Quest,U6_MoonBase","0.11.235","TaskProgressEvent",36,"Reach Seaside",1
"3060","5cd8a0b0e4194c2f5ffa0944",4,"Development","8d703246-39e0-4ff5-aef9-ec166f84d182","JG7 UX7",186,"2019-05-12 12:37:17","WindowsPlayer",NA,11,"TaskEvent",0,"0.11.235",-0.0561506450176239,671.168518066406,-25.1720428466797,-0.0191976223140955,0.999815702438354,0,"Find Toppo's Posters,Crash Diagnostics - Mountains,U3 - Crash Side Quest P3,U5 - Crash Diagnostics P7,Save the Water!","49,poster1;49,poster6;46,jasper;40,Find the supplies crate;67,Condense the Water","U6_Moon,U6_Moon_Quest,U6_MoonBase","0.11.235","TaskCompleteEvent",36,"Reach Seaside",NA
"3061","5cd8a0b0e4194c2f5ffa0945",4,"Development","8d703246-39e0-4ff5-aef9-ec166f84d182","JG7 UX7",186,"2019-05-12 12:37:17","WindowsPlayer",NA,11,"TaskEvent",0,"0.11.235",-0.0561506450176239,671.168518066406,-25.1720428466797,-0.0191976223140955,0.999815702438354,0,"Find Toppo's Posters,Crash Diagnostics - Mountains,U3 - Crash Side Quest P3,U5 - Crash Diagnostics P7,Save the Water!","49,poster1;49,poster6;46,jasper;40,Find the supplies crate;67,Condense the Water;67,Re-open the 4th Blast Door","U6_Moon,U6_Moon_Quest,U6_MoonBase","0.11.235","TaskActiveEvent",36,"Talk Bill",NA
"3062","5cd8a0b0e4194c2f5ffa0946",4,"Development","8d703246-39e0-4ff5-aef9-ec166f84d182","JG7 UX7",186,"2019-05-12 12:37:17","WindowsPlayer",NA,11,"TaskEvent",0,"0.11.235",-0.0561506450176239,671.168518066406,-25.1720428466797,-0.0191976223140955,0.999815702438354,0,"Find Toppo's Posters,Crash Diagnostics - Mountains,U3 - Crash Side Quest P3,U5 - Crash Diagnostics P7,Save the Water!","49,poster1;49,poster6;46,jasper;40,Find the supplies crate;67,Re-open the 4th Blast Door","U6_Moon,U6_Moon_Quest,U6_MoonBase","0.11.235","TaskProgressEvent",36,"Start Fountain",1
"3063","5cd8a0b0e4194c2f5ffa0948",4,"Development","8d703246-39e0-4ff5-aef9-ec166f84d182","JG7 UX7",186,"2019-05-12 12:37:17","WindowsPlayer",NA,11,"TaskEvent",0,"0.11.235",-0.0561506450176239,671.168518066406,-25.1720428466797,-0.0191976223140955,0.999815702438354,0,"Find Toppo's Posters,Crash Diagnostics - Mountains,U3 - Crash Side Quest P3,U5 - Crash Diagnostics P7,Save the Water!","49,poster1;49,poster6;46,jasper;40,Find the supplies crate;67,Condense the Water","U6_Moon,U6_Moon_Quest,U6_MoonBase","0.11.235","TaskCompleteEvent",36,"Start Fountain",NA
"3064","5cd8a0b1e4194c2f5ffa0949",4,"Development","8d703246-39e0-4ff5-aef9-ec166f84d182","JG7 UX7",186,"2019-05-12 12:37:17","WindowsPlayer",NA,11,"TaskEvent",0,"0.11.235",-0.0561506450176239,671.168518066406,-25.1720428466797,-0.0191976223140955,0.999815702438354,0,"Find Toppo's Posters,Crash Diagnostics - Mountains,U3 - Crash Side Quest P3,U5 - Crash Diagnostics P7,Save the Water!,Escape the Moon","49,poster1;49,poster6;46,jasper;40,Find the supplies crate","U6_Moon,U6_Moon_Quest,U6_MoonBase","0.11.235","TaskProgressEvent",36,"Transport Water",1
"3065","5cd8a0b1e4194c2f5ffa094b",4,"Development","8d703246-39e0-4ff5-aef9-ec166f84d182","JG7 UX7",186,"2019-05-12 12:37:17","WindowsPlayer",NA,11,"TaskEvent",0,"0.11.235",-0.0561506450176239,671.168518066406,-25.1720428466797,-0.0191976223140955,0.999815702438354,0,"Find Toppo's Posters,Crash Diagnostics - Mountains,U3 - Crash Side Quest P3,U5 - Crash Diagnostics P7,Escape the Moon","49,poster1;49,poster6;46,jasper;40,Find the supplies crate;68,Return to the Teleporter","U6_Moon,U6_Moon_Quest,U6_MoonBase","0.11.235","TaskCompleteEvent",36,"Transport Water",NA
"3066","5cd8a0dfe4194c2f5ffa0b9e",4,"Development","8d703246-39e0-4ff5-aef9-ec166f84d182","JG7 UX7",186,"2019-05-12 12:25:24","WindowsPlayer",NA,11,"TaskEvent",0,"0.11.235",-11.4779329299927,25.2519798278809,3.48000001907349,0.988228619098663,0.15298455953598,0,"Find Toppo's Posters,Crash Diagnostics - Mountains,U3 - Crash Side Quest P3,U5 - Crash Diagnostics P7,Jasper's Discovery","49,poster1;49,poster6;46,jasper;40,Find the supplies crate;66,Complete the First Wing","U6_Dungeon","0.11.235","TaskActiveEvent",36,"Start Fountain",NA
"3067","5cd8a0dfe4194c2f5ffa0b9f",4,"Development","8d703246-39e0-4ff5-aef9-ec166f84d182","JG7 UX7",186,"2019-05-12 12:25:24","WindowsPlayer",NA,11,"TaskEvent",0,"0.11.235",-11.4779329299927,25.2519798278809,3.48000001907349,0.988228619098663,0.15298455953598,0,"Find Toppo's Posters,Crash Diagnostics - Mountains,U3 - Crash Side Quest P3,U5 - Crash Diagnostics P7,Jasper's Discovery","49,poster1;49,poster6;46,jasper;40,Find the supplies crate;66,Complete the First Wing","U6_Dungeon","0.11.235","TaskCompleteEvent",37,"bill outside cavern",NA
"3068","5cd8a0dfe4194c2f5ffa0bfd",4,"Development","8d703246-39e0-4ff5-aef9-ec166f84d182","JG7 UX7",186,"2019-05-12 12:25:24","WindowsPlayer",NA,11,"TaskEvent",0,"0.11.235",-11.4779329299927,25.2519798278809,3.48000001907349,0.988228619098663,0.15298455953598,0,"Find Toppo's Posters,Crash Diagnostics - Mountains,U3 - Crash Side Quest P3,U5 - Crash Diagnostics P7,Jasper's Discovery","49,poster1;49,poster6;46,jasper;40,Find the supplies crate;66,Complete the First Wing;66,Complete the Second Wing","U6_Dungeon","0.11.235","TaskActiveEvent",37,"meet Bill",NA
"3069","5cd8a0e0e4194c2f5ffa0e83",4,"Development","8d703246-39e0-4ff5-aef9-ec166f84d182","JG7 UX7",186,"2019-05-12 12:40:18","WindowsPlayer",NA,11,"TaskEvent",0,"0.11.235",-71.9749374389648,-104.627029418945,58.966911315918,0.849892258644104,0.526956558227539,0,"Find Toppo's Posters,Crash Diagnostics - Mountains,U3 - Crash Side Quest P3,U5 - Crash Diagnostics P7,Escape the Moon","49,poster1;49,poster6;46,jasper;40,Find the supplies crate;68,Talk with Toppo","Player_Base","0.11.235","TaskProgressEvent",37,"bill outside cavern",1
"3070","5cd8a0e0e4194c2f5ffa0eb2",4,"Development","8d703246-39e0-4ff5-aef9-ec166f84d182","JG7 UX7",186,"2019-05-12 12:32:46","WindowsPlayer",NA,11,"TaskEvent",0,"0.11.235",50.2412490844727,-69.629035949707,3.48000001907349,0.338736772537231,-0.940881252288818,0,"Find Toppo's Posters,Crash Diagnostics - Mountains,U3 - Crash Side Quest P3,U5 - Crash Diagnostics P7,Jasper's Discovery","49,poster1;49,poster6;46,jasper;40,Find the supplies crate;66,Complete the Third Wing","U6_Dungeon","0.11.235","TaskCompleteEvent",36,"Talk Bill",NA
"3071","5cd8a0e0e4194c2f5ffa0f1b",4,"Development","8d703246-39e0-4ff5-aef9-ec166f84d182","JG7 UX7",186,"2019-05-12 12:40:18","WindowsPlayer",NA,11,"TaskEvent",0,"0.11.235",-71.9749374389648,-104.627029418945,58.966911315918,0.849892258644104,0.526956558227539,0,"Find Toppo's Posters,Crash Diagnostics - Mountains,U3 - Crash Side Quest P3,U5 - Crash Diagnostics P7","49,poster1;49,poster6;46,jasper;40,Find the supplies crate","Player_Base","0.11.235","TaskProgressEvent",36,"Talk Bill",1
"3072","5cd8a0e1e4194c2f5ffa0fa6",4,"Development","8d703246-39e0-4ff5-aef9-ec166f84d182","JG7 UX7",186,"2019-05-12 12:32:46","WindowsPlayer",NA,11,"TaskEvent",0,"0.11.235",50.2412490844727,-69.629035949707,3.48000001907349,0.338736772537231,-0.940881252288818,0,"Find Toppo's Posters,Crash Diagnostics - Mountains,U3 - Crash Side Quest P3,U5 - Crash Diagnostics P7,Jasper's Discovery","49,poster1;49,poster6;46,jasper;40,Find the supplies crate;66,Complete the Third Wing","U6_Dungeon","0.11.235","TaskActiveEvent",37,"bill outside cavern",NA
"3073","5cd8a0e1e4194c2f5ffa0fa7",4,"Development","8d703246-39e0-4ff5-aef9-ec166f84d182","JG7 UX7",186,"2019-05-12 12:32:46","WindowsPlayer",NA,11,"TaskEvent",0,"0.11.235",50.2412490844727,-69.629035949707,3.48000001907349,0.338736772537231,-0.940881252288818,0,"Find Toppo's Posters,Crash Diagnostics - Mountains,U3 - Crash Side Quest P3,U5 - Crash Diagnostics P7,Jasper's Discovery","49,poster1;49,poster6;46,jasper;40,Find the supplies crate;66,Complete the Third Wing;66,Enter the Alien Teleporter","U6_Dungeon","0.11.235","TaskProgressEvent",32,"Find Rock",1
"3074","5cd8a0e3e4194c2f5ffa143d",4,"Development","8d703246-39e0-4ff5-aef9-ec166f84d182","JG7 UX7",186,"2019-05-12 12:03:34","WindowsPlayer",NA,11,"TaskEvent",0,"0.11.235",62.4511070251465,-448.460052490234,36.4862251281738,0.680067539215088,0.733006000518799,0.0145022701472044,"History of WAT247,Find Toppo's Posters,Crash Diagnostics - Mountains,U3 - Crash Side Quest P3,Investigate Anderson's Water Shortage","50,watershed;49,poster1;49,poster6;46,jasper;40,Find the supplies crate;65,Check the Ruins Water Table","U4,U4_Collectibles,U4_Quests,U4_AlienRuins","0.11.235","TaskActiveEvent",32,"Drill hole",NA
"3075","5cd8a0e3e4194c2f5ffa1499",4,"Development","8d703246-39e0-4ff5-aef9-ec166f84d182","JG7 UX7",186,"2019-05-12 12:03:34","WindowsPlayer",NA,11,"TaskEvent",0,"0.11.235",62.4511070251465,-448.460052490234,36.4862251281738,0.680067539215088,0.733006000518799,0.0145022701472044,"History of WAT247,Find Toppo's Posters,Crash Diagnostics - Mountains,U3 - Crash Side Quest P3,Investigate Anderson's Water Shortage,Investigate the Water Shortage","50,watershed;49,poster1;49,poster6;46,jasper;40,Find the supplies crate","U4,U4_Collectibles,U4_Quests,U4_AlienRuins","0.11.235","TaskCompleteEvent",32,"Find Rock",NA
"3076","5cd8a0e3e4194c2f5ffa1507",4,"Development","8d703246-39e0-4ff5-aef9-ec166f84d182","JG7 UX7",186,"2019-05-12 12:03:34","WindowsPlayer",NA,11,"TaskEvent",0,"0.11.235",62.4511070251465,-448.460052490234,36.4862251281738,0.680067539215088,0.733006000518799,0.0145022701472044,"History of WAT247,Find Toppo's Posters,Crash Diagnostics - Mountains,U3 - Crash Side Quest P3,Investigate the Water Shortage","50,watershed;49,poster1;49,poster6;46,jasper;40,Find the supplies crate;88,Check the Seaside Humidity","U4,U4_Collectibles,U4_Quests,U4_AlienRuins","0.11.235","TaskProgressEvent",37,"meet Bill",1
"3077","5c64ad68e4194c47a1570403",4,"Development","8d703246-39e0-4ff5-aef9-ec166f84d182","JG8 UX8",187,"2019-02-13 11:50:54","WindowsPlayer",NA,11,"TaskEvent",0,"0.11.141",66.7399978637695,-2.96000003814697,0.792359113693237,-1,5.96046447753906e-08,0,"U1 - Welcome to WAT247",NA,"U1,U1_Quest","0.11.141","TaskCompleteEvent",37,"meet Bill",NA
"3078","5c64adbde4194c47a157047c",4,"Development","8d703246-39e0-4ff5-aef9-ec166f84d182","JG8 UX8",187,"2019-02-13 11:52:22","WindowsPlayer",NA,11,"TaskEvent",0,"0.11.141",66.7399978637695,-2.96000003814697,0.792359113693237,0.99731457233429,-0.0732372999191284,0,"U1 - Welcome to WAT247","74,wakeup","U1,U1_Quest","0.11.141","TaskActiveEvent",37,"Try Escape",NA
"3079","5c64adbde4194c47a157047f",4,"Development","8d703246-39e0-4ff5-aef9-ec166f84d182","JG8 UX8",187,"2019-02-13 11:52:22","WindowsPlayer",NA,11,"TaskEvent",0,"0.11.141",66.7399978637695,-2.96000003814697,0.792359113693237,0.99731457233429,-0.0732372999191284,0,"U1 - Welcome to WAT247","74,wakeup","U1,U1_Quest","0.11.141","TaskActiveEvent",33,"attach hose",NA
"3080","5c64adbde4194c47a1570484",4,"Development","8d703246-39e0-4ff5-aef9-ec166f84d182","JG8 UX8",187,"2019-02-13 11:52:22","WindowsPlayer",NA,11,"TaskEvent",0,"0.11.141",66.7399978637695,-2.96000003814697,0.792359113693237,0.99731457233429,-0.0732372999191284,0,"U1 - Welcome to WAT247","74,wakeup;74,arfRoom","U1,U1_Quest","0.11.141","TaskCompleteEvent",33,"Make a hole in the pan",NA
"3081","5c64ade5e4194c47a15704de",4,"Development","8d703246-39e0-4ff5-aef9-ec166f84d182","JG8 UX8",187,"2019-02-13 11:52:58","WindowsPlayer",NA,11,"TaskEvent",0,"0.11.141",0.286484569311142,-54.287654876709,0.984734416007996,-0.0993174016475677,-0.995055675506592,0,"U1 - Welcome to WAT247","74,arfRoom","U1,U1_Quest","0.11.141","TaskProgressEvent",33,"Make a hole in the pan",1
"3082","5c64ade5e4194c47a15704e0",4,"Development","8d703246-39e0-4ff5-aef9-ec166f84d182","JG8 UX8",187,"2019-02-13 11:52:58","WindowsPlayer",NA,11,"TaskEvent",0,"0.11.141",0.286484569311142,-54.287654876709,0.984734416007996,-0.0993174016475677,-0.995055675506592,0,"U1 - Welcome to WAT247,U1 - An Amazing AI",NA,"U1,U1_Quest","0.11.141","TaskCompleteEvent",33,"attach hose",NA
"3083","5c64ade5e4194c47a15704e1",4,"Development","8d703246-39e0-4ff5-aef9-ec166f84d182","JG8 UX8",187,"2019-02-13 11:52:58","WindowsPlayer",NA,11,"TaskEvent",0,"0.11.141",0.286484569311142,-54.287654876709,0.984734416007996,-0.0993174016475677,-0.995055675506592,0,"U1 - An Amazing AI","77,collectARF","U1,U1_Quest","0.11.141","TaskActiveEvent",33,"Grab Canteen",NA
"3084","5c64ae53e4194c47a157058c",4,"Development","8d703246-39e0-4ff5-aef9-ec166f84d182","JG8 UX8",187,"2019-02-13 11:54:55","WindowsPlayer",NA,11,"TaskEvent",0,"0.11.141",0.0818925946950912,-60.2545738220215,0.777678430080414,0.00872895307838917,-0.999961853027344,0,"U1 - An Amazing AI","77,collectARF","U1,U1_Quest","0.11.141","TaskProgressEvent",33,"attach hose",1
"3085","5c64ae53e4194c47a157058d",4,"Development","8d703246-39e0-4ff5-aef9-ec166f84d182","JG8 UX8",187,"2019-02-13 11:54:55","WindowsPlayer",NA,11,"TaskEvent",0,"0.11.141",0.0818925946950912,-60.2545738220215,0.777678430080414,0.00872895307838917,-0.999961853027344,0,"U1 - An Amazing AI","77,collectARF;77,checkPoster","U1,U1_Quest","0.11.141","TaskActiveEvent",32,"humidity meter",NA
"3086","5c64ae54e4194c47a1570593",4,"Development","8d703246-39e0-4ff5-aef9-ec166f84d182","JG8 UX8",187,"2019-02-13 11:54:55","WindowsPlayer",NA,11,"TaskEvent",0,"0.11.141",0.0818925946950912,-60.2545738220215,0.777678430080414,0.00872895307838917,-0.999961853027344,0,"U1 - An Amazing AI","77,collectARF","U1,U1_Quest","0.11.141","TaskCompleteEvent",37,"Try Escape",NA
"3087","5c64aea3e4194c47a1570603",4,"Development","8d703246-39e0-4ff5-aef9-ec166f84d182","JG8 UX8",187,"2019-02-13 11:56:17","WindowsPlayer",NA,11,"TaskEvent",0,"0.11.141",-3.5733118057251,-61.7788162231445,0.777678370475769,-0.979924142360687,-0.199370622634888,0,"U1 - An Amazing AI","77,checkPoster","U1,U1_Quest","0.11.141","TaskProgressEvent",37,"Try Escape",1
"3088","5c64aea4e4194c47a157060c",4,"Development","8d703246-39e0-4ff5-aef9-ec166f84d182","JG8 UX8",187,"2019-02-13 11:56:17","WindowsPlayer",NA,11,"TaskEvent",0,"0.11.141",-3.5733118057251,-61.7788162231445,0.777678370475769,-0.979924142360687,-0.199370622634888,0,"U1 - An Amazing AI","77,checkPoster","U1,U1_Quest","0.11.141","TaskProgressEvent",35,"setup first",1
"3089","5c64aea4e4194c47a157060d",4,"Development","8d703246-39e0-4ff5-aef9-ec166f84d182","JG8 UX8",187,"2019-02-13 11:56:17","WindowsPlayer",NA,11,"TaskEvent",0,"0.11.141",-3.5733118057251,-61.7788162231445,0.777678370475769,-0.979924142360687,-0.199370622634888,0,"U1 - An Amazing AI","77,checkPoster;77,trialArg","U1,U1_Quest","0.11.141","TaskActiveEvent",35,"setup second",NA
"3090","5c64aee9e4194c47a157067b",4,"Development","8d703246-39e0-4ff5-aef9-ec166f84d182","JG8 UX8",187,"2019-02-13 11:57:19","WindowsPlayer",NA,11,"TaskEvent",0,"0.11.141",-3.5733118057251,-61.7788162231445,0.777678370475769,-0.979924142360687,-0.199370622634888,0,"U1 - An Amazing AI,U1 - Time to Argue!",NA,"U1,U1_Quest","0.11.141","TaskCompleteEvent",35,"setup first",NA
"3091","5c64aee9e4194c47a157067c",4,"Development","8d703246-39e0-4ff5-aef9-ec166f84d182","JG8 UX8",187,"2019-02-13 11:57:19","WindowsPlayer",NA,11,"TaskEvent",0,"0.11.141",-3.5733118057251,-61.7788162231445,0.777678370475769,-0.979924142360687,-0.199370622634888,0,"U1 - Time to Argue!","78,toppoTalk","U1,U1_Quest","0.11.141","TaskCompleteEvent",35,"setup third",NA
"3092","5c64aee9e4194c47a1570684",4,"Development","8d703246-39e0-4ff5-aef9-ec166f84d182","JG8 UX8",187,"2019-02-13 11:57:19","WindowsPlayer",NA,11,"TaskEvent",0,"0.11.141",-3.5733118057251,-61.7788162231445,0.777678370475769,-0.979924142360687,-0.199370622634888,0,"U1 - An Amazing AI","77,trialArg","U1,U1_Quest","0.11.141","TaskProgressEvent",35,"setup third",1
"3093","5c64af4de4194c47a15707e1",4,"Development","8d703246-39e0-4ff5-aef9-ec166f84d182","JG8 UX8",187,"2019-02-13 11:58:56","WindowsPlayer",NA,11,"TaskEvent",0,"0.11.141",-65.9095153808594,0.489762514829636,0.792359054088593,-0.992965936660767,0.118401646614075,0,"U1 - Time to Argue!","78,toppoTalk","U1,U1_Quest","0.11.141","TaskActiveEvent",35,"setup fourth",NA
"3094","5c64af4de4194c47a15707e2",4,"Development","8d703246-39e0-4ff5-aef9-ec166f84d182","JG8 UX8",187,"2019-02-13 11:58:56","WindowsPlayer",NA,11,"TaskEvent",0,"0.11.141",-65.9095153808594,0.489762514829636,0.792359054088593,-0.992965936660767,0.118401646614075,0,"U1 - Time to Argue!","78,toppoTalk;78,completeArg","U1,U1_Quest","0.11.141","TaskCompleteEvent",36,"Condense Humidity",NA
"3095","5c64af4de4194c47a15707ec",4,"Development","8d703246-39e0-4ff5-aef9-ec166f84d182","JG8 UX8",187,"2019-02-13 11:58:56","WindowsPlayer",NA,11,"TaskEvent",0,"0.11.141",-65.9095153808594,0.489762514829636,0.792359054088593,-0.992965936660767,0.118401646614075,0,"U1 - Time to Argue!","78,toppoTalk","U1,U1_Quest","0.11.141","TaskProgressEvent",36,"Condense Humidity",1
"3096","5c64afb7e4194c47a15708b8",4,"Development","8d703246-39e0-4ff5-aef9-ec166f84d182","JG8 UX8",187,"2019-02-13 12:00:53","WindowsPlayer",NA,11,"TaskEvent",0,"0.11.141",-65.9095153808594,0.489762514829636,0.792359054088593,-0.97154974937439,0.236835896968842,0,"U1 - Time to Argue!","78,completeArg","U1,U1_Quest","0.11.141","TaskActiveEvent",36,"Evaporate Water",NA
"3097","5c64afb7e4194c47a15708b9",4,"Development","8d703246-39e0-4ff5-aef9-ec166f84d182","JG8 UX8",187,"2019-02-13 12:00:53","WindowsPlayer",NA,11,"TaskEvent",0,"0.11.141",-65.9095153808594,0.489762514829636,0.792359054088593,-0.97154974937439,0.236835896968842,0,"U1 - Time to Argue!,U1 - Meet up with Jasper",NA,"U1,U1_Quest","0.11.141","TaskActiveEvent",64,"Check Sam's Garden",NA
"3098","5c64afb7e4194c47a15708bc",4,"Development","8d703246-39e0-4ff5-aef9-ec166f84d182","JG8 UX8",187,"2019-02-13 12:00:53","WindowsPlayer",NA,11,"TaskEvent",0,"0.11.141",-65.9095153808594,0.489762514829636,0.792359054088593,-0.97154974937439,0.236835896968842,0,"U1 - Meet up with Jasper","79,meetJasper","U1,U1_Quest","0.11.141","TaskProgressEvent",63,"Talk with Toppo",1
"3099","5c64b075e4194c47a1570b61",4,"Development","8d703246-39e0-4ff5-aef9-ec166f84d182","JG8 UX8",187,"2019-02-13 12:03:55","WindowsPlayer",NA,11,"TaskEvent",0,"0.11.141",35.5078392028809,23.8023014068604,0.979737639427185,-0.510545611381531,0.859850704669952,0,"U1 - Meet up with Jasper","79,followJasper","U1,U1_Quest","0.11.141","TaskCompleteEvent",63,"Talk with Toppo",NA
"3100","5c64b075e4194c47a1570b62",4,"Development","8d703246-39e0-4ff5-aef9-ec166f84d182","JG8 UX8",187,"2019-02-13 12:03:55","WindowsPlayer",NA,11,"TaskEvent",0,"0.11.141",35.5078392028809,23.8023014068604,0.979737639427185,-0.510545611381531,0.859850704669952,0,"U1 - Meet up with Jasper","79,followJasper;79,jumpDebris","U1,U1_Quest","0.11.141","TaskProgressEvent",64,"Measure the West River Levels",1
"3101","5c64b075e4194c47a1570b65",4,"Development","8d703246-39e0-4ff5-aef9-ec166f84d182","JG8 UX8",187,"2019-02-13 12:03:55","WindowsPlayer",NA,11,"TaskEvent",0,"0.11.141",35.5078392028809,23.8023014068604,0.979737639427185,-0.510545611381531,0.859850704669952,0,"U1 - Meet up with Jasper","79,followJasper","U1,U1_Quest","0.11.141","TaskCompleteEvent",64,"Measure the West River Levels",NA
"3102","5c64b093e4194c47a1570bd1",4,"Development","8d703246-39e0-4ff5-aef9-ec166f84d182","JG8 UX8",187,"2019-02-13 12:04:20","WindowsPlayer",NA,11,"TaskEvent",0,"0.11.141",-0.0640325620770454,55.6820793151855,0.980474591255188,-0.152988344430923,0.988228023052216,0,"U1 - Meet up with Jasper","79,escapePods","U1,U1_Quest","0.11.141","TaskActiveEvent",65,"Check Anderson's Water Supply",NA
"3103","5c64b093e4194c47a1570bd6",4,"Development","8d703246-39e0-4ff5-aef9-ec166f84d182","JG8 UX8",187,"2019-02-13 12:04:20","WindowsPlayer",NA,11,"TaskEvent",0,"0.11.141",-0.0640325620770454,55.6820793151855,0.980474591255188,-0.152988344430923,0.988228023052216,0,"U1 - Meet up with Jasper","79,escapePods","U1,U1_Quest","0.11.141","TaskActiveEvent",65,"Check the Bunker Water Table",NA
"3104","5c64b093e4194c47a1570bd7",4,"Development","8d703246-39e0-4ff5-aef9-ec166f84d182","JG8 UX8",187,"2019-02-13 12:04:20","WindowsPlayer",NA,11,"TaskEvent",0,"0.11.141",-0.0640325620770454,55.6820793151855,0.980474591255188,-0.152988344430923,0.988228023052216,0,"U1 - Meet up with Jasper","79,escapePods;79,enterPod","U1,U1_Quest","0.11.141","TaskCompleteEvent",65,"Check Anderson's Water Supply",NA
"3105","5c64b09de4194c47a1570bfb",4,"Development","8d703246-39e0-4ff5-aef9-ec166f84d182","JG8 UX8",187,"2019-02-13 12:04:37","WindowsPlayer",NA,11,"TaskEvent",0,"0.11.141",0.237591490149498,71.3628921508789,0.973713040351868,-0.128798127174377,0.991670846939087,0,"U1 - Meet up with Jasper","79,enterPod","U1,U1_Quest","0.11.141","TaskProgressEvent",65,"Check Anderson's Water Supply",1
"3106","5c64b09de4194c47a1570c06",4,"Development","8d703246-39e0-4ff5-aef9-ec166f84d182","JG8 UX8",187,"2019-02-13 12:04:37","WindowsPlayer",NA,11,"TaskEvent",0,"0.11.141",0.237591490149498,71.3628921508789,0.973713040351868,-0.128798127174377,0.991670846939087,0,"",NA,"U1,U1_Quest","0.11.141","TaskCompleteEvent",69,"Go to Sleep",NA
"3107","5c64b0cee4194c47a1570c95",4,"Development","8d703246-39e0-4ff5-aef9-ec166f84d182","JG8 UX8",187,"2019-02-13 12:05:06","WindowsPlayer",NA,11,"TaskEvent",0,"0.11.141",675.669982910156,1129.66003417969,98.5059509277344,-0.0337118096649647,-0.999431610107422,0,"Find Toppo's Posters",NA,"U2,U2_Collectibles,U2_Quests","0.11.141","TaskProgressEvent",69,"Go to Sleep",1
"3108","5c64b0cee4194c47a1570c99",4,"Development","8d703246-39e0-4ff5-aef9-ec166f84d182","JG8 UX8",187,"2019-02-13 12:05:06","WindowsPlayer",NA,11,"TaskEvent",0,"0.11.141",675.669982910156,1129.66003417969,98.5059509277344,-0.0337118096649647,-0.999431610107422,0,"Find Toppo's Posters","49,poster1","U2,U2_Collectibles,U2_Quests","0.11.141","TaskActiveEvent",63,"Leave your house",NA
"3109","5c64b0cee4194c47a1570c9a",4,"Development","8d703246-39e0-4ff5-aef9-ec166f84d182","JG8 UX8",187,"2019-02-13 12:05:06","WindowsPlayer",NA,11,"TaskEvent",0,"0.11.141",675.669982910156,1129.66003417969,98.5059509277344,-0.0337118096649647,-0.999431610107422,0,"Find Toppo's Posters","49,poster1;49,poster2","U2,U2_Collectibles,U2_Quests","0.11.141","TaskActiveEvent",88,"Check the Seaside Humidity",NA
"3110","5c64b0cee4194c47a1570c9b",4,"Development","8d703246-39e0-4ff5-aef9-ec166f84d182","JG8 UX8",187,"2019-02-13 12:05:06","WindowsPlayer",NA,11,"TaskEvent",0,"0.11.141",675.669982910156,1129.66003417969,98.5059509277344,-0.0337118096649647,-0.999431610107422,0,"Find Toppo's Posters","49,poster1;49,poster2;49,poster3","U2,U2_Collectibles,U2_Quests","0.11.141","TaskProgressEvent",65,"Check the Ruins Water Table",1
"3111","5c64b0cee4194c47a1570c9c",4,"Development","8d703246-39e0-4ff5-aef9-ec166f84d182","JG8 UX8",187,"2019-02-13 12:05:06","WindowsPlayer",NA,11,"TaskEvent",0,"0.11.141",675.669982910156,1129.66003417969,98.5059509277344,-0.0337118096649647,-0.999431610107422,0,"Find Toppo's Posters","49,poster1;49,poster2;49,poster3;49,poster4","U2,U2_Collectibles,U2_Quests","0.11.141","TaskCompleteEvent",65,"Check the Ruins Water Table",NA
"3112","5c64b0cee4194c47a1570ca6",4,"Development","8d703246-39e0-4ff5-aef9-ec166f84d182","JG8 UX8",187,"2019-02-13 12:05:06","WindowsPlayer",NA,11,"TaskEvent",0,"0.11.141",675.669982910156,1129.66003417969,98.5059509277344,-0.0337118096649647,-0.999431610107422,0,"Find Toppo's Posters","49,poster1;49,poster2;49,poster3;49,poster4;49,poster5","U2,U2_Collectibles,U2_Quests","0.11.141","TaskActiveEvent",36,"Transport Water",NA
"3113","5c64b100e4194c47a1570d60",4,"Development","8d703246-39e0-4ff5-aef9-ec166f84d182","JG8 UX8",187,"2019-02-13 12:06:18","WindowsPlayer",NA,11,"TaskEvent",0,"0.11.141",675.729797363281,1126.17736816406,98.1807098388672,0.0500367395579815,-0.9987473487854,0,"Find Toppo's Posters,What just happened?,Crash Diagnostics - Mountains","49,poster1;49,poster2;49,poster3;49,poster4;49,poster5;49,poster6;51,pod","U2,U2_Collectibles,U2_Quests","0.11.141","TaskProgressEvent",36,"Evaporate Water",1
"3114","5c64b100e4194c47a1570d63",4,"Development","8d703246-39e0-4ff5-aef9-ec166f84d182","JG8 UX8",187,"2019-02-13 12:06:16","WindowsPlayer",NA,11,"TaskEvent",0,"0.11.141",675.669982910156,1129.66003417969,98.5059509277344,0.0430629774928093,-0.999072670936584,0,"Find Toppo's Posters,What just happened?","49,poster1;49,poster2;49,poster3;49,poster4;49,poster5;49,poster6","U2,U2_Collectibles,U2_Quests","0.11.141","TaskCompleteEvent",36,"Evaporate Water",NA
"3115","5c64b114e4194c47a1570dbe",4,"Development","8d703246-39e0-4ff5-aef9-ec166f84d182","JG8 UX8",187,"2019-02-13 12:06:33","WindowsPlayer",NA,11,"TaskEvent",0,"0.11.141",675.866882324219,1124.22314453125,98.0240707397461,0.032598577439785,-0.999468803405762,0,"Find Toppo's Posters,What just happened?,Crash Diagnostics - Mountains","49,poster1;49,poster2;49,poster3;49,poster4;49,poster5;49,poster6;51,pod;44,your pod","U2,U2_Collectibles,U2_Quests","0.11.141","TaskCompleteEvent",88,"Check the Seaside Humidity",NA
"3116","5c64b114e4194c47a1570dc0",4,"Development","8d703246-39e0-4ff5-aef9-ec166f84d182","JG8 UX8",187,"2019-02-13 12:06:33","WindowsPlayer",NA,11,"TaskEvent",0,"0.11.141",675.866882324219,1124.22314453125,98.0240707397461,0.032598577439785,-0.999468803405762,0,"Find Toppo's Posters,What just happened?","49,poster1;49,poster2;49,poster3;49,poster4;49,poster5;49,poster6;51,pod","U2,U2_Collectibles,U2_Quests","0.11.141","TaskProgressEvent",88,"Check the Seaside Humidity",1
"3117","5c64b11ee4194c47a1570dd8",4,"Development","8d703246-39e0-4ff5-aef9-ec166f84d182","JG8 UX8",187,"2019-02-13 12:04:11","WindowsPlayer",NA,11,"TaskEvent",0,"0.11.141",30.2271118164062,30.0883121490479,1.77283704280853,-0.760407984256744,0.649445772171021,0,"U1 - Meet up with Jasper","79,jumpDebris","U1,U1_Quest","0.11.141","TaskActiveEvent",88,"Check the Factory Humidity",NA
"3118","5c64b11ee4194c47a1570de0",4,"Development","8d703246-39e0-4ff5-aef9-ec166f84d182","JG8 UX8",187,"2019-02-13 12:04:11","WindowsPlayer",NA,11,"TaskEvent",0,"0.11.141",30.2271118164062,30.0883121490479,1.77283704280853,-0.760407984256744,0.649445772171021,0,"U1 - Meet up with Jasper","79,jumpDebris;79,escapePods","U1,U1_Quest","0.11.141","TaskProgressEvent",88,"Check the Cave Humidity",1
"3119","5c64b11ee4194c47a1570de7",4,"Development","8d703246-39e0-4ff5-aef9-ec166f84d182","JG8 UX8",187,"2019-02-13 12:04:11","WindowsPlayer",NA,11,"TaskEvent",0,"0.11.141",30.2271118164062,30.0883121490479,1.77283704280853,-0.760407984256744,0.649445772171021,0,"U1 - Meet up with Jasper","79,jumpDebris","U1,U1_Quest","0.11.141","TaskActiveEvent",88,"Check the Base Humidity",NA
"3120","5c64b123e4194c47a1570dec",4,"Development","8d703246-39e0-4ff5-aef9-ec166f84d182","JG8 UX8",187,"2019-02-13 12:03:46","WindowsPlayer",NA,11,"TaskEvent",0,"0.11.141",24.3465614318848,1.96013295650482,0.787625193595886,0.75356113910675,0.65737783908844,0,"U1 - Meet up with Jasper","79,meetJasper;79,followJasper","U1,U1_Quest","0.11.141","TaskCompleteEvent",88,"Check the Cave Humidity",NA
"3121","5c64b123e4194c47a1570df4",4,"Development","8d703246-39e0-4ff5-aef9-ec166f84d182","JG8 UX8",187,"2019-02-13 12:03:46","WindowsPlayer",NA,11,"TaskEvent",0,"0.11.141",24.3465614318848,1.96013295650482,0.787625193595886,0.75356113910675,0.65737783908844,0,"U1 - Meet up with Jasper","79,meetJasper","U1,U1_Quest","0.11.141","TaskCompleteEvent",88,"Check the Base Humidity",NA
"3122","5c64b123e4194c47a1570dfa",4,"Development","8d703246-39e0-4ff5-aef9-ec166f84d182","JG8 UX8",187,"2019-02-13 12:03:46","WindowsPlayer",NA,11,"TaskEvent",0,"0.11.141",24.3465614318848,1.96013295650482,0.787625193595886,0.75356113910675,0.65737783908844,0,"U1 - Meet up with Jasper","79,meetJasper","U1,U1_Quest","0.11.141","TaskProgressEvent",88,"Check the Base Humidity",1
"3123","5c64b137e4194c47a1570e42",4,"Development","8d703246-39e0-4ff5-aef9-ec166f84d182","JG8 UX8",187,"2019-02-13 12:07:11","WindowsPlayer",NA,11,"TaskEvent",0,"0.11.141",672.995849609375,1128.32666015625,98.6471099853516,0.155884400010109,-0.987775444984436,0,"Find Toppo's Posters,What just happened?","49,poster1;49,poster2;49,poster3;49,poster4;49,poster5;49,poster6;51,pod;51,scrap","U2,U2_Collectibles,U2_Quests","0.11.141","TaskActiveEvent",89,"Update the Team",NA
"3124","5c64b137e4194c47a1570e46",4,"Development","8d703246-39e0-4ff5-aef9-ec166f84d182","JG8 UX8",187,"2019-02-13 12:07:11","WindowsPlayer",NA,11,"TaskEvent",0,"0.11.141",672.995849609375,1128.32666015625,98.6471099853516,0.155884400010109,-0.987775444984436,0,"Find Toppo's Posters,What just happened?","49,poster1;49,poster2;49,poster3;49,poster4;49,poster5;49,poster6;51,pod","U2,U2_Collectibles,U2_Quests","0.11.141","TaskProgressEvent",34,"return to large mart",1
"3125","5c64b137e4194c47a1570e47",4,"Development","8d703246-39e0-4ff5-aef9-ec166f84d182","JG8 UX8",187,"2019-02-13 12:07:11","WindowsPlayer",NA,11,"TaskEvent",0,"0.11.141",672.995849609375,1128.32666015625,98.6471099853516,0.155884400010109,-0.987775444984436,0,"Find Toppo's Posters,What just happened?","49,poster1;49,poster2;49,poster3;49,poster4;49,poster5;49,poster6;51,pod","U2,U2_Collectibles,U2_Quests","0.11.141","TaskActiveEvent",34,"talk to Bill",NA
"3126","5c64b14be4194c47a1570e7c",4,"Development","8d703246-39e0-4ff5-aef9-ec166f84d182","JG8 UX8",187,"2019-02-13 12:07:35","WindowsPlayer",NA,11,"TaskEvent",0,"0.11.141",643.716979980469,1206.79125976562,107.767524719238,-0.900835335254669,0.434160888195038,0,"Find Toppo's Posters,What just happened?","49,poster1;49,poster2;49,poster3;49,poster4;49,poster5;49,poster6;51,scrap","U2,U2_Collectibles,U2_Quests","0.11.141","TaskCompleteEvent",34,"return to large mart",NA
"3127","5c64b155e4194c47a1570eb1",4,"Development","8d703246-39e0-4ff5-aef9-ec166f84d182","JG8 UX8",187,"2019-02-13 12:07:46","WindowsPlayer",NA,11,"TaskEvent",0,"0.11.141",657.487365722656,1243.25061035156,107.767517089844,-0.617473840713501,-0.786591649055481,0,"Find Toppo's Posters,What just happened?","49,poster1;49,poster2;49,poster3;49,poster4;49,poster5;49,poster6;51,scrap","U2,U2_Collectibles,U2_Quests","0.11.141","TaskCompleteEvent",89,"Sort this Out",NA
"3128","5c64b187e4194c47a1570f67",4,"Development","8d703246-39e0-4ff5-aef9-ec166f84d182","JG8 UX8",187,"2019-02-13 12:08:03","WindowsPlayer",NA,11,"TaskEvent",0,"0.11.141",712.244323730469,1217.90417480469,107.421432495117,0.426853567361832,-0.90432071685791,0,"Find Toppo's Posters,What just happened?","49,poster1;49,poster2;49,poster3;49,poster4;49,poster5;49,poster6;51,scrap","U2,U2_Collectibles,U2_Quests","0.11.141","TaskProgressEvent",89,"Sort this Out",1
"3129","5c64b187e4194c47a1570f68",4,"Development","8d703246-39e0-4ff5-aef9-ec166f84d182","JG8 UX8",187,"2019-02-13 12:08:03","WindowsPlayer",NA,11,"TaskEvent",0,"0.11.141",712.244323730469,1217.90417480469,107.421432495117,0.426853567361832,-0.90432071685791,0,"Find Toppo's Posters,What just happened?","49,poster1;49,poster2;49,poster3;49,poster4;49,poster5;49,poster6;51,scrap","U2,U2_Collectibles,U2_Quests","0.11.141","TaskActiveEvent",89,"Counter Him Cadet",NA
"3130","5c64b187e4194c47a1570f74",4,"Development","8d703246-39e0-4ff5-aef9-ec166f84d182","JG8 UX8",187,"2019-02-13 12:08:03","WindowsPlayer",NA,11,"TaskEvent",0,"0.11.141",712.244323730469,1217.90417480469,107.421432495117,0.426853567361832,-0.90432071685791,0,"Find Toppo's Posters,What just happened?","49,poster1;49,poster2;49,poster3;49,poster4;49,poster5;49,poster6;51,scrap;51,hoverboard","U2,U2_Collectibles,U2_Quests","0.11.141","TaskProgressEvent",89,"Counter Him Cadet",1
"3131","5c64b1aae4194c47a1571004",4,"Development","8d703246-39e0-4ff5-aef9-ec166f84d182","JG8 UX8",187,"2019-02-13 12:09:10","WindowsPlayer",NA,11,"TaskEvent",0,"0.11.141",675.335876464844,1124.33142089844,98.0485458374023,0.2261081635952,-0.97410249710083,0,"Find Toppo's Posters,What just happened?","49,poster1;49,poster2;49,poster3;49,poster4;49,poster5;49,poster6;51,hoverboard","U2,U2_Collectibles,U2_Quests","0.11.141","TaskActiveEvent",89,"Is the Water Missing?",NA
"3132","5c64b1abe4194c47a1571008",4,"Development","8d703246-39e0-4ff5-aef9-ec166f84d182","JG8 UX8",187,"2019-02-13 12:09:10","WindowsPlayer",NA,11,"TaskEvent",0,"0.11.141",675.335876464844,1124.33142089844,98.0485458374023,0.2261081635952,-0.97410249710083,0,"Find Toppo's Posters,What just happened?","49,poster1;49,poster2;49,poster3;49,poster4;49,poster5;49,poster6;51,hoverboard","U2,U2_Collectibles,U2_Quests","0.11.141","TaskCompleteEvent",89,"Counter Him Cadet",NA
"3133","5c64b1abe4194c47a1571009",4,"Development","8d703246-39e0-4ff5-aef9-ec166f84d182","JG8 UX8",187,"2019-02-13 12:09:10","WindowsPlayer",NA,11,"TaskEvent",0,"0.11.141",675.335876464844,1124.33142089844,98.0485458374023,0.2261081635952,-0.97410249710083,0,"Find Toppo's Posters,What just happened?","49,poster1;49,poster2;49,poster3;49,poster4;49,poster5;49,poster6;51,hoverboard;51,communications","U2,U2_Collectibles,U2_Quests","0.11.141","TaskActiveEvent",33,"Make a hole in the pan",NA
"3134","5c64b1fae4194c47a1571143",4,"Development","8d703246-39e0-4ff5-aef9-ec166f84d182","JG8 UX8",187,"2019-02-13 12:10:32","WindowsPlayer",NA,11,"TaskEvent",0,"0.11.141",728.379150390625,1513.69689941406,125.651473999023,0.230590730905533,0.973050832748413,0,"Find Toppo's Posters,What just happened?","49,poster1;49,poster2;49,poster3;49,poster4;49,poster5;49,poster6;51,communications","U2,U2_Collectibles,U2_Quests","0.11.141","TaskProgressEvent",33,"convince bill",1
"3135","5c64b1fbe4194c47a1571149",4,"Development","8d703246-39e0-4ff5-aef9-ec166f84d182","JG8 UX8",187,"2019-02-13 12:10:32","WindowsPlayer",NA,11,"TaskEvent",0,"0.11.141",728.379150390625,1513.69689941406,125.651473999023,0.230590730905533,0.973050832748413,0,"Find Toppo's Posters,What just happened?","49,poster1;49,poster2;49,poster3;49,poster4;49,poster5;49,poster6;51,communications","U2,U2_Collectibles,U2_Quests","0.11.141","TaskCompleteEvent",33,"convince bill",NA
"3136","5c64b218e4194c47a15711b4",4,"Development","8d703246-39e0-4ff5-aef9-ec166f84d182","JG8 UX8",187,"2019-02-13 12:10:56","WindowsPlayer",NA,11,"TaskEvent",0,"0.11.141",707.333618164062,1517.52819824219,126.473777770996,0.776795864105225,-0.629752516746521,0,"Find Toppo's Posters,What just happened?","49,poster1;49,poster3;49,poster4;49,poster5;49,poster6;51,communications","U2,U2_Collectibles,U2_Quests","0.11.141","TaskProgressEvent",64,"Measure the East River Levels",1
"3137","5c64b218e4194c47a15711b5",4,"Development","8d703246-39e0-4ff5-aef9-ec166f84d182","JG8 UX8",187,"2019-02-13 12:10:56","WindowsPlayer",NA,11,"TaskEvent",0,"0.11.141",707.333618164062,1517.52819824219,126.473777770996,0.776795864105225,-0.629752516746521,0,"Find Toppo's Posters,What just happened?,Find the Team","49,poster1;49,poster3;49,poster4;49,poster5;49,poster6","U2,U2_Collectibles,U2_Quests","0.11.141","TaskActiveEvent",64,"Measure the West River Levels",NA
"3138","5c64b218e4194c47a15711c6",4,"Development","8d703246-39e0-4ff5-aef9-ec166f84d182","JG8 UX8",187,"2019-02-13 12:10:56","WindowsPlayer",NA,11,"TaskEvent",0,"0.11.141",707.333618164062,1517.52819824219,126.473777770996,0.776795864105225,-0.629752516746521,0,"Find Toppo's Posters,Find the Team","49,poster1;49,poster3;49,poster4;49,poster5;49,poster6;20,Find the team","U2,U2_Collectibles,U2_Quests","0.11.141","TaskCompleteEvent",64,"Measure the East River Levels",NA
"3139","5c64b277e4194c47a15712cd",4,"Development","8d703246-39e0-4ff5-aef9-ec166f84d182","JG8 UX8",187,"2019-02-13 12:12:31","WindowsPlayer",NA,11,"TaskEvent",0,"0.11.141",1003.83911132812,1755.68688964844,117.565620422363,0.998471736907959,0.0552664995193481,0,"Find Toppo's Posters,Find the Team","49,poster1;49,poster3;49,poster4;49,poster5;49,poster6;20,Find the team","U2,U2_Collectibles,U2_Quests","0.11.141","TaskCompleteEvent",89,"Is the Water Missing?",NA
"3140","5c64b277e4194c47a15712ce",4,"Development","8d703246-39e0-4ff5-aef9-ec166f84d182","JG8 UX8",187,"2019-02-13 12:12:31","WindowsPlayer",NA,11,"TaskEvent",0,"0.11.141",1003.83911132812,1755.68688964844,117.565620422363,0.998471736907959,0.0552664995193481,0,"Find Toppo's Posters,Find the Team","49,poster1;49,poster3;49,poster4;49,poster5;49,poster6;20,Find the team;20,Talk with Dr. Topo","U2,U2_Collectibles,U2_Quests","0.11.141","TaskActiveEvent",66,"Follow Jasper",NA
"3141","5c64b278e4194c47a15712d3",4,"Development","8d703246-39e0-4ff5-aef9-ec166f84d182","JG8 UX8",187,"2019-02-13 12:12:31","WindowsPlayer",NA,11,"TaskEvent",0,"0.11.141",1003.83911132812,1755.68688964844,117.565620422363,0.998471736907959,0.0552664995193481,0,"Find Toppo's Posters,Find the Team","49,poster1;49,poster3;49,poster4;49,poster5;49,poster6;20,Find the team","U2,U2_Collectibles,U2_Quests","0.11.141","TaskProgressEvent",89,"Is the Water Missing?",1
"3142","5c64b27ce4194c47a15712de",4,"Development","8d703246-39e0-4ff5-aef9-ec166f84d182","JG8 UX8",187,"2019-02-13 12:12:37","WindowsPlayer",NA,11,"TaskEvent",0,"0.11.141",1062.19506835938,1758.88916015625,105.410202026367,-0.191354513168335,-0.981521129608154,0,"Find Toppo's Posters,Find the Team","49,poster1;49,poster3;49,poster4;49,poster5;49,poster6;20,Talk with Dr. Topo","U2,U2_Collectibles,U2_Quests","0.11.141","TaskCompleteEvent",50,"watershed",NA
"3143","5c64b27ce4194c47a15712df",4,"Development","8d703246-39e0-4ff5-aef9-ec166f84d182","JG8 UX8",187,"2019-02-13 12:12:37","WindowsPlayer",NA,11,"TaskEvent",0,"0.11.141",1062.19506835938,1758.88916015625,105.410202026367,-0.191354513168335,-0.981521129608154,0,"Find Toppo's Posters,Find the Team,Settling WAT247","49,poster1;49,poster3;49,poster4;49,poster5;49,poster6","U2,U2_Collectibles,U2_Quests","0.11.141","TaskProgressEvent",50,"watershed",1
"3144","5c64b27ce4194c47a15712e1",4,"Development","8d703246-39e0-4ff5-aef9-ec166f84d182","JG8 UX8",187,"2019-02-13 12:12:37","WindowsPlayer",NA,11,"TaskEvent",0,"0.11.141",1062.19506835938,1758.88916015625,105.410202026367,-0.191354513168335,-0.981521129608154,0,"Find Toppo's Posters,Settling WAT247","49,poster1;49,poster3;49,poster4;49,poster5;49,poster6;22,Talk to Anderson","U2,U2_Collectibles,U2_Quests","0.11.141","TaskActiveEvent",90,"Enter the Alien Base",NA
"3145","5c64b2a9e4194c47a1571392",4,"Development","8d703246-39e0-4ff5-aef9-ec166f84d182","JG8 UX8",187,"2019-02-13 12:12:56","WindowsPlayer",NA,11,"TaskEvent",0,"0.11.141",1062.19506835938,1758.88916015625,105.410202026367,-0.191354513168335,-0.981521129608154,0,"Find Toppo's Posters,Settling WAT247,Crash Diagnostics - Mountains","49,poster1;49,poster3;49,poster4;49,poster5;49,poster6;22,Talk to Anderson","U2,U2_Collectibles,U2_Quests","0.11.141","TaskCompleteEvent",66,"Enter the Alien Teleporter",NA
"3146","5c64b2ffe4194c47a1571488",4,"Development","8d703246-39e0-4ff5-aef9-ec166f84d182","JG8 UX8",187,"2019-02-13 12:14:52","WindowsPlayer",NA,11,"TaskEvent",0,"0.11.141",1044.67395019531,1739.73864746094,104.543182373047,-0.863675951957703,-0.504047751426697,0,"Find Toppo's Posters,Settling WAT247,Crash Diagnostics - Mountains","49,poster1;49,poster3;49,poster4;49,poster5;49,poster6;22,Talk to Anderson;46,jasper","U2,U2_Collectibles,U2_Quests","0.11.141","TaskProgressEvent",66,"Enter the Alien Teleporter",1
"3147","5c64b2ffe4194c47a157148f",4,"Development","8d703246-39e0-4ff5-aef9-ec166f84d182","JG8 UX8",187,"2019-02-13 12:14:52","WindowsPlayer",NA,11,"TaskEvent",0,"0.11.141",1044.67395019531,1739.73864746094,104.543182373047,-0.863675951957703,-0.504047751426697,0,"Find Toppo's Posters,Settling WAT247,Crash Diagnostics - Mountains","49,poster1;49,poster3;49,poster4;49,poster5;49,poster6;22,Talk to Anderson;46,jasper","U2,U2_Collectibles,U2_Quests","0.11.141","TaskProgressEvent",90,"Operate the Alien Console",1
"3148","5c64b2ffe4194c47a1571495",4,"Development","8d703246-39e0-4ff5-aef9-ec166f84d182","JG8 UX8",187,"2019-02-13 12:14:52","WindowsPlayer",NA,11,"TaskEvent",0,"0.11.141",1044.67395019531,1739.73864746094,104.543182373047,-0.863675951957703,-0.504047751426697,0,"Find Toppo's Posters,Settling WAT247,Crash Diagnostics - Mountains","49,poster1;49,poster3;49,poster4;49,poster5;49,poster6;22,Talk to Anderson;46,jasper;22,Talk to Sam","U2,U2_Collectibles,U2_Quests","0.11.141","TaskCompleteEvent",90,"Operate the Alien Console",NA
"3149","5c64b322e4194c47a15714d8",4,"Development","8d703246-39e0-4ff5-aef9-ec166f84d182","JG8 UX8",187,"2019-02-13 12:15:14","WindowsPlayer",NA,11,"TaskEvent",0,"0.11.141",1058.56188964844,1734.05017089844,99.9705429077148,0.997602760791779,0.0692014098167419,0,"Find Toppo's Posters,Settling WAT247,Crash Diagnostics - Mountains","49,poster1;49,poster3;49,poster4;49,poster5;49,poster6;46,jasper;22,Talk to Sam","U2,U2_Collectibles,U2_Quests","0.11.141","TaskActiveEvent",67,"Reverse the Water",NA
"3150","5c64b322e4194c47a15714d9",4,"Development","8d703246-39e0-4ff5-aef9-ec166f84d182","JG8 UX8",187,"2019-02-13 12:15:14","WindowsPlayer",NA,11,"TaskEvent",0,"0.11.141",1058.56188964844,1734.05017089844,99.9705429077148,0.997602760791779,0.0692014098167419,0,"Find Toppo's Posters,Settling WAT247,Crash Diagnostics - Mountains","49,poster1;49,poster3;49,poster4;49,poster5;49,poster6;46,jasper;22,Talk to Sam","U2,U2_Collectibles,U2_Quests","0.11.141","TaskActiveEvent",67,"Thaw the Ice",NA
"3151","5c64b322e4194c47a15714da",4,"Development","8d703246-39e0-4ff5-aef9-ec166f84d182","JG8 UX8",187,"2019-02-13 12:15:14","WindowsPlayer",NA,11,"TaskEvent",0,"0.11.141",1058.56188964844,1734.05017089844,99.9705429077148,0.997602760791779,0.0692014098167419,0,"Find Toppo's Posters,Settling WAT247,Crash Diagnostics - Mountains","49,poster1;49,poster3;49,poster4;49,poster5;49,poster6;46,jasper;22,Talk to Sam;22,Talk to Bill","U2,U2_Collectibles,U2_Quests","0.11.141","TaskProgressEvent",67,"Thaw the Ice",1
"3152","5c64b345e4194c47a1571561",4,"Development","8d703246-39e0-4ff5-aef9-ec166f84d182","JG8 UX8",187,"2019-02-13 12:15:36","WindowsPlayer",NA,11,"TaskEvent",0,"0.11.141",1049.53491210938,1728.31274414062,100.335517883301,0.849265575408936,0.527966022491455,0,"Find Toppo's Posters,Settling WAT247,Crash Diagnostics - Mountains","49,poster1;49,poster3;49,poster4;49,poster5;49,poster6;46,jasper;22,Talk to Bill","U2,U2_Collectibles,U2_Quests","0.11.141","TaskProgressEvent",67,"Open the 3rd Blast Door",1
"3153","5c64b345e4194c47a1571567",4,"Development","8d703246-39e0-4ff5-aef9-ec166f84d182","JG8 UX8",187,"2019-02-13 12:15:36","WindowsPlayer",NA,11,"TaskEvent",0,"0.11.141",1049.53491210938,1728.31274414062,100.335517883301,0.849265575408936,0.527966022491455,0,"Find Toppo's Posters,Settling WAT247,Crash Diagnostics - Mountains","49,poster1;49,poster3;49,poster4;49,poster5;49,poster6;46,jasper;22,Talk to Bill","U2,U2_Collectibles,U2_Quests","0.11.141","TaskCompleteEvent",67,"Open the 3rd Blast Door",NA
"3154","5c64b345e4194c47a1571568",4,"Development","8d703246-39e0-4ff5-aef9-ec166f84d182","JG8 UX8",187,"2019-02-13 12:15:36","WindowsPlayer",NA,11,"TaskEvent",0,"0.11.141",1049.53491210938,1728.31274414062,100.335517883301,0.849265575408936,0.527966022491455,0,"Find Toppo's Posters,Settling WAT247,Crash Diagnostics - Mountains","49,poster1;49,poster3;49,poster4;49,poster5;49,poster6;46,jasper;22,Talk to Bill;22,Sample the east waterfall","U2,U2_Collectibles,U2_Quests","0.11.141","TaskActiveEvent",67,"Open the 4th Blast Door",NA
"3155","5c64b419e4194c47a15718ae",4,"Development","8d703246-39e0-4ff5-aef9-ec166f84d182","JG8 UX8",187,"2019-02-13 12:19:32","WindowsPlayer",NA,11,"TaskEvent",0,"0.11.141",0,-50,0.980000019073486,0.120136857032776,0.992757320404053,0,"Find Toppo's Posters,Settling WAT247,Crash Diagnostics - Mountains,Welcome to CREi","49,poster1;49,poster3;49,poster4;49,poster5;49,poster6;46,jasper;22,Sample the west waterfall","CREi","0.11.141","TaskCompleteEvent",67,"Thaw the Ice",NA
"3156","5c64b422e4194c47a15718cc",4,"Development","8d703246-39e0-4ff5-aef9-ec166f84d182","JG8 UX8",187,"2019-02-13 12:19:44","WindowsPlayer",NA,11,"TaskEvent",0,"0.11.141",2.01143193244934,-39.5831680297852,0.980000019073486,-0.090632475912571,0.995884418487549,0,"Find Toppo's Posters,Settling WAT247,Crash Diagnostics - Mountains,Welcome to CREi","49,poster1;49,poster3;49,poster4;49,poster5;49,poster6;46,jasper;22,Sample the west waterfall;84,Spawn a Component","CREi","0.11.141","TaskProgressEvent",67,"Close the 4th Blast Door",1
"3157","5c64b422e4194c47a15718d2",4,"Development","8d703246-39e0-4ff5-aef9-ec166f84d182","JG8 UX8",187,"2019-02-13 12:19:44","WindowsPlayer",NA,11,"TaskEvent",0,"0.11.141",2.01143193244934,-39.5831680297852,0.980000019073486,-0.090632475912571,0.995884418487549,0,"Find Toppo's Posters,Settling WAT247,Crash Diagnostics - Mountains,Welcome to CREi","49,poster1;49,poster3;49,poster4;49,poster5;49,poster6;46,jasper;22,Sample the west waterfall;84,Spawn a Component","CREi","0.11.141","TaskCompleteEvent",67,"Close the 4th Blast Door",NA
"3158","5c64b422e4194c47a15718d3",4,"Development","8d703246-39e0-4ff5-aef9-ec166f84d182","JG8 UX8",187,"2019-02-13 12:19:44","WindowsPlayer",NA,11,"TaskEvent",0,"0.11.141",2.01143193244934,-39.5831680297852,0.980000019073486,-0.090632475912571,0.995884418487549,0,"Find Toppo's Posters,Settling WAT247,Crash Diagnostics - Mountains,Welcome to CREi","49,poster1;49,poster3;49,poster4;49,poster5;49,poster6;46,jasper;22,Sample the west waterfall;84,Spawn a Component;84,Identify a Component","CREi","0.11.141","TaskActiveEvent",67,"Condense the Water",NA
"3159","5c64b4a9e4194c47a1571af0",4,"Development","8d703246-39e0-4ff5-aef9-ec166f84d182","JG8 UX8",187,"2019-02-13 12:21:59","WindowsPlayer",NA,11,"TaskEvent",0,"0.11.141",0.170000001788139,-38.7799987792969,0.980000019073486,0.483282327651978,0.875464558601379,0,"Find Toppo's Posters,Settling WAT247,Crash Diagnostics - Mountains,Welcome to CREi","49,poster1;49,poster3;49,poster4;49,poster5;49,poster6;46,jasper;22,Sample the west waterfall;84,Identify a Component","CREi","0.11.141","TaskCompleteEvent",67,"Re-open the 4th Blast Door",NA
"3160","5c64b4aae4194c47a1571af1",4,"Development","8d703246-39e0-4ff5-aef9-ec166f84d182","JG8 UX8",187,"2019-02-13 12:21:59","WindowsPlayer",NA,11,"TaskEvent",0,"0.11.141",0.170000001788139,-38.7799987792969,0.980000019073486,0.483282327651978,0.875464558601379,0,"Find Toppo's Posters,Settling WAT247,Crash Diagnostics - Mountains,Welcome to CREi","49,poster1;49,poster3;49,poster4;49,poster5;49,poster6;46,jasper;22,Sample the west waterfall;84,Identify a Component","CREi","0.11.141","TaskProgressEvent",67,"Re-open the 4th Blast Door",1
"3161","5c64b4aae4194c47a1571af2",4,"Development","8d703246-39e0-4ff5-aef9-ec166f84d182","JG8 UX8",187,"2019-02-13 12:21:59","WindowsPlayer",NA,11,"TaskEvent",0,"0.11.141",0.170000001788139,-38.7799987792969,0.980000019073486,0.483282327651978,0.875464558601379,0,"Find Toppo's Posters,Settling WAT247,Crash Diagnostics - Mountains,Welcome to CREi","49,poster1;49,poster3;49,poster4;49,poster5;49,poster6;46,jasper;22,Sample the west waterfall;84,Identify a Component;84,And all the rest","CREi","0.11.141","TaskActiveEvent",68,"Return to the Teleporter",NA
"3162","5c64b4cce4194c47a1571b6e",4,"Development","8d703246-39e0-4ff5-aef9-ec166f84d182","JG8 UX8",187,"2019-02-13 12:22:25","WindowsPlayer",NA,11,"TaskEvent",0,"0.11.141",0.170000001788139,-38.7799987792969,0.980000019073486,0.0749787241220474,0.997185111045837,0,"Find Toppo's Posters,Settling WAT247,Crash Diagnostics - Mountains,Welcome to CREi","49,poster1;49,poster3;49,poster4;49,poster5;49,poster6;46,jasper;22,Sample the west waterfall;84,And all the rest","CREi","0.11.141","TaskCompleteEvent",66,"Complete the First Wing",NA
"3163","5c64b4cce4194c47a1571b6f",4,"Development","8d703246-39e0-4ff5-aef9-ec166f84d182","JG8 UX8",187,"2019-02-13 12:22:25","WindowsPlayer",NA,11,"TaskEvent",0,"0.11.141",0.170000001788139,-38.7799987792969,0.980000019073486,0.0749787241220474,0.997185111045837,0,"Find Toppo's Posters,Settling WAT247,Crash Diagnostics - Mountains,Welcome to CREi","49,poster1;49,poster3;49,poster4;49,poster5;49,poster6;46,jasper;22,Sample the west waterfall;84,And all the rest;84,Finish fixing ARF","CREi","0.11.141","TaskActiveEvent",66,"Complete the Second Wing",NA
"3164","5c64b4cce4194c47a1571b72",4,"Development","8d703246-39e0-4ff5-aef9-ec166f84d182","JG8 UX8",187,"2019-02-13 12:22:25","WindowsPlayer",NA,11,"TaskEvent",0,"0.11.141",0.170000001788139,-38.7799987792969,0.980000019073486,0.0749787241220474,0.997185111045837,0,"Find Toppo's Posters,Settling WAT247,Crash Diagnostics - Mountains,Welcome to CREi","49,poster1;49,poster3;49,poster4;49,poster5;49,poster6;46,jasper;22,Sample the west waterfall;84,And all the rest","CREi","0.11.141","TaskProgressEvent",66,"Complete the First Wing",1
"3165","5c64b4e0e4194c47a1571bc3",4,"Development","8d703246-39e0-4ff5-aef9-ec166f84d182","JG8 UX8",187,"2019-02-13 12:18:24","WindowsPlayer",NA,11,"TaskEvent",0,"0.11.141",1665.37683105469,290.585845947266,52.1653251647949,0.482796221971512,-0.875732660293579,0,"Find Toppo's Posters,Settling WAT247,Crash Diagnostics - Mountains","49,poster1;49,poster3;49,poster4;49,poster5;49,poster6;46,jasper;22,Sample the east waterfall","U2,U2_Collectibles,U2_Quests,U2_LeftWaterfall","0.11.141","TaskActiveEvent",68,"Talk with Toppo",NA
"3166","5c64b4e0e4194c47a1571bc4",4,"Development","8d703246-39e0-4ff5-aef9-ec166f84d182","JG8 UX8",187,"2019-02-13 12:18:24","WindowsPlayer",NA,11,"TaskEvent",0,"0.11.141",1665.37683105469,290.585845947266,52.1653251647949,0.482796221971512,-0.875732660293579,0,"Find Toppo's Posters,Settling WAT247,Crash Diagnostics - Mountains","49,poster1;49,poster3;49,poster4;49,poster5;49,poster6;46,jasper;22,Sample the east waterfall;22,Sample the west waterfall","U2,U2_Collectibles,U2_Quests,U2_LeftWaterfall","0.11.141","TaskCompleteEvent",68,"Return to the Teleporter",NA
"3167","5c64b4e0e4194c47a1571bc8",4,"Development","8d703246-39e0-4ff5-aef9-ec166f84d182","JG8 UX8",187,"2019-02-13 12:18:24","WindowsPlayer",NA,11,"TaskEvent",0,"0.11.141",1665.37683105469,290.585845947266,52.1653251647949,0.482796221971512,-0.875732660293579,0,"Find Toppo's Posters,Settling WAT247,Crash Diagnostics - Mountains","49,poster1;49,poster3;49,poster4;49,poster5;49,poster6;46,jasper;22,Sample the east waterfall","U2,U2_Collectibles,U2_Quests,U2_LeftWaterfall","0.11.141","TaskProgressEvent",68,"Return to the Teleporter",1
"3168","5c64b571e4194c47a1571cb5",4,"Development","8d703246-39e0-4ff5-aef9-ec166f84d182","JG8 UX8",187,"2019-02-13 12:25:15","WindowsPlayer",NA,11,"TaskEvent",0,"0.11.141",0.170000001788139,-38.7799987792969,0.980000019073486,0.486335605382919,0.873772084712982,0,"Find Toppo's Posters,Settling WAT247,Crash Diagnostics - Mountains","49,poster1;49,poster3;49,poster4;49,poster5;49,poster6;46,jasper;22,Sample the west waterfall","CREi","0.11.141","TaskProgressEvent",66,"Complete the Second Wing",1
"3169","5c64b571e4194c47a1571cba",4,"Development","8d703246-39e0-4ff5-aef9-ec166f84d182","JG8 UX8",187,"2019-02-13 12:25:15","WindowsPlayer",NA,11,"TaskEvent",0,"0.11.141",0.170000001788139,-38.7799987792969,0.980000019073486,0.486335605382919,0.873772084712982,0,"Find Toppo's Posters,Settling WAT247,Crash Diagnostics - Mountains,Welcome to CREi","49,poster1;49,poster3;49,poster4;49,poster5;49,poster6;46,jasper;22,Sample the west waterfall;84,Finish fixing ARF","CREi","0.11.141","TaskActiveEvent",66,"Complete the Third Wing",NA
"3170","5c64b62ae4194c47a1571e02",4,"Development","8d703246-39e0-4ff5-aef9-ec166f84d182","JG8 UX8",187,"2019-02-13 12:28:26","WindowsPlayer",NA,11,"TaskEvent",0,"0.11.141",268.83349609375,297.988220214844,52.7753868103027,0.857167899608612,0.515037178993225,0,"Find Toppo's Posters,Settling WAT247,Crash Diagnostics - Mountains","49,poster1;49,poster3;49,poster4;49,poster5;49,poster6;46,jasper;22,Sample the west waterfall","U2,U2_Collectibles,U2_Quests,U2_RightWaterfall","0.11.141","TaskCompleteEvent",66,"Complete the Second Wing",NA
"3171","5c64b62ae4194c47a1571e13",4,"Development","8d703246-39e0-4ff5-aef9-ec166f84d182","JG8 UX8",187,"2019-02-13 12:28:26","WindowsPlayer",NA,11,"TaskEvent",0,"0.11.141",268.83349609375,297.988220214844,52.7753868103027,0.857167899608612,0.515037178993225,0,"Find Toppo's Posters,Settling WAT247,Crash Diagnostics - Mountains,The Largest Watershed","49,poster1;49,poster3;49,poster4;49,poster5;49,poster6;46,jasper","U2,U2_Collectibles,U2_Quests,U2_RightWaterfall","0.11.141","TaskActiveEvent",67,"Open the 3rd Blast Door",NA
"3172","5c64b62be4194c47a1571e16",4,"Development","8d703246-39e0-4ff5-aef9-ec166f84d182","JG8 UX8",187,"2019-02-13 12:28:26","WindowsPlayer",NA,11,"TaskEvent",0,"0.11.141",268.83349609375,297.988220214844,52.7753868103027,0.857167899608612,0.515037178993225,0,"Find Toppo's Posters,Crash Diagnostics - Mountains,The Largest Watershed","49,poster1;49,poster3;49,poster4;49,poster5;49,poster6;46,jasper;28,Talk to Holo-Toppo","U2,U2_Collectibles,U2_Quests,U2_RightWaterfall","0.11.141","TaskCompleteEvent",67,"Open the 2nd Blast Door",NA
"3173","5c64b6fde4194c47a1571ee4",4,"Development","8d703246-39e0-4ff5-aef9-ec166f84d182","JG8 UX8",187,"2019-02-13 12:31:49","WindowsPlayer",NA,11,"TaskEvent",0,"0.11.141",270.037414550781,300.819732666016,51.9674301147461,-0.929776310920715,0.368125140666962,0,"Settling WAT247,Find Toppo's Posters,Crash Diagnostics - Mountains","22,Sample the west waterfall;49,poster1;49,poster3;49,poster4;49,poster5;49,poster6;46,jasper","U2,U2_Collectibles,U2_Quests,U2_RightWaterfall","0.11.141","TaskProgressEvent",67,"Open the 2nd Blast Door",1
"3174","5c64b6fde4194c47a1571ee5",4,"Development","8d703246-39e0-4ff5-aef9-ec166f84d182","JG8 UX8",187,"2019-02-13 12:31:49","WindowsPlayer",NA,11,"TaskEvent",0,"0.11.141",270.037414550781,300.819732666016,51.9674301147461,-0.929776310920715,0.368125140666962,0,"Settling WAT247,Find Toppo's Posters,Crash Diagnostics - Mountains,The Largest Watershed","49,poster1;49,poster3;49,poster4;49,poster5;49,poster6;46,jasper","U2,U2_Collectibles,U2_Quests,U2_RightWaterfall","0.11.141","TaskCompleteEvent",68,"Talk with Toppo",NA
"3175","5c64b6fde4194c47a1571ee7",4,"Development","8d703246-39e0-4ff5-aef9-ec166f84d182","JG8 UX8",187,"2019-02-13 12:31:49","WindowsPlayer",NA,11,"TaskEvent",0,"0.11.141",270.037414550781,300.819732666016,51.9674301147461,-0.929776310920715,0.368125140666962,0,"Find Toppo's Posters,Crash Diagnostics - Mountains,The Largest Watershed","49,poster1;49,poster3;49,poster4;49,poster5;49,poster6;46,jasper;28,Talk to Holo-Toppo","U2,U2_Collectibles,U2_Quests,U2_RightWaterfall","0.11.141","TaskProgressEvent",68,"Talk with Toppo",1
"3176","5c64b7c0e4194c47a1571fe6",4,"Development","8d703246-39e0-4ff5-aef9-ec166f84d182","JG8 UX8",187,"2019-02-13 12:35:03","WindowsPlayer",NA,11,"TaskEvent",0,"0.11.141",263.070007324219,295.622283935547,53.936222076416,-0.912834405899048,-0.408329725265503,0,"Find Toppo's Posters,Crash Diagnostics - Mountains,The Largest Watershed","49,poster1;49,poster3;49,poster4;49,poster5;49,poster6;46,jasper;28,Talk to Holo-Toppo","U2,U2_Collectibles,U2_Quests,U2_RightWaterfall","0.11.141","TaskCompleteEvent",67,"Open the 4th Blast Door",NA
"3177","5c64b7c0e4194c47a1571fe7",4,"Development","8d703246-39e0-4ff5-aef9-ec166f84d182","JG8 UX8",187,"2019-02-13 12:35:03","WindowsPlayer",NA,11,"TaskEvent",0,"0.11.141",263.070007324219,295.622283935547,53.936222076416,-0.912834405899048,-0.408329725265503,0,"Find Toppo's Posters,Crash Diagnostics - Mountains,The Largest Watershed","49,poster1;49,poster3;49,poster4;49,poster5;49,poster6;46,jasper;28,Talk to Holo-Toppo","U2,U2_Collectibles,U2_Quests,U2_RightWaterfall","0.11.141","TaskProgressEvent",67,"Open the 4th Blast Door",1
"3178","5c64b7c0e4194c47a1571fea",4,"Development","8d703246-39e0-4ff5-aef9-ec166f84d182","JG8 UX8",187,"2019-02-13 12:35:03","WindowsPlayer",NA,11,"TaskEvent",0,"0.11.141",263.070007324219,295.622283935547,53.936222076416,-0.912834405899048,-0.408329725265503,0,"Find Toppo's Posters,Crash Diagnostics - Mountains,The Largest Watershed","49,poster1;49,poster3;49,poster4;49,poster5;49,poster6;46,jasper;28,Talk to Holo-Toppo;28,Argue which watershed is bigger","U2,U2_Collectibles,U2_Quests,U2_RightWaterfall","0.11.141","TaskActiveEvent",67,"Close the 4th Blast Door",NA
"3179","5c64b851e4194c47a15720f1",4,"Development","8d703246-39e0-4ff5-aef9-ec166f84d182","JG8 UX8",187,"2019-02-13 12:37:30","WindowsPlayer",NA,11,"TaskEvent",0,"0.11.141",263.070007324219,295.622283935547,53.936222076416,-0.898027896881104,-0.43993878364563,0,"Find Toppo's Posters,Crash Diagnostics - Mountains,The Largest Watershed","49,poster1;49,poster3;49,poster4;49,poster5;49,poster6;46,jasper;28,Argue which watershed is bigger","U2,U2_Collectibles,U2_Quests,U2_RightWaterfall","0.11.141","TaskActiveEvent",67,"Re-open the 4th Blast Door",NA
"3180","5c64b851e4194c47a15720f2",4,"Development","8d703246-39e0-4ff5-aef9-ec166f84d182","JG8 UX8",187,"2019-02-13 12:37:30","WindowsPlayer",NA,11,"TaskEvent",0,"0.11.141",263.070007324219,295.622283935547,53.936222076416,-0.898027896881104,-0.43993878364563,0,"Find Toppo's Posters,Crash Diagnostics - Mountains,The Largest Watershed,Welcome home","49,poster1;49,poster3;49,poster4;49,poster5;49,poster6;46,jasper","U2,U2_Collectibles,U2_Quests,U2_RightWaterfall","0.11.141","TaskProgressEvent",67,"Condense the Water",1
"3181","5c64b851e4194c47a15720f4",4,"Development","8d703246-39e0-4ff5-aef9-ec166f84d182","JG8 UX8",187,"2019-02-13 12:37:30","WindowsPlayer",NA,11,"TaskEvent",0,"0.11.141",263.070007324219,295.622283935547,53.936222076416,-0.898027896881104,-0.43993878364563,0,"Find Toppo's Posters,Crash Diagnostics - Mountains,Welcome home","49,poster1;49,poster3;49,poster4;49,poster5;49,poster6;46,jasper;58,Speak with Toppo","U2,U2_Collectibles,U2_Quests,U2_RightWaterfall","0.11.141","TaskCompleteEvent",67,"Condense the Water",NA
"3182","5c64b8b3e4194c47a1572194",4,"Development","8d703246-39e0-4ff5-aef9-ec166f84d182","JG8 UX8",187,"2019-02-13 12:39:09","WindowsPlayer",NA,11,"TaskEvent",0,"0.11.141",91.951545715332,103.944389343262,77.9805450439453,-0.988228321075439,0.152986109256744,0,"Find Toppo's Posters,Crash Diagnostics - Mountains,Welcome home","49,poster1;49,poster3;49,poster4;49,poster5;49,poster6;46,jasper;58,Speak with Toppo","Player_Base","0.11.141","TaskProgressEvent",66,"Complete the Third Wing",1
"3183","5c64b8b3e4194c47a1572195",4,"Development","8d703246-39e0-4ff5-aef9-ec166f84d182","JG8 UX8",187,"2019-02-13 12:39:09","WindowsPlayer",NA,11,"TaskEvent",0,"0.11.141",91.951545715332,103.944389343262,77.9805450439453,-0.988228321075439,0.152986109256744,0,"Find Toppo's Posters,Crash Diagnostics - Mountains,Welcome home","49,poster1;49,poster3;49,poster4;49,poster5;49,poster6;46,jasper;58,Speak with Toppo;58,Jasper's Proposal","Player_Base","0.11.141","TaskActiveEvent",66,"Enter the Alien Teleporter",NA
"3184","5c64b8b3e4194c47a1572198",4,"Development","8d703246-39e0-4ff5-aef9-ec166f84d182","JG8 UX8",187,"2019-02-13 12:39:09","WindowsPlayer",NA,11,"TaskEvent",0,"0.11.141",91.951545715332,103.944389343262,77.9805450439453,-0.988228321075439,0.152986109256744,0,"Find Toppo's Posters,Crash Diagnostics - Mountains,Welcome home","49,poster1;49,poster3;49,poster4;49,poster5;49,poster6;46,jasper;58,Speak with Toppo","Player_Base","0.11.141","TaskCompleteEvent",66,"Complete the Third Wing",NA
"3185","5c64b8efe4194c47a15721f9",4,"Development","8d703246-39e0-4ff5-aef9-ec166f84d182","JG8 UX8",187,"2019-02-13 12:40:12","WindowsPlayer",NA,11,"TaskEvent",0,"0.11.141",92.2228851318359,106.497673034668,77.9805526733398,-0.185666754841805,0.982612788677216,0,"Find Toppo's Posters,Crash Diagnostics - Mountains,Welcome home","49,poster1;49,poster3;49,poster4;49,poster5;49,poster6;46,jasper;58,Jasper's Proposal","Player_Base","0.11.141","TaskActiveEvent",66,"Complete the First Wing",NA
"3186","5c64b8efe4194c47a15721fd",4,"Development","8d703246-39e0-4ff5-aef9-ec166f84d182","JG8 UX8",187,"2019-02-13 12:40:12","WindowsPlayer",NA,11,"TaskEvent",0,"0.11.141",92.2228851318359,106.497673034668,77.9805526733398,-0.185666754841805,0.982612788677216,0,"Find Toppo's Posters,Crash Diagnostics - Mountains,Welcome home","49,poster1;49,poster3;49,poster4;49,poster5;49,poster6;46,jasper;58,Jasper's Proposal;58,Head to bed","Player_Base","0.11.141","TaskProgressEvent",66,"Gain Entrance to the New Ruins",1
"3187","5c64b8efe4194c47a1572203",4,"Development","8d703246-39e0-4ff5-aef9-ec166f84d182","JG8 UX8",187,"2019-02-13 12:40:12","WindowsPlayer",NA,11,"TaskEvent",0,"0.11.141",92.2228851318359,106.497673034668,77.9805526733398,-0.185666754841805,0.982612788677216,0,"Find Toppo's Posters,Crash Diagnostics - Mountains,Welcome home","49,poster1;49,poster3;49,poster4;49,poster5;49,poster6;46,jasper;58,Jasper's Proposal","Player_Base","0.11.141","TaskCompleteEvent",66,"Gain Entrance to the New Ruins",NA
"3188","5c64b903e4194c47a157224a",4,"Development","8d703246-39e0-4ff5-aef9-ec166f84d182","JG8 UX8",187,"2019-02-13 12:40:22","WindowsPlayer",NA,11,"TaskEvent",0,"0.11.141",134.621429443359,130.474380493164,77.9805450439453,0.952129364013672,0.305695235729218,0,"Find Toppo's Posters,Crash Diagnostics - Mountains,Good Morning!","49,poster1;49,poster3;49,poster4;49,poster5;49,poster6;46,jasper","Player_Base","0.11.141","TaskProgressEvent",90,"Enter the Alien Base",1
"3189","5c64b903e4194c47a1572250",4,"Development","8d703246-39e0-4ff5-aef9-ec166f84d182","JG8 UX8",187,"2019-02-13 12:40:22","WindowsPlayer",NA,11,"TaskEvent",0,"0.11.141",134.621429443359,130.474380493164,77.9805450439453,0.952129364013672,0.305695235729218,0,"Find Toppo's Posters,Crash Diagnostics - Mountains,Welcome home","49,poster1;49,poster3;49,poster4;49,poster5;49,poster6;46,jasper;58,Head to bed","Player_Base","0.11.141","TaskProgressEvent",88,"Check the Factory Humidity",1
"3190","5c64b903e4194c47a1572251",4,"Development","8d703246-39e0-4ff5-aef9-ec166f84d182","JG8 UX8",187,"2019-02-13 12:40:22","WindowsPlayer",NA,11,"TaskEvent",0,"0.11.141",134.621429443359,130.474380493164,77.9805450439453,0.952129364013672,0.305695235729218,0,"Find Toppo's Posters,Crash Diagnostics - Mountains","49,poster1;49,poster3;49,poster4;49,poster5;49,poster6;46,jasper","Player_Base","0.11.141","TaskActiveEvent",88,"Check the Cave Humidity",NA
"3191","5c7443b8e4194c47a15a4a21",4,"Development","8d703246-39e0-4ff5-aef9-ec166f84d182","JG8 UX8",187,"2019-02-25 07:36:23","WindowsPlayer",NA,11,"TaskEvent",0,"0.11.141",-180.409088134766,139.582321166992,94.4428634643555,0.104528076946735,-0.994522333145142,0,"Find Toppo's Posters,Crash Diagnostics - Mountains,Sam’s supplies,History of WAT247","49,poster1;49,poster3;49,poster4;49,poster5;49,poster6;46,jasper;50,watershed;50,dissolved materials;50,infiltration;50,energy;27,Find the supplies","U3,U3_Collectibles,U3_Quests,U3_RiverSpline","0.11.141","TaskCompleteEvent",88,"Check the Factory Humidity",NA
"3192","5c7443b8e4194c47a15a4a22",4,"Development","8d703246-39e0-4ff5-aef9-ec166f84d182","JG8 UX8",187,"2019-02-25 07:36:23","WindowsPlayer",NA,11,"TaskEvent",0,"0.11.141",-180.409088134766,139.582321166992,94.4428634643555,0.104528076946735,-0.994522333145142,0,"Find Toppo's Posters,Crash Diagnostics - Mountains,Sam’s supplies,History of WAT247","49,poster1;49,poster3;49,poster4;49,poster5;49,poster6;46,jasper;50,watershed;50,dissolved materials;50,infiltration;50,energy;27,Find the supplies;27,Deliver crates","U3,U3_Collectibles,U3_Quests,U3_RiverSpline","0.11.141","TaskActiveEvent",90,"Operate the Alien Console",NA
"3193","5c7443b8e4194c47a15a4a26",4,"Development","8d703246-39e0-4ff5-aef9-ec166f84d182","JG8 UX8",187,"2019-02-25 07:36:23","WindowsPlayer",NA,11,"TaskEvent",0,"0.11.141",-180.409088134766,139.582321166992,94.4428634643555,0.104528076946735,-0.994522333145142,0,"Find Toppo's Posters,Crash Diagnostics - Mountains,Sam’s supplies,History of WAT247","49,poster1;49,poster3;49,poster4;49,poster5;49,poster6;46,jasper;50,watershed;50,dissolved materials;50,infiltration;50,energy;27,Find the supplies","U3,U3_Collectibles,U3_Quests,U3_RiverSpline","0.11.141","TaskCompleteEvent",90,"Enter the Alien Base",NA
"3194","5c74445de4194c47a15a4cb3",4,"Development","8d703246-39e0-4ff5-aef9-ec166f84d182","JG8 UX8",187,"2019-02-25 07:38:51","WindowsPlayer",NA,11,"TaskEvent",0,"0.11.141",54.9439010620117,83.4485778808594,60.6300659179688,0.583541452884674,0.81208336353302,0,"Find Toppo's Posters,Crash Diagnostics - Mountains,Sam’s supplies,History of WAT247","49,poster1;49,poster3;49,poster4;49,poster5;49,poster6;46,jasper;50,watershed;50,dissolved materials;50,infiltration;50,energy;27,Deliver crates","U3,U3_Collectibles,U3_Quests,U3_RiverSpline","0.11.141","TaskCompleteEvent",32,"Drill hole",NA
"3195","5c744490e4194c47a15a4d87",4,"Development","8d703246-39e0-4ff5-aef9-ec166f84d182","JG8 UX8",187,"2019-02-25 07:39:23","WindowsPlayer",NA,11,"TaskEvent",0,"0.11.141",44.5476951599121,79.8432083129883,63.3588409423828,0.608761608600616,0.793353199958801,0,"Find Toppo's Posters,Crash Diagnostics - Mountains,Sam’s supplies,History of WAT247","49,poster1;49,poster3;49,poster4;49,poster5;49,poster6;46,jasper;50,watershed;50,dissolved materials;50,infiltration;50,energy;27,Deliver crates","U3,U3_Collectibles,U3_Quests,U3_RiverSpline","0.11.141","TaskProgressEvent",32,"Drill hole",1
"3196","5c7444eee4194c47a15a4ef8",4,"Development","8d703246-39e0-4ff5-aef9-ec166f84d182","JG8 UX8",187,"2019-02-25 07:41:24","WindowsPlayer",NA,11,"TaskEvent",0,"0.11.141",107.199226379395,-41.3875923156738,55.7442817687988,0.992965519428253,-0.118404507637024,0,"Find Toppo's Posters,Crash Diagnostics - Mountains,Sam’s supplies,History of WAT247","49,poster1;49,poster3;49,poster4;49,poster5;49,poster6;46,jasper;50,watershed;50,dissolved materials;50,infiltration;50,energy;27,Deliver crates","U3,U3_Collectibles,U3_Quests,U3_RiverSpline","0.11.141","TaskActiveEvent",32,"check humidity again",NA
"3197","5c7445cbe4194c47a15a527a",4,"Development","8d703246-39e0-4ff5-aef9-ec166f84d182","JG8 UX8",187,"2019-02-25 07:45:08","WindowsPlayer",NA,11,"TaskEvent",0,"0.11.141",86.3545074462891,586.836364746094,55.9760322570801,0.990268349647522,0.139171719551086,0,"Find Toppo's Posters,Crash Diagnostics - Mountains,History of WAT247,Sam’s base is polluted!","49,poster1;49,poster3;49,poster4;49,poster5;49,poster6;46,jasper;50,watershed;50,dissolved materials;50,infiltration;50,energy;24,Test the base's water","U3,U3_Collectibles,U3_Quests,U3_RiverSpline","0.11.141","TaskProgressEvent",32,"fill pan",1
"3198","5c7445cbe4194c47a15a527b",4,"Development","8d703246-39e0-4ff5-aef9-ec166f84d182","JG8 UX8",187,"2019-02-25 07:45:08","WindowsPlayer",NA,11,"TaskEvent",0,"0.11.141",86.3545074462891,586.836364746094,55.9760322570801,0.990268349647522,0.139171719551086,0,"Find Toppo's Posters,Crash Diagnostics - Mountains,History of WAT247,Sam’s base is polluted!","49,poster1;49,poster3;49,poster4;49,poster5;49,poster6;46,jasper;50,watershed;50,dissolved materials;50,infiltration;50,energy;24,Test the base's water;24,Trace the pollutant","U3,U3_Collectibles,U3_Quests,U3_RiverSpline","0.11.141","TaskActiveEvent",32,"Find Rock",NA
"3199","5c7445cbe4194c47a15a5282",4,"Development","8d703246-39e0-4ff5-aef9-ec166f84d182","JG8 UX8",187,"2019-02-25 07:45:08","WindowsPlayer",NA,11,"TaskEvent",0,"0.11.141",86.3545074462891,586.836364746094,55.9760322570801,0.990268349647522,0.139171719551086,0,"Find Toppo's Posters,Crash Diagnostics - Mountains,History of WAT247,Sam’s base is polluted!","49,poster1;49,poster3;49,poster4;49,poster5;49,poster6;46,jasper;50,watershed;50,dissolved materials;50,infiltration;50,energy;24,Test the base's water","U3,U3_Collectibles,U3_Quests,U3_RiverSpline","0.11.141","TaskCompleteEvent",46,"jasper",NA
"3200","5c7445dfe4194c47a15a52c4",4,"Development","8d703246-39e0-4ff5-aef9-ec166f84d182","JG8 UX8",187,"2019-02-25 07:45:23","WindowsPlayer",NA,11,"TaskEvent",0,"0.11.141",0.0364374294877052,614.881713867188,55.9760322570801,0.455543875694275,-0.890213251113892,0,"Find Toppo's Posters,Crash Diagnostics - Mountains,History of WAT247,Sam’s base is polluted!","49,poster1;49,poster3;49,poster4;49,poster5;49,poster6;46,jasper;50,watershed;50,dissolved materials;50,infiltration;50,energy;24,Trace the pollutant","U3,U3_Collectibles,U3_Quests,U3_RiverSpline","0.11.141","TaskCompleteEvent",32,"fill pan",NA
"3201","5c7445dfe4194c47a15a52cc",4,"Development","8d703246-39e0-4ff5-aef9-ec166f84d182","JG8 UX8",187,"2019-02-25 07:45:23","WindowsPlayer",NA,11,"TaskEvent",0,"0.11.141",0.0364374294877052,614.881713867188,55.9760322570801,0.455543875694275,-0.890213251113892,0,"Find Toppo's Posters,Crash Diagnostics - Mountains,History of WAT247,Sam’s base is polluted!","49,poster1;49,poster3;49,poster4;49,poster5;49,poster6;46,jasper;50,watershed;50,dissolved materials;50,infiltration;50,energy;24,Trace the pollutant","U3,U3_Collectibles,U3_Quests,U3_RiverSpline","0.11.141","TaskProgressEvent",46,"jasper",1
"3202","5c7447d9e4194c47a15a5b0f",4,"Development","8d703246-39e0-4ff5-aef9-ec166f84d182","JG8 UX8",187,"2019-02-25 07:53:18","WindowsPlayer",NA,11,"TaskEvent",0,"0.11.141",653.660949707031,-256.882110595703,54.9799995422363,0.297377020120621,0.954760134220123,0,"Find Toppo's Posters,Crash Diagnostics - Mountains,History of WAT247,Sam’s base is polluted!","49,poster1;49,poster4;49,poster5;49,poster6;46,jasper;50,watershed;50,dissolved materials;50,infiltration;50,energy;24,Trace the pollutant","U3,U3_Collectibles,U3_Quests,U3_RiverSpline","0.11.141","TaskActiveEvent",32,"pan",NA
"3203","5c7447d9e4194c47a15a5b14",4,"Development","8d703246-39e0-4ff5-aef9-ec166f84d182","JG8 UX8",187,"2019-02-25 07:53:18","WindowsPlayer",NA,11,"TaskEvent",0,"0.11.141",653.660949707031,-256.882110595703,54.9799995422363,0.297377020120621,0.954760134220123,0,"Find Toppo's Posters,Crash Diagnostics - Mountains,History of WAT247,Sam’s base is polluted!","49,poster1;49,poster4;49,poster5;49,poster6;46,jasper;50,watershed;50,dissolved materials;50,infiltration;50,energy;24,Trace the pollutant;24,Open the Claimer System","U3,U3_Collectibles,U3_Quests,U3_RiverSpline","0.11.141","TaskProgressEvent",32,"humidity meter",1
"3204","5c7447d9e4194c47a15a5b16",4,"Development","8d703246-39e0-4ff5-aef9-ec166f84d182","JG8 UX8",187,"2019-02-25 07:53:18","WindowsPlayer",NA,11,"TaskEvent",0,"0.11.141",653.660949707031,-256.882110595703,54.9799995422363,0.297377020120621,0.954760134220123,0,"Find Toppo's Posters,Crash Diagnostics - Mountains,History of WAT247,Sam’s base is polluted!","49,poster1;49,poster4;49,poster5;49,poster6;46,jasper;50,watershed;50,dissolved materials;50,infiltration;50,energy;24,Trace the pollutant","U3,U3_Collectibles,U3_Quests,U3_RiverSpline","0.11.141","TaskCompleteEvent",32,"humidity meter",NA
"3205","5c74494be4194c47a15a6116",4,"Development","8d703246-39e0-4ff5-aef9-ec166f84d182","JG8 UX8",187,"2019-02-25 08:00:10","WindowsPlayer",NA,11,"TaskEvent",0,"0.11.141",619.255798339844,-228.451766967773,64.0898208618164,-0.996778786182404,0.0802002549171448,0,"Find Toppo's Posters,Crash Diagnostics - Mountains,History of WAT247,The Pollutant","49,poster1;49,poster4;49,poster5;49,poster6;46,jasper;50,watershed;50,dissolved materials;50,infiltration;50,energy;0,Convince Bill the pollutant is nearby","U3,U3_Collectibles,U3_Quests,U3_RiverSpline","0.11.141","TaskActiveEvent",35,"setup first",NA
"3206","5c74494be4194c47a15a6117",4,"Development","8d703246-39e0-4ff5-aef9-ec166f84d182","JG8 UX8",187,"2019-02-25 08:00:10","WindowsPlayer",NA,11,"TaskEvent",0,"0.11.141",619.255798339844,-228.451766967773,64.0898208618164,-0.996778786182404,0.0802002549171448,0,"Find Toppo's Posters,Crash Diagnostics - Mountains,History of WAT247,The Pollutant","49,poster1;49,poster4;49,poster5;49,poster6;46,jasper;50,watershed;50,dissolved materials;50,infiltration;50,energy;0,Convince Bill the pollutant is nearby","U3,U3_Collectibles,U3_Quests,U3_RiverSpline","0.11.141","TaskProgressEvent",32,"pan",1
"3207","5c74494ce4194c47a15a611c",4,"Development","8d703246-39e0-4ff5-aef9-ec166f84d182","JG8 UX8",187,"2019-02-25 08:00:10","WindowsPlayer",NA,11,"TaskEvent",0,"0.11.141",619.255798339844,-228.451766967773,64.0898208618164,-0.996778786182404,0.0802002549171448,0,"Find Toppo's Posters,Crash Diagnostics - Mountains,History of WAT247,The Pollutant","49,poster1;49,poster4;49,poster5;49,poster6;46,jasper;50,watershed;50,dissolved materials;50,infiltration;50,energy;0,Convince Bill the pollutant is nearby;0,Identify pollutant","U3,U3_Collectibles,U3_Quests,U3_RiverSpline","0.11.141","TaskActiveEvent",32,"fill pan",NA
"3208","5c744982e4194c47a15a61f8",4,"Development","8d703246-39e0-4ff5-aef9-ec166f84d182","JG8 UX8",187,"2019-02-25 08:01:01","WindowsPlayer",NA,11,"TaskEvent",0,"0.11.141",619.255798339844,-228.451766967773,64.0898208618164,-0.996778786182404,0.0802002549171448,0,"Find Toppo's Posters,Crash Diagnostics - Mountains,History of WAT247,The Pollutant","49,poster1;49,poster4;49,poster5;49,poster6;46,jasper;50,watershed;50,dissolved materials;50,infiltration;50,energy;0,Identify pollutant","U3,U3_Collectibles,U3_Quests,U3_RiverSpline","0.11.141","TaskCompleteEvent",34,"go to factory",NA
"3209","5c744982e4194c47a15a61fe",4,"Development","8d703246-39e0-4ff5-aef9-ec166f84d182","JG8 UX8",187,"2019-02-25 08:01:01","WindowsPlayer",NA,11,"TaskEvent",0,"0.11.141",619.255798339844,-228.451766967773,64.0898208618164,-0.996778786182404,0.0802002549171448,0,"Find Toppo's Posters,Crash Diagnostics - Mountains,History of WAT247,The Pollutant","49,poster1;49,poster4;49,poster5;49,poster6;46,jasper;50,watershed;50,dissolved materials;50,infiltration;50,energy;0,Identify pollutant","U3,U3_Collectibles,U3_Quests,U3_RiverSpline","0.11.141","TaskProgressEvent",34,"go to factory",1
"3210","5c744982e4194c47a15a61ff",4,"Development","8d703246-39e0-4ff5-aef9-ec166f84d182","JG8 UX8",187,"2019-02-25 08:01:01","WindowsPlayer",NA,11,"TaskEvent",0,"0.11.141",619.255798339844,-228.451766967773,64.0898208618164,-0.996778786182404,0.0802002549171448,0,"Find Toppo's Posters,Crash Diagnostics - Mountains,History of WAT247,The Pollutant","49,poster1;49,poster4;49,poster5;49,poster6;46,jasper;50,watershed;50,dissolved materials;50,infiltration;50,energy;0,Identify pollutant;0,Talk with Sam","U3,U3_Collectibles,U3_Quests,U3_RiverSpline","0.11.141","TaskCompleteEvent",32,"check humidity again",NA
"3211","5c7449cde4194c47a15a6324",4,"Development","8d703246-39e0-4ff5-aef9-ec166f84d182","JG8 UX8",187,"2019-02-25 08:02:19","WindowsPlayer",NA,11,"TaskEvent",0,"0.11.141",5.54998779296875,626.559997558594,56.9300003051758,-0.772620797157288,-0.633005142211914,-0.0486011281609535,"Find Toppo's Posters,Crash Diagnostics - Mountains,History of WAT247,The Pollutant","49,poster1;49,poster4;49,poster5;49,poster6;46,jasper;50,watershed;50,dissolved materials;50,infiltration;50,energy;0,Talk with Sam","U3,U3_Collectibles,U3_Quests,U3_RiverSpline","0.11.141","TaskActiveEvent",33,"convince bill",NA
"3212","5c7449cde4194c47a15a6325",4,"Development","8d703246-39e0-4ff5-aef9-ec166f84d182","JG8 UX8",187,"2019-02-25 08:02:19","WindowsPlayer",NA,11,"TaskEvent",0,"0.11.141",5.54998779296875,626.559997558594,56.9300003051758,-0.772620797157288,-0.633005142211914,-0.0486011281609535,"Find Toppo's Posters,Crash Diagnostics - Mountains,History of WAT247,The Pollutant,Alien Gardens","49,poster1;49,poster4;49,poster5;49,poster6;46,jasper;50,watershed;50,dissolved materials;50,infiltration;50,energy","U3,U3_Collectibles,U3_Quests,U3_RiverSpline","0.11.141","TaskProgressEvent",32,"check humidity again",1
"3213","5c7449cee4194c47a15a6331",4,"Development","8d703246-39e0-4ff5-aef9-ec166f84d182","JG8 UX8",187,"2019-02-25 08:02:19","WindowsPlayer",NA,11,"TaskEvent",0,"0.11.141",5.54998779296875,626.559997558594,56.9300003051758,-0.772620797157288,-0.633005142211914,-0.0486011281609535,"Find Toppo's Posters,Crash Diagnostics - Mountains,History of WAT247,Alien Gardens","49,poster1;49,poster4;49,poster5;49,poster6;46,jasper;50,watershed;50,dissolved materials;50,infiltration;50,energy;86,Talk to Sam","U3,U3_Collectibles,U3_Quests,U3_RiverSpline","0.11.141","TaskCompleteEvent",35,"setup fourth",NA
"3214","5c7449d7e4194c47a15a6352",4,"Development","8d703246-39e0-4ff5-aef9-ec166f84d182","JG8 UX8",187,"2019-02-25 08:02:27","WindowsPlayer",NA,11,"TaskEvent",0,"0.11.141",-0.198396906256676,617.573608398438,55.9760322570801,-0.781519174575806,0.623881340026855,0,"Find Toppo's Posters,Crash Diagnostics - Mountains,History of WAT247,Alien Gardens","49,poster1;49,poster4;49,poster5;49,poster6;46,jasper;50,watershed;50,dissolved materials;50,infiltration;50,energy;86,Talk to Sam","U3,U3_Collectibles,U3_Quests,U3_RiverSpline","0.11.141","TaskActiveEvent",69,"Go to Sleep",NA
"3215","5c7449d7e4194c47a15a6357",4,"Development","8d703246-39e0-4ff5-aef9-ec166f84d182","JG8 UX8",187,"2019-02-25 08:02:27","WindowsPlayer",NA,11,"TaskEvent",0,"0.11.141",-0.198396906256676,617.573608398438,55.9760322570801,-0.781519174575806,0.623881340026855,0,"Find Toppo's Posters,Crash Diagnostics - Mountains,History of WAT247,Alien Gardens","49,poster1;49,poster4;49,poster5;49,poster6;46,jasper;50,watershed;50,dissolved materials;50,infiltration;50,energy;86,Talk to Sam","U3,U3_Collectibles,U3_Quests,U3_RiverSpline","0.11.141","TaskCompleteEvent",32,"pan",NA
"3216","5c7449d7e4194c47a15a6359",4,"Development","8d703246-39e0-4ff5-aef9-ec166f84d182","JG8 UX8",187,"2019-02-25 08:02:27","WindowsPlayer",NA,11,"TaskEvent",0,"0.11.141",-0.198396906256676,617.573608398438,55.9760322570801,-0.781519174575806,0.623881340026855,0,"Find Toppo's Posters,Crash Diagnostics - Mountains,History of WAT247,Alien Gardens","49,poster1;49,poster4;49,poster5;49,poster6;46,jasper;50,watershed;50,dissolved materials;50,infiltration;50,energy;86,Talk to Sam;86,Examine a Garden","U3,U3_Collectibles,U3_Quests,U3_RiverSpline","0.11.141","TaskProgressEvent",35,"setup fourth",1
"3217","5c744acde4194c47a15a672b",4,"Development","8d703246-39e0-4ff5-aef9-ec166f84d182","JG8 UX8",187,"2019-02-25 08:06:25","WindowsPlayer",NA,11,"TaskEvent",0,"0.11.141",-564.312255859375,-460.239562988281,73.5139389038086,-0.156436175107956,-0.987688183784485,0,"Find Toppo's Posters,Crash Diagnostics - Mountains,History of WAT247,The Ruins","49,poster1;49,poster4;49,poster5;49,poster6;46,jasper;50,watershed;50,dissolved materials;50,infiltration;50,energy;87,Pickup the Key","U3,U3_Collectibles,U3_Quests,U3_RiverSpline","0.11.141","TaskProgressEvent",89,"Update the Team",1
"3218","5c744acde4194c47a15a6731",4,"Development","8d703246-39e0-4ff5-aef9-ec166f84d182","JG8 UX8",187,"2019-02-25 08:06:25","WindowsPlayer",NA,11,"TaskEvent",0,"0.11.141",-564.312255859375,-460.239562988281,73.5139389038086,-0.156436175107956,-0.987688183784485,0,"Find Toppo's Posters,Crash Diagnostics - Mountains,History of WAT247,The Ruins","49,poster1;49,poster4;49,poster5;49,poster6;46,jasper;50,watershed;50,dissolved materials;50,infiltration;50,energy;87,Pickup the Key","U3,U3_Collectibles,U3_Quests,U3_RiverSpline","0.11.141","TaskCompleteEvent",89,"Update the Team",NA
"3219","5c744ae1e4194c47a15a677f",4,"Development","8d703246-39e0-4ff5-aef9-ec166f84d182","JG8 UX8",187,"2019-02-25 08:06:54","WindowsPlayer",NA,11,"TaskEvent",0,"0.11.141",-557.777282714844,-459.898345947266,74.5941543579102,0.995227575302124,0.0975813865661621,0,"Find Toppo's Posters,Crash Diagnostics - Mountains,History of WAT247,The Ruins","49,poster1;49,poster4;49,poster5;49,poster6;46,jasper;50,watershed;50,infiltration;50,energy;87,Pickup the Key;87,Unlock the door","U3,U3_Collectibles,U3_Quests,U3_RiverSpline","0.11.141","TaskActiveEvent",89,"Sort this Out",NA
"3220","5c744ae1e4194c47a15a6783",4,"Development","8d703246-39e0-4ff5-aef9-ec166f84d182","JG8 UX8",187,"2019-02-25 08:06:54","WindowsPlayer",NA,11,"TaskEvent",0,"0.11.141",-557.777282714844,-459.898345947266,74.5941543579102,0.995227575302124,0.0975813865661621,0,"Find Toppo's Posters,Crash Diagnostics - Mountains,History of WAT247,The Ruins","49,poster1;49,poster4;49,poster5;49,poster6;46,jasper;50,watershed;50,infiltration;50,energy;87,Pickup the Key","U3,U3_Collectibles,U3_Quests,U3_RiverSpline","0.11.141","TaskCompleteEvent",34,"go to factory",NA
"3221","5c744ae1e4194c47a15a6784",4,"Development","8d703246-39e0-4ff5-aef9-ec166f84d182","JG8 UX8",187,"2019-02-25 08:06:54","WindowsPlayer",NA,11,"TaskEvent",0,"0.11.141",-557.777282714844,-459.898345947266,74.5941543579102,0.995227575302124,0.0975813865661621,0,"Find Toppo's Posters,Crash Diagnostics - Mountains,History of WAT247,The Ruins","49,poster1;49,poster4;49,poster5;49,poster6;46,jasper;50,watershed;50,infiltration;50,energy;87,Pickup the Key","U3,U3_Collectibles,U3_Quests,U3_RiverSpline","0.11.141","TaskProgressEvent",34,"go to factory",1
"3222","5c744af5e4194c47a15a67ca",4,"Development","8d703246-39e0-4ff5-aef9-ec166f84d182","JG8 UX8",187,"2019-02-25 08:06:22","WindowsPlayer",NA,11,"TaskEvent",0,"0.11.141",-559.722900390625,-461.212005615234,74.4607391357422,-0.0104736536741257,-0.999945163726807,0,"Find Toppo's Posters,Crash Diagnostics - Mountains,History of WAT247,The Ruins","49,poster1;49,poster4;49,poster5;49,poster6;46,jasper;50,watershed;50,dissolved materials;50,infiltration;50,energy;87,Gain Acces to the Ruins","U3,U3_Collectibles,U3_Quests,U3_RiverSpline","0.11.141","TaskActiveEvent",35,"setup first",NA
"3223","5c744af5e4194c47a15a67d2",4,"Development","8d703246-39e0-4ff5-aef9-ec166f84d182","JG8 UX8",187,"2019-02-25 08:06:22","WindowsPlayer",NA,11,"TaskEvent",0,"0.11.141",-559.722900390625,-461.212005615234,74.4607391357422,-0.0104736536741257,-0.999945163726807,0,"Find Toppo's Posters,Crash Diagnostics - Mountains,History of WAT247,The Ruins","49,poster1;49,poster4;49,poster5;49,poster6;46,jasper;50,watershed;50,dissolved materials;50,infiltration;50,energy;87,Gain Acces to the Ruins","U3,U3_Collectibles,U3_Quests,U3_RiverSpline","0.11.141","TaskProgressEvent",66,"Follow Jasper",1
"3224","5c744af5e4194c47a15a67d3",4,"Development","8d703246-39e0-4ff5-aef9-ec166f84d182","JG8 UX8",187,"2019-02-25 08:06:22","WindowsPlayer",NA,11,"TaskEvent",0,"0.11.141",-559.722900390625,-461.212005615234,74.4607391357422,-0.0104736536741257,-0.999945163726807,0,"Find Toppo's Posters,Crash Diagnostics - Mountains,History of WAT247,The Ruins","49,poster1;49,poster4;49,poster5;49,poster6;46,jasper;50,watershed;50,dissolved materials;50,infiltration;50,energy;87,Gain Acces to the Ruins;87,Pickup the Key","U3,U3_Collectibles,U3_Quests,U3_RiverSpline","0.11.141","TaskCompleteEvent",66,"Follow Jasper",NA
"3225","5c744bc1e4194c47a15a691f",4,"Development","8d703246-39e0-4ff5-aef9-ec166f84d182","JG8 UX8",187,"2019-02-25 08:08:38","WindowsPlayer",NA,11,"TaskEvent",0,"0.11.141",-557.871337890625,-461.187072753906,74.6895217895508,0.146081417798996,-0.989272713661194,0,"Find Toppo's Posters,Crash Diagnostics - Mountains,History of WAT247,The Ruins","49,poster1;49,poster4;49,poster5;49,poster6;46,jasper;50,watershed;50,infiltration;50,energy;87,Unlock the door","U3,U3_Collectibles,U3_Quests,U3_RiverSpline","0.11.141","TaskCompleteEvent",33,"Grab Canteen",NA
"3226","5c744bc1e4194c47a15a6923",4,"Development","8d703246-39e0-4ff5-aef9-ec166f84d182","JG8 UX8",187,"2019-02-25 08:08:38","WindowsPlayer",NA,11,"TaskEvent",0,"0.11.141",-557.871337890625,-461.187072753906,74.6895217895508,0.146081417798996,-0.989272713661194,0,"Find Toppo's Posters,Crash Diagnostics - Mountains,History of WAT247,The Ruins","49,poster1;49,poster4;49,poster5;49,poster6;46,jasper;50,watershed;50,infiltration;50,energy;87,Unlock the door","U3,U3_Collectibles,U3_Quests,U3_RiverSpline","0.11.141","TaskActiveEvent",66,"Gain Entrance to the New Ruins",NA
"3227","5c744bc1e4194c47a15a6924",4,"Development","8d703246-39e0-4ff5-aef9-ec166f84d182","JG8 UX8",187,"2019-02-25 08:08:38","WindowsPlayer",NA,11,"TaskEvent",0,"0.11.141",-557.871337890625,-461.187072753906,74.6895217895508,0.146081417798996,-0.989272713661194,0,"Find Toppo's Posters,Crash Diagnostics - Mountains,History of WAT247,The Ruins","49,poster1;49,poster4;49,poster5;49,poster6;46,jasper;50,watershed;50,infiltration;50,energy;87,Unlock the door;87,Enter the ruins","U3,U3_Collectibles,U3_Quests,U3_RiverSpline","0.11.141","TaskProgressEvent",33,"Grab Canteen",1
"3228","5c744bc1e4194c47a15a692b",4,"Development","8d703246-39e0-4ff5-aef9-ec166f84d182","JG8 UX8",187,"2019-02-25 08:08:41","WindowsPlayer",NA,11,"TaskEvent",0,"0.11.141",-561.51904296875,-461.196197509766,74.2388610839844,-0.116672344505787,-0.993170619010925,0,"Find Toppo's Posters,Crash Diagnostics - Mountains,History of WAT247,The Ruins","49,poster1;49,poster4;49,poster5;49,poster6;46,jasper;50,watershed;50,infiltration;50,energy;87,Enter the ruins","U3,U3_Collectibles,U3_Quests,U3_RiverSpline","0.11.141","TaskActiveEvent",33,"Condense Atmospheric Water",NA
"3229","5c744bc1e4194c47a15a692c",4,"Development","8d703246-39e0-4ff5-aef9-ec166f84d182","JG8 UX8",187,"2019-02-25 08:08:41","WindowsPlayer",NA,11,"TaskEvent",0,"0.11.141",-561.51904296875,-461.196197509766,74.2388610839844,-0.116672344505787,-0.993170619010925,0,"Find Toppo's Posters,Crash Diagnostics - Mountains,History of WAT247,The Ruins,Collect all the Pumps in the Alien Facility","49,poster1;49,poster4;49,poster5;49,poster6;46,jasper;50,watershed;50,infiltration;50,energy","U3,U3_Collectibles,U3_Quests,U3_RiverSpline,U3_Dungeon_Side_Quest","0.11.141","TaskCompleteEvent",32,"check humidity again",NA
"3230","5c744bc1e4194c47a15a692d",4,"Development","8d703246-39e0-4ff5-aef9-ec166f84d182","JG8 UX8",187,"2019-02-25 08:08:41","WindowsPlayer",NA,11,"TaskEvent",0,"0.11.141",-561.51904296875,-461.196197509766,74.2388610839844,-0.116672344505787,-0.993170619010925,0,"Find Toppo's Posters,Crash Diagnostics - Mountains,History of WAT247,Collect all the Pumps in the Alien Facility","49,poster1;49,poster4;49,poster5;49,poster6;46,jasper;50,watershed;50,infiltration;50,energy;75,Pump1","U3,U3_Collectibles,U3_Quests,U3_RiverSpline,U3_Dungeon_Side_Quest","0.11.141","TaskActiveEvent",33,"convince bill",NA
"3231","5c744be2e4194c47a15a69a8",4,"Development","8d703246-39e0-4ff5-aef9-ec166f84d182","JG8 UX8",187,"2019-02-25 08:11:03","WindowsPlayer",NA,11,"TaskEvent",0,"0.11.141",-557.871337890625,-461.187072753906,74.6895217895508,0.318957805633545,-0.947769284248352,0,"The Ruins,History of WAT247,Find Toppo's Posters,Crash Diagnostics - Mountains","87,Unlock the door;50,watershed;50,infiltration;50,energy;49,poster1;49,poster4;49,poster5;49,poster6;46,jasper","U3,U3_Collectibles,U3_Quests,U3_RiverSpline","0.11.141","TaskProgressEvent",32,"check humidity again",1
"3232","5c744be2e4194c47a15a69a9",4,"Development","8d703246-39e0-4ff5-aef9-ec166f84d182","JG8 UX8",187,"2019-02-25 08:11:03","WindowsPlayer",NA,11,"TaskEvent",0,"0.11.141",-557.871337890625,-461.187072753906,74.6895217895508,0.318957805633545,-0.947769284248352,0,"The Ruins,History of WAT247,Find Toppo's Posters,Crash Diagnostics - Mountains","87,Unlock the door;50,watershed;50,infiltration;50,energy;49,poster1;49,poster4;49,poster5;49,poster6;46,jasper","U3,U3_Collectibles,U3_Quests,U3_RiverSpline","0.11.141","TaskCompleteEvent",61,"Head to Bed",NA
"3233","5c744be2e4194c47a15a69aa",4,"Development","8d703246-39e0-4ff5-aef9-ec166f84d182","JG8 UX8",187,"2019-02-25 08:11:03","WindowsPlayer",NA,11,"TaskEvent",0,"0.11.141",-557.871337890625,-461.187072753906,74.6895217895508,0.318957805633545,-0.947769284248352,0,"The Ruins,History of WAT247,Find Toppo's Posters,Crash Diagnostics - Mountains","87,Unlock the door;50,watershed;50,infiltration;50,energy;49,poster1;49,poster4;49,poster5;49,poster6;46,jasper;87,Enter the ruins","U3,U3_Collectibles,U3_Quests,U3_RiverSpline","0.11.141","TaskProgressEvent",35,"setup second",1
"3234","5c744c59e4194c47a15a6b8e",4,"Development","8d703246-39e0-4ff5-aef9-ec166f84d182","JG8 UX8",187,"2019-02-25 08:13:10","WindowsPlayer",NA,11,"TaskEvent",0,"0.11.141",-159.698745727539,-86.7953414916992,53.6685829162598,0.310673743486404,-0.950516939163208,0,"History of WAT247,Find Toppo's Posters,Crash Diagnostics - Mountains,Collect all the Pumps in the Alien Facility","50,watershed;50,infiltration;50,energy;49,poster1;49,poster4;49,poster5;49,poster6;46,jasper;75,Pump2","U3_Dungeon_Side_Quest","0.11.141","TaskActiveEvent",35,"setup third",NA
"3235","5c744c59e4194c47a15a6b8f",4,"Development","8d703246-39e0-4ff5-aef9-ec166f84d182","JG8 UX8",187,"2019-02-25 08:13:10","WindowsPlayer",NA,11,"TaskEvent",0,"0.11.141",-159.698745727539,-86.7953414916992,53.6685829162598,0.310673743486404,-0.950516939163208,0,"History of WAT247,Find Toppo's Posters,Crash Diagnostics - Mountains,Collect all the Pumps in the Alien Facility","50,watershed;50,infiltration;50,energy;49,poster1;49,poster4;49,poster5;49,poster6;46,jasper;75,Pump2;75,Pump3","U3_Dungeon_Side_Quest","0.11.141","TaskCompleteEvent",35,"setup second",NA
"3236","5c744c5ae4194c47a15a6b97",4,"Development","8d703246-39e0-4ff5-aef9-ec166f84d182","JG8 UX8",187,"2019-02-25 08:13:10","WindowsPlayer",NA,11,"TaskEvent",0,"0.11.141",-159.698745727539,-86.7953414916992,53.6685829162598,0.310673743486404,-0.950516939163208,0,"History of WAT247,Find Toppo's Posters,Crash Diagnostics - Mountains,Collect all the Pumps in the Alien Facility","50,watershed;50,infiltration;50,energy;49,poster1;49,poster4;49,poster5;49,poster6;46,jasper;75,Pump2","U3_Dungeon_Side_Quest","0.11.141","TaskActiveEvent",69,"Go to Sleep",NA
"3237","5c744cf5e4194c47a15a6e05",4,"Development","8d703246-39e0-4ff5-aef9-ec166f84d182","JG8 UX8",187,"2019-02-25 08:15:45","WindowsPlayer",NA,11,"TaskEvent",0,"0.11.141",-142.435211181641,-105.936431884766,52.4130020141602,-0.981292545795441,0.192522943019867,0,"History of WAT247,Find Toppo's Posters,Crash Diagnostics - Mountains,Collect all the Pumps in the Alien Facility","50,watershed;50,infiltration;50,energy;49,poster1;49,poster4;49,poster5;49,poster6;46,jasper;75,Pump3","U3_Dungeon_Side_Quest","0.11.141","TaskProgressEvent",35,"setup fourth",1
"3238","5c744cf5e4194c47a15a6e0e",4,"Development","8d703246-39e0-4ff5-aef9-ec166f84d182","JG8 UX8",187,"2019-02-25 08:15:45","WindowsPlayer",NA,11,"TaskEvent",0,"0.11.141",-142.435211181641,-105.936431884766,52.4130020141602,-0.981292545795441,0.192522943019867,0,"History of WAT247,Find Toppo's Posters,Crash Diagnostics - Mountains,Collect all the Pumps in the Alien Facility","50,watershed;50,infiltration;50,energy;49,poster1;49,poster4;49,poster5;49,poster6;46,jasper;75,Pump3","U3_Dungeon_Side_Quest","0.11.141","TaskCompleteEvent",63,"Leave your house",NA
"3239","5c744cf5e4194c47a15a6e0f",4,"Development","8d703246-39e0-4ff5-aef9-ec166f84d182","JG8 UX8",187,"2019-02-25 08:15:45","WindowsPlayer",NA,11,"TaskEvent",0,"0.11.141",-142.435211181641,-105.936431884766,52.4130020141602,-0.981292545795441,0.192522943019867,0,"History of WAT247,Find Toppo's Posters,Crash Diagnostics - Mountains,Collect all the Pumps in the Alien Facility","50,watershed;50,infiltration;50,energy;49,poster1;49,poster4;49,poster5;49,poster6;46,jasper;75,Pump3;75,Pump4","U3_Dungeon_Side_Quest","0.11.141","TaskCompleteEvent",35,"setup fourth",NA
"3240","5c744db3e4194c47a15a70ee",4,"Development","8d703246-39e0-4ff5-aef9-ec166f84d182","JG8 UX8",187,"2019-02-25 08:18:40","WindowsPlayer",NA,11,"TaskEvent",0,"0.11.141",-157.790771484375,-114.137680053711,52.3204231262207,-0.209619164466858,0.97778308391571,0,"History of WAT247,Find Toppo's Posters,Crash Diagnostics - Mountains,Collect all the Pumps in the Alien Facility","50,watershed;50,infiltration;50,energy;49,poster1;49,poster4;49,poster5;49,poster6;46,jasper;75,Pump4;75,BackToGardens","U3_Dungeon_Side_Quest","0.11.141","TaskProgressEvent",61,"Head to Bed",1
"3241","5c744db3e4194c47a15a70f3",4,"Development","8d703246-39e0-4ff5-aef9-ec166f84d182","JG8 UX8",187,"2019-02-25 08:18:40","WindowsPlayer",NA,11,"TaskEvent",0,"0.11.141",-157.790771484375,-114.137680053711,52.3204231262207,-0.209619164466858,0.97778308391571,0,"History of WAT247,Find Toppo's Posters,Crash Diagnostics - Mountains,Collect all the Pumps in the Alien Facility","50,watershed;50,infiltration;50,energy;49,poster1;49,poster4;49,poster5;49,poster6;46,jasper;75,Pump4","U3_Dungeon_Side_Quest","0.11.141","TaskProgressEvent",63,"Leave your house",1
"3242","5c744db3e4194c47a15a70f4",4,"Development","8d703246-39e0-4ff5-aef9-ec166f84d182","JG8 UX8",187,"2019-02-25 08:18:40","WindowsPlayer",NA,11,"TaskEvent",0,"0.11.141",-157.790771484375,-114.137680053711,52.3204231262207,-0.209619164466858,0.97778308391571,0,"History of WAT247,Find Toppo's Posters,Crash Diagnostics - Mountains,Collect all the Pumps in the Alien Facility","50,watershed;50,infiltration;50,energy;49,poster1;49,poster4;49,poster5;49,poster6;46,jasper;75,Pump4","U3_Dungeon_Side_Quest","0.11.141","TaskActiveEvent",63,"Talk with Toppo",NA
"3243","5c744e17e4194c47a15a7280",4,"Development","8d703246-39e0-4ff5-aef9-ec166f84d182","JG8 UX8",187,"2019-02-25 08:20:25","WindowsPlayer",NA,11,"TaskEvent",0,"0.11.141",-242.040145874023,-26.6440315246582,54.9799995422363,-0.0819387957453728,0.996637344360352,0,"History of WAT247,Find Toppo's Posters,Crash Diagnostics - Mountains,Strange Gardening","50,watershed;50,infiltration;50,energy;49,poster1;49,poster4;49,poster5;49,poster6;46,jasper;25,Install Pumps","U3,U3_Collectibles,U3_Quests,U3_RiverSpline","0.11.141","TaskActiveEvent",32,"fill pan",NA
"3244","5c744e89e4194c47a15a7431",4,"Development","8d703246-39e0-4ff5-aef9-ec166f84d182","JG8 UX8",187,"2019-02-25 08:22:30","WindowsPlayer",NA,11,"TaskEvent",0,"0.11.141",5.68043184280396,-6.93475770950317,0.982068419456482,0.686214745044708,0.727398991584778,0,"History of WAT247,Find Toppo's Posters,Crash Diagnostics - Mountains,Back at your base","50,watershed;50,infiltration;50,energy;49,poster1;49,poster4;49,poster5;49,poster6;46,jasper;56,Head to bed","PB_PlayerRoom","0.11.141","TaskCompleteEvent",32,"pan",NA
"3245","5c744e8ae4194c47a15a7437",4,"Development","8d703246-39e0-4ff5-aef9-ec166f84d182","JG8 UX8",187,"2019-02-25 08:22:30","WindowsPlayer",NA,11,"TaskEvent",0,"0.11.141",5.68043184280396,-6.93475770950317,0.982068419456482,0.686214745044708,0.727398991584778,0,"History of WAT247,Find Toppo's Posters,Crash Diagnostics - Mountains","50,watershed;50,infiltration;50,energy;49,poster1;49,poster4;49,poster5;49,poster6;46,jasper","PB_PlayerRoom","0.11.141","TaskActiveEvent",64,"Measure the East River Levels",NA
"3246","5c744eede4194c47a15a75bd",4,"Development","8d703246-39e0-4ff5-aef9-ec166f84d182","JG8 UX8",187,"2019-02-25 08:21:22","WindowsPlayer",NA,11,"TaskEvent",0,"0.11.141",-563.440856933594,222.08544921875,54.9799995422363,-0.990023612976074,-0.140901803970337,0,"History of WAT247,Find Toppo's Posters,Crash Diagnostics - Mountains,Strange Gardening,Back at your base","50,watershed;50,infiltration;50,energy;49,poster1;49,poster4;49,poster5;49,poster6;46,jasper","U3,U3_Collectibles,U3_Quests,U3_RiverSpline","0.11.141","TaskProgressEvent",67,"Reverse the Water",1
"3247","5c744eede4194c47a15a75c0",4,"Development","8d703246-39e0-4ff5-aef9-ec166f84d182","JG8 UX8",187,"2019-02-25 08:21:22","WindowsPlayer",NA,11,"TaskEvent",0,"0.11.141",-563.440856933594,222.08544921875,54.9799995422363,-0.990023612976074,-0.140901803970337,0,"History of WAT247,Find Toppo's Posters,Crash Diagnostics - Mountains,Strange Gardening","50,watershed;50,infiltration;50,energy;49,poster1;49,poster4;49,poster5;49,poster6;46,jasper;25,Install Pumps","U3,U3_Collectibles,U3_Quests,U3_RiverSpline","0.11.141","TaskCompleteEvent",67,"Reverse the Water",NA
"3248","5c744eeee4194c47a15a75c7",4,"Development","8d703246-39e0-4ff5-aef9-ec166f84d182","JG8 UX8",187,"2019-02-25 08:21:22","WindowsPlayer",NA,11,"TaskEvent",0,"0.11.141",-563.440856933594,222.08544921875,54.9799995422363,-0.990023612976074,-0.140901803970337,0,"History of WAT247,Find Toppo's Posters,Crash Diagnostics - Mountains,Back at your base","50,watershed;50,infiltration;50,energy;49,poster1;49,poster4;49,poster5;49,poster6;46,jasper;56,Head to bed","U3,U3_Collectibles,U3_Quests,U3_RiverSpline","0.11.141","TaskProgressEvent",65,"Check the Bunker Water Table",1
"3249","5c744f4ee4194c47a15a76fe",4,"Development","8d703246-39e0-4ff5-aef9-ec166f84d182","JG8 UX8",187,"2019-02-25 08:25:49","WindowsPlayer",NA,11,"TaskEvent",0,"0.11.141",-585.927490234375,752.044677734375,63.0049705505371,0.136357694864273,-0.990655660629272,0.00290780793875456,"History of WAT247,Find Toppo's Posters,Crash Diagnostics - Mountains,Second Day at Base,Alien Village","50,watershed;50,infiltration;50,energy;49,poster1;49,poster4;49,poster5;49,poster6;46,jasper","U4,U4_Collectibles,U4_Quests,U4_MilitaryBase","0.11.141","TaskProgressEvent",32,"pan",1
"3250","5c744f4ee4194c47a15a7702",4,"Development","8d703246-39e0-4ff5-aef9-ec166f84d182","JG8 UX8",187,"2019-02-25 08:25:49","WindowsPlayer",NA,11,"TaskEvent",0,"0.11.141",-585.927490234375,752.044677734375,63.0049705505371,0.136357694864273,-0.990655660629272,0.00290780793875456,"History of WAT247,Find Toppo's Posters,Crash Diagnostics - Mountains,Alien Village","50,watershed;50,infiltration;50,energy;49,poster1;49,poster4;49,poster5;49,poster6;46,jasper;2,Find the Ruins","U4,U4_Collectibles,U4_Quests,U4_MilitaryBase","0.11.141","TaskActiveEvent",34,"go to factory",NA
"3251","5c744f4ee4194c47a15a7704",4,"Development","8d703246-39e0-4ff5-aef9-ec166f84d182","JG8 UX8",187,"2019-02-25 08:25:49","WindowsPlayer",NA,11,"TaskEvent",0,"0.11.141",-585.927490234375,752.044677734375,63.0049705505371,0.136357694864273,-0.990655660629272,0.00290780793875456,"History of WAT247,Find Toppo's Posters,Crash Diagnostics - Mountains,Second Day at Base","50,watershed;50,infiltration;50,energy;49,poster1;49,poster4;49,poster5;49,poster6;46,jasper;59,Talk To Anderson","U4,U4_Collectibles,U4_Quests,U4_MilitaryBase","0.11.141","TaskCompleteEvent",34,"talk to Bill",NA
"3252","5c744fb2e4194c47a15a7897",4,"Development","8d703246-39e0-4ff5-aef9-ec166f84d182","JG8 UX8",187,"2019-02-25 08:27:14","WindowsPlayer",NA,11,"TaskEvent",0,"0.11.141",82.5327911376953,329.214935302734,37.966968536377,0.982907176017761,0.182904660701752,0.0209602657705545,"History of WAT247,Find Toppo's Posters,Crash Diagnostics - Mountains,Alien Village,U4 - Crash Side Quest P5","50,watershed;50,infiltration;50,energy;49,poster1;49,poster5;49,poster6;46,jasper;2,Find the Ruins","U4,U4_Collectibles,U4_Quests","0.11.141","TaskActiveEvent",67,"Open the 2nd Blast Door",NA
"3253","5c74503ee4194c47a15a7ac6",4,"Development","8d703246-39e0-4ff5-aef9-ec166f84d182","JG8 UX8",187,"2019-02-25 08:29:13","WindowsPlayer",NA,11,"TaskEvent",0,"0.11.141",167.451141357422,-660.609741210938,40.9909858703613,0.993068397045135,0.115614160895348,0.0211769342422485,"History of WAT247,Find Toppo's Posters,Crash Diagnostics - Mountains,Alien Village,U4 - Crash Side Quest P5","50,watershed;50,infiltration;50,energy;49,poster1;49,poster5;49,poster6;46,jasper;2,Find the Ruins;42,Locate the Beacon","U4,U4_Collectibles,U4_Quests,U4_AlienRuins","0.11.141","TaskCompleteEvent",33,"Condense Atmospheric Water",NA
"3254","5c74503ee4194c47a15a7aca",4,"Development","8d703246-39e0-4ff5-aef9-ec166f84d182","JG8 UX8",187,"2019-02-25 08:29:13","WindowsPlayer",NA,11,"TaskEvent",0,"0.11.141",167.451141357422,-660.609741210938,40.9909858703613,0.993068397045135,0.115614160895348,0.0211769342422485,"History of WAT247,Find Toppo's Posters,Crash Diagnostics - Mountains,Alien Village,U4 - Crash Side Quest P5","50,watershed;50,infiltration;50,energy;49,poster1;49,poster5;49,poster6;46,jasper;2,Find the Ruins;42,Locate the Beacon","U4,U4_Collectibles,U4_Quests,U4_AlienRuins","0.11.141","TaskActiveEvent",34,"return to large mart",NA
"3255","5c74503fe4194c47a15a7acd",4,"Development","8d703246-39e0-4ff5-aef9-ec166f84d182","JG8 UX8",187,"2019-02-25 08:29:13","WindowsPlayer",NA,11,"TaskEvent",0,"0.11.141",167.451141357422,-660.609741210938,40.9909858703613,0.993068397045135,0.115614160895348,0.0211769342422485,"History of WAT247,Find Toppo's Posters,Crash Diagnostics - Mountains,Alien Village,U4 - Crash Side Quest P5","50,watershed;50,infiltration;50,energy;49,poster1;49,poster5;49,poster6;46,jasper;2,Find the Ruins;42,Locate the Beacon;2,Unlock the Door","U4,U4_Collectibles,U4_Quests,U4_AlienRuins","0.11.141","TaskProgressEvent",33,"Condense Atmospheric Water",1
"3256","5c745378e4194c47a15a8750",4,"Development","8d703246-39e0-4ff5-aef9-ec166f84d182","JG8 UX8",187,"2019-02-25 08:43:29","WindowsPlayer",NA,11,"TaskEvent",0,"0.11.141",2.66476011276245,134.512588500977,24.9799995422363,0.346937268972397,0.937888324260712,0,"History of WAT247,Find Toppo's Posters,Crash Diagnostics - Mountains,U4 - Crash Side Quest P5,The Ruins","50,watershed;50,energy;49,poster1;49,poster5;49,poster6;46,jasper;42,Locate the Beacon;3,Restore Power to B2","U4_Dungeon,U4_Dungeon_Quests","0.11.141","TaskProgressEvent",64,"Check Sam's Garden",1
"3257","5c745378e4194c47a15a8752",4,"Development","8d703246-39e0-4ff5-aef9-ec166f84d182","JG8 UX8",187,"2019-02-25 08:43:29","WindowsPlayer",NA,11,"TaskEvent",0,"0.11.141",2.66476011276245,134.512588500977,24.9799995422363,0.346937268972397,0.937888324260712,0,"History of WAT247,Find Toppo's Posters,Crash Diagnostics - Mountains,U4 - Crash Side Quest P5,The Ruins","50,watershed;50,energy;49,poster1;49,poster5;49,poster6;46,jasper;42,Locate the Beacon;3,Restore Power to B2;3,Restore Power to B1","U4_Dungeon,U4_Dungeon_Quests","0.11.141","TaskCompleteEvent",64,"Check Sam's Garden",NA
"3258","5c745378e4194c47a15a8757",4,"Development","8d703246-39e0-4ff5-aef9-ec166f84d182","JG8 UX8",187,"2019-02-25 08:43:29","WindowsPlayer",NA,11,"TaskEvent",0,"0.11.141",2.66476011276245,134.512588500977,24.9799995422363,0.346937268972397,0.937888324260712,0,"History of WAT247,Find Toppo's Posters,Crash Diagnostics - Mountains,U4 - Crash Side Quest P5,The Ruins","50,watershed;50,energy;49,poster1;49,poster5;49,poster6;46,jasper;42,Locate the Beacon;3,Restore Power to B2","U4_Dungeon,U4_Dungeon_Quests","0.11.141","TaskProgressEvent",34,"talk to Bill",1
"3259","5c7455a2e4194c47a15a900b",4,"Development","8d703246-39e0-4ff5-aef9-ec166f84d182","JG8 UX8",187,"2019-02-25 08:52:42","WindowsPlayer",NA,11,"TaskEvent",0,"0.11.141",-575.197631835938,-16.0890598297119,27.2864933013916,-0.42203351855278,-0.906580090522766,0,"History of WAT247,Find Toppo's Posters,Crash Diagnostics - Mountains,U4 - Crash Side Quest P5,Flooding in the Bunker","50,watershed;50,energy;49,poster1;49,poster5;49,poster6;46,jasper;42,Locate the Beacon;6,Head Inside the Bunker","U4,U4_Collectibles,U4_Quests,U4_MilitaryBase,U4_Bunker","0.11.141","TaskActiveEvent",65,"Check the Ruins Water Table",NA
"3260","5c7455a2e4194c47a15a9012",4,"Development","8d703246-39e0-4ff5-aef9-ec166f84d182","JG8 UX8",187,"2019-02-25 08:52:42","WindowsPlayer",NA,11,"TaskEvent",0,"0.11.141",-575.197631835938,-16.0890598297119,27.2864933013916,-0.42203351855278,-0.906580090522766,0,"History of WAT247,Find Toppo's Posters,Crash Diagnostics - Mountains,U4 - Crash Side Quest P5,Flooding in the Bunker","50,watershed;50,energy;49,poster1;49,poster5;49,poster6;46,jasper;42,Locate the Beacon;6,Head Inside the Bunker","U4,U4_Collectibles,U4_Quests,U4_MilitaryBase,U4_Bunker","0.11.141","TaskCompleteEvent",65,"Check the Bunker Water Table",NA
"3261","5c7455a2e4194c47a15a9013",4,"Development","8d703246-39e0-4ff5-aef9-ec166f84d182","JG8 UX8",187,"2019-02-25 08:52:42","WindowsPlayer",NA,11,"TaskEvent",0,"0.11.141",-575.197631835938,-16.0890598297119,27.2864933013916,-0.42203351855278,-0.906580090522766,0,"History of WAT247,Find Toppo's Posters,Crash Diagnostics - Mountains,U4 - Crash Side Quest P5,Flooding in the Bunker","50,watershed;50,energy;49,poster1;49,poster5;49,poster6;46,jasper;42,Locate the Beacon;6,Head Inside the Bunker;6,Investigate the Flood","U4,U4_Collectibles,U4_Quests,U4_MilitaryBase,U4_Bunker","0.11.141","TaskActiveEvent",74,"wakeup",NA
"3262","5c74561fe4194c47a15a93f8",4,"Development","8d703246-39e0-4ff5-aef9-ec166f84d182","JG8 UX8",187,"2019-02-25 08:54:48","WindowsPlayer",NA,11,"TaskEvent",0,"0.11.141",-23.4863719940186,19.6574459075928,-12.9799518585205,0.484809070825577,-0.874619960784912,0,"History of WAT247,Find Toppo's Posters,Crash Diagnostics - Mountains,U4 - Crash Side Quest P5,Checking the Living Quarters","50,watershed;50,energy;49,poster1;49,poster5;49,poster6;46,jasper;42,Locate the Beacon;81,Scan the Living Quarters Floor","U4_Bunker,U4_Bunker_Quests","0.11.141","TaskCompleteEvent",74,"arfRoom",NA
"3263","5c74561fe4194c47a15a93fc",4,"Development","8d703246-39e0-4ff5-aef9-ec166f84d182","JG8 UX8",187,"2019-02-25 08:54:48","WindowsPlayer",NA,11,"TaskEvent",0,"0.11.141",-23.4863719940186,19.6574459075928,-12.9799518585205,0.484809070825577,-0.874619960784912,0,"History of WAT247,Find Toppo's Posters,Crash Diagnostics - Mountains,U4 - Crash Side Quest P5,Checking the Living Quarters","50,watershed;50,energy;49,poster1;49,poster5;49,poster6;46,jasper;42,Locate the Beacon;81,Scan the Living Quarters Floor","U4_Bunker,U4_Bunker_Quests","0.11.141","TaskActiveEvent",77,"collectARF",NA
"3264","5c74561fe4194c47a15a93fd",4,"Development","8d703246-39e0-4ff5-aef9-ec166f84d182","JG8 UX8",187,"2019-02-25 08:54:48","WindowsPlayer",NA,11,"TaskEvent",0,"0.11.141",-23.4863719940186,19.6574459075928,-12.9799518585205,0.484809070825577,-0.874619960784912,0,"History of WAT247,Find Toppo's Posters,Crash Diagnostics - Mountains,U4 - Crash Side Quest P5,Checking the Living Quarters","50,watershed;50,energy;49,poster1;49,poster5;49,poster6;46,jasper;42,Locate the Beacon;81,Scan the Living Quarters Floor;81,Scan the Living Quarters Depth","U4_Bunker,U4_Bunker_Quests","0.11.141","TaskProgressEvent",74,"arfRoom",1
"3265","5c745629e4194c47a15a944b",4,"Development","8d703246-39e0-4ff5-aef9-ec166f84d182","JG8 UX8",187,"2019-02-25 08:54:44","WindowsPlayer",NA,11,"TaskEvent",0,"0.11.141",-16.7781028747559,24.9267120361328,-13.0200004577637,-0.736096680164337,0.676876425743103,0,"History of WAT247,Find Toppo's Posters,Crash Diagnostics - Mountains,U4 - Crash Side Quest P5,Checking the Living Quarters","50,watershed;50,energy;49,poster1;49,poster5;49,poster6;46,jasper;42,Locate the Beacon;81,Scan the Living Quarters Ceiling;81,Scan the Living Quarters Floor","U4_Bunker,U4_Bunker_Quests","0.11.141","TaskCompleteEvent",74,"wakeup",NA
"3266","5c745629e4194c47a15a9450",4,"Development","8d703246-39e0-4ff5-aef9-ec166f84d182","JG8 UX8",187,"2019-02-25 08:54:44","WindowsPlayer",NA,11,"TaskEvent",0,"0.11.141",-16.7781028747559,24.9267120361328,-13.0200004577637,-0.736096680164337,0.676876425743103,0,"History of WAT247,Find Toppo's Posters,Crash Diagnostics - Mountains,U4 - Crash Side Quest P5,Checking the Living Quarters","50,watershed;50,energy;49,poster1;49,poster5;49,poster6;46,jasper;42,Locate the Beacon;81,Scan the Living Quarters Ceiling","U4_Bunker,U4_Bunker_Quests","0.11.141","TaskProgressEvent",74,"wakeup",1
"3267","5c74562ae4194c47a15a9454",4,"Development","8d703246-39e0-4ff5-aef9-ec166f84d182","JG8 UX8",187,"2019-02-25 08:54:44","WindowsPlayer",NA,11,"TaskEvent",0,"0.11.141",-16.7781028747559,24.9267120361328,-13.0200004577637,-0.736096680164337,0.676876425743103,0,"History of WAT247,Find Toppo's Posters,Crash Diagnostics - Mountains,U4 - Crash Side Quest P5,Checking the Living Quarters","50,watershed;50,energy;49,poster1;49,poster5;49,poster6;46,jasper;42,Locate the Beacon;81,Scan the Living Quarters Ceiling","U4_Bunker,U4_Bunker_Quests","0.11.141","TaskActiveEvent",74,"arfRoom",NA
"3268","5c745647e4194c47a15a953f",4,"Development","8d703246-39e0-4ff5-aef9-ec166f84d182","JG8 UX8",187,"2019-02-25 08:55:32","WindowsPlayer",NA,11,"TaskEvent",0,"0.11.141",49.2456893920898,36.7957572937012,-18.6200008392334,0.998341739177704,-0.0575640201568604,0,"History of WAT247,Find Toppo's Posters,Crash Diagnostics - Mountains,U4 - Crash Side Quest P5,Checking the Mess Hall","50,watershed;50,energy;49,poster1;49,poster5;49,poster6;46,jasper;42,Locate the Beacon;82,Scan the Mess Hall Ceiling","U4_Bunker,U4_Bunker_Quests","0.11.141","TaskCompleteEvent",61,"Head to Bed",NA
"3269","5c745647e4194c47a15a9542",4,"Development","8d703246-39e0-4ff5-aef9-ec166f84d182","JG8 UX8",187,"2019-02-25 08:55:32","WindowsPlayer",NA,11,"TaskEvent",0,"0.11.141",49.2456893920898,36.7957572937012,-18.6200008392334,0.998341739177704,-0.0575640201568604,0,"History of WAT247,Find Toppo's Posters,Crash Diagnostics - Mountains,U4 - Crash Side Quest P5,Checking the Mess Hall","50,watershed;50,energy;49,poster1;49,poster5;49,poster6;46,jasper;42,Locate the Beacon;82,Scan the Mess Hall Ceiling","U4_Bunker,U4_Bunker_Quests","0.11.141","TaskProgressEvent",61,"Head to Bed",1
"3270","5c745647e4194c47a15a9543",4,"Development","8d703246-39e0-4ff5-aef9-ec166f84d182","JG8 UX8",187,"2019-02-25 08:55:32","WindowsPlayer",NA,11,"TaskEvent",0,"0.11.141",49.2456893920898,36.7957572937012,-18.6200008392334,0.998341739177704,-0.0575640201568604,0,"History of WAT247,Find Toppo's Posters,Crash Diagnostics - Mountains,U4 - Crash Side Quest P5,Checking the Mess Hall","50,watershed;50,energy;49,poster1;49,poster5;49,poster6;46,jasper;42,Locate the Beacon;82,Scan the Mess Hall Ceiling;82,Scan the Mess Hall Floor","U4_Bunker,U4_Bunker_Quests","0.11.141","TaskActiveEvent",85,"teleport island",NA
"3271","5c745683e4194c47a15a971d",4,"Development","8d703246-39e0-4ff5-aef9-ec166f84d182","JG8 UX8",187,"2019-02-25 08:56:24","WindowsPlayer",NA,11,"TaskEvent",0,"0.11.141",12.9637365341187,40.1028900146484,-18.8080177307129,-0.405141204595566,-0.914254307746887,0,"History of WAT247,Find Toppo's Posters,Crash Diagnostics - Mountains,U4 - Crash Side Quest P5,Checking the Warehouse","50,watershed;50,energy;49,poster1;49,poster5;49,poster6;46,jasper;42,Locate the Beacon;83,Scan the Warehouse Ceiling","U4_Bunker,U4_Bunker_Quests","0.11.141","TaskActiveEvent",29,"meet",NA
"3272","5c745683e4194c47a15a971e",4,"Development","8d703246-39e0-4ff5-aef9-ec166f84d182","JG8 UX8",187,"2019-02-25 08:56:24","WindowsPlayer",NA,11,"TaskEvent",0,"0.11.141",12.9637365341187,40.1028900146484,-18.8080177307129,-0.405141204595566,-0.914254307746887,0,"History of WAT247,Find Toppo's Posters,Crash Diagnostics - Mountains,U4 - Crash Side Quest P5,Checking the Warehouse","50,watershed;50,energy;49,poster1;49,poster5;49,poster6;46,jasper;42,Locate the Beacon;83,Scan the Warehouse Ceiling","U4_Bunker,U4_Bunker_Quests","0.11.141","TaskCompleteEvent",85,"teleport island",NA
"3273","5c745683e4194c47a15a972b",4,"Development","8d703246-39e0-4ff5-aef9-ec166f84d182","JG8 UX8",187,"2019-02-25 08:56:24","WindowsPlayer",NA,11,"TaskEvent",0,"0.11.141",12.9637365341187,40.1028900146484,-18.8080177307129,-0.405141204595566,-0.914254307746887,0,"History of WAT247,Find Toppo's Posters,Crash Diagnostics - Mountains,U4 - Crash Side Quest P5,Checking the Warehouse","50,watershed;50,energy;49,poster1;49,poster5;49,poster6;46,jasper;42,Locate the Beacon;83,Scan the Warehouse Ceiling;83,Scan the Warehouse Floor","U4_Bunker,U4_Bunker_Quests","0.11.141","TaskCompleteEvent",29,"meet",NA
"3274","5c745688e4194c47a15a9758",4,"Development","8d703246-39e0-4ff5-aef9-ec166f84d182","JG8 UX8",187,"2019-02-25 08:56:37","WindowsPlayer",NA,11,"TaskEvent",0,"0.11.141",-16.6709270477295,52.7439384460449,-24.0799999237061,-0.918446481227875,0.395545244216919,0,"History of WAT247,Find Toppo's Posters,Crash Diagnostics - Mountains,U4 - Crash Side Quest P5,Checking the Warehouse","50,watershed;50,energy;49,poster1;49,poster5;49,poster6;46,jasper;42,Locate the Beacon;83,Scan the Warehouse Floor","U4_Bunker,U4_Bunker_Quests","0.11.141","TaskProgressEvent",29,"meet",1
"3275","5c745688e4194c47a15a9759",4,"Development","8d703246-39e0-4ff5-aef9-ec166f84d182","JG8 UX8",187,"2019-02-25 08:56:37","WindowsPlayer",NA,11,"TaskEvent",0,"0.11.141",-16.6709270477295,52.7439384460449,-24.0799999237061,-0.918446481227875,0.395545244216919,0,"History of WAT247,Find Toppo's Posters,Crash Diagnostics - Mountains,U4 - Crash Side Quest P5,Checking the Warehouse","50,watershed;50,energy;49,poster1;49,poster5;49,poster6;46,jasper;42,Locate the Beacon;83,Scan the Warehouse Floor","U4_Bunker,U4_Bunker_Quests","0.11.141","TaskActiveEvent",29,"talk",NA
"3276","5c745688e4194c47a15a975a",4,"Development","8d703246-39e0-4ff5-aef9-ec166f84d182","JG8 UX8",187,"2019-02-25 08:56:37","WindowsPlayer",NA,11,"TaskEvent",0,"0.11.141",-16.6709270477295,52.7439384460449,-24.0799999237061,-0.918446481227875,0.395545244216919,0,"History of WAT247,Find Toppo's Posters,Crash Diagnostics - Mountains,U4 - Crash Side Quest P5,Checking the Warehouse","50,watershed;50,energy;49,poster1;49,poster5;49,poster6;46,jasper;42,Locate the Beacon;83,Scan the Warehouse Floor;83,Scan the Warehouse Depth","U4_Bunker,U4_Bunker_Quests","0.11.141","TaskProgressEvent",49,"poster5",1
"3277","5c745692e4194c47a15a97a6",4,"Development","8d703246-39e0-4ff5-aef9-ec166f84d182","JG8 UX8",187,"2019-02-25 08:56:46","WindowsPlayer",NA,11,"TaskEvent",0,"0.11.141",-9.46252536773682,46.7572937011719,-24.0799999237061,0.736097514629364,-0.676875472068787,0,"History of WAT247,Find Toppo's Posters,Crash Diagnostics - Mountains,U4 - Crash Side Quest P5,Checking the Warehouse,Argue about the Flooded Bunker","50,watershed;50,energy;49,poster1;49,poster5;49,poster6;46,jasper;42,Locate the Beacon","U4_Bunker,U4_Bunker_Quests","0.11.141","TaskCompleteEvent",49,"poster5",NA
"3278","5c745693e4194c47a15a97aa",4,"Development","8d703246-39e0-4ff5-aef9-ec166f84d182","JG8 UX8",187,"2019-02-25 08:56:46","WindowsPlayer",NA,11,"TaskEvent",0,"0.11.141",-9.46252536773682,46.7572937011719,-24.0799999237061,0.736097514629364,-0.676875472068787,0,"History of WAT247,Find Toppo's Posters,Crash Diagnostics - Mountains,U4 - Crash Side Quest P5,Checking the Warehouse","50,watershed;50,energy;49,poster1;49,poster5;49,poster6;46,jasper;42,Locate the Beacon;83,Scan the Warehouse Depth","U4_Bunker,U4_Bunker_Quests","0.11.141","TaskProgressEvent",29,"talk",1
"3279","5c745693e4194c47a15a97ab",4,"Development","8d703246-39e0-4ff5-aef9-ec166f84d182","JG8 UX8",187,"2019-02-25 08:56:46","WindowsPlayer",NA,11,"TaskEvent",0,"0.11.141",-9.46252536773682,46.7572937011719,-24.0799999237061,0.736097514629364,-0.676875472068787,0,"History of WAT247,Find Toppo's Posters,Crash Diagnostics - Mountains,U4 - Crash Side Quest P5,Argue about the Flooded Bunker","50,watershed;50,energy;49,poster1;49,poster5;49,poster6;46,jasper;42,Locate the Beacon;12,Who Flooded the Armory?","U4_Bunker,U4_Bunker_Quests","0.11.141","TaskActiveEvent",29,"unlock",NA
"3280","5c74572ee4194c47a15a9c17",4,"Development","8d703246-39e0-4ff5-aef9-ec166f84d182","JG8 UX8",187,"2019-02-25 08:54:54","WindowsPlayer",NA,11,"TaskEvent",0,"0.11.141",-9.25844860076904,23.0274105072021,-13.0200004577637,0.980614602565765,-0.195946455001831,0,"History of WAT247,Find Toppo's Posters,Crash Diagnostics - Mountains,U4 - Crash Side Quest P5,Checking the Living Quarters","50,watershed;50,energy;49,poster1;49,poster5;49,poster6;46,jasper;42,Locate the Beacon;81,Scan the Living Quarters Depth","U4_Bunker,U4_Bunker_Quests","0.11.141","TaskCompleteEvent",29,"talk",NA
"3281","5c74572ee4194c47a15a9c19",4,"Development","8d703246-39e0-4ff5-aef9-ec166f84d182","JG8 UX8",187,"2019-02-25 08:54:54","WindowsPlayer",NA,11,"TaskEvent",0,"0.11.141",-9.25844860076904,23.0274105072021,-13.0200004577637,0.980614602565765,-0.195946455001831,0,"History of WAT247,Find Toppo's Posters,Crash Diagnostics - Mountains,U4 - Crash Side Quest P5,Checking the Living Quarters,Checking the Mess Hall","50,watershed;50,energy;49,poster1;49,poster5;49,poster6;46,jasper;42,Locate the Beacon","U4_Bunker,U4_Bunker_Quests","0.11.141","TaskActiveEvent",36,"Reach Seaside",NA
"3282","5c74572ee4194c47a15a9c1a",4,"Development","8d703246-39e0-4ff5-aef9-ec166f84d182","JG8 UX8",187,"2019-02-25 08:54:54","WindowsPlayer",NA,11,"TaskEvent",0,"0.11.141",-9.25844860076904,23.0274105072021,-13.0200004577637,0.980614602565765,-0.195946455001831,0,"History of WAT247,Find Toppo's Posters,Crash Diagnostics - Mountains,U4 - Crash Side Quest P5,Checking the Mess Hall","50,watershed;50,energy;49,poster1;49,poster5;49,poster6;46,jasper;42,Locate the Beacon;82,Scan the Mess Hall Ceiling","U4_Bunker,U4_Bunker_Quests","0.11.141","TaskCompleteEvent",29,"unlock",NA
"3283","5c7457d8e4194c47a15aa176",4,"Development","8d703246-39e0-4ff5-aef9-ec166f84d182","JG8 UX8",187,"2019-02-25 09:02:15","WindowsPlayer",NA,11,"TaskEvent",0,"0.11.141",-10.8926239013672,42.3274383544922,-24.0799999237061,-0.246998637914658,-0.969016194343567,0,"History of WAT247,Find Toppo's Posters,Crash Diagnostics - Mountains,U4 - Crash Side Quest P5,Argue about the Flooded Bunker,Fix the Leak","50,watershed;50,energy;49,poster1;49,poster5;49,poster6;46,jasper;42,Locate the Beacon","U4_Bunker,U4_Bunker_Quests","0.11.141","TaskProgressEvent",29,"unlock",1
"3284","5c7457d8e4194c47a15aa17b",4,"Development","8d703246-39e0-4ff5-aef9-ec166f84d182","JG8 UX8",187,"2019-02-25 09:02:15","WindowsPlayer",NA,11,"TaskEvent",0,"0.11.141",-10.8926239013672,42.3274383544922,-24.0799999237061,-0.246998637914658,-0.969016194343567,0,"History of WAT247,Find Toppo's Posters,Crash Diagnostics - Mountains,U4 - Crash Side Quest P5,Argue about the Flooded Bunker","50,watershed;50,energy;49,poster1;49,poster5;49,poster6;46,jasper;42,Locate the Beacon;12,Who Flooded the Warehouse?","U4_Bunker,U4_Bunker_Quests","0.11.141","TaskCompleteEvent",50,"energy",NA
"3285","5c7457d8e4194c47a15aa181",4,"Development","8d703246-39e0-4ff5-aef9-ec166f84d182","JG8 UX8",187,"2019-02-25 09:02:15","WindowsPlayer",NA,11,"TaskEvent",0,"0.11.141",-10.8926239013672,42.3274383544922,-24.0799999237061,-0.246998637914658,-0.969016194343567,0,"History of WAT247,Find Toppo's Posters,Crash Diagnostics - Mountains,U4 - Crash Side Quest P5,Fix the Leak","50,watershed;50,energy;49,poster1;49,poster5;49,poster6;46,jasper;42,Locate the Beacon;13,deactivate","U4_Bunker,U4_Bunker_Quests","0.11.141","TaskProgressEvent",50,"energy",1
"3286","5c7457fee4194c47a15aa28e",4,"Development","8d703246-39e0-4ff5-aef9-ec166f84d182","JG8 UX8",187,"2019-02-25 09:02:51","WindowsPlayer",NA,11,"TaskEvent",0,"0.11.141",-556.998046875,-26.0337200164795,27.519250869751,0.23344475030899,-0.972370386123657,0,"History of WAT247,Find Toppo's Posters,Crash Diagnostics - Mountains,U4 - Crash Side Quest P5,Fix the Leak","50,watershed;50,energy;49,poster1;49,poster5;49,poster6;46,jasper;42,Locate the Beacon;13,deactivate","U4,U4_Collectibles,U4_Quests,U4_MilitaryBase","0.11.141","TaskProgressEvent",36,"Reach Seaside",1
"3287","5c7457fee4194c47a15aa292",4,"Development","8d703246-39e0-4ff5-aef9-ec166f84d182","JG8 UX8",187,"2019-02-25 09:02:51","WindowsPlayer",NA,11,"TaskEvent",0,"0.11.141",-556.998046875,-26.0337200164795,27.519250869751,0.23344475030899,-0.972370386123657,0,"History of WAT247,Find Toppo's Posters,Crash Diagnostics - Mountains,U4 - Crash Side Quest P5,Fix the Leak","50,watershed;50,energy;49,poster1;49,poster5;49,poster6;46,jasper;42,Locate the Beacon;13,deactivate;13,report","U4,U4_Collectibles,U4_Quests,U4_MilitaryBase","0.11.141","TaskActiveEvent",36,"Condense Humidity",NA
"3288","5c7457fee4194c47a15aa29b",4,"Development","8d703246-39e0-4ff5-aef9-ec166f84d182","JG8 UX8",187,"2019-02-25 09:02:51","WindowsPlayer",NA,11,"TaskEvent",0,"0.11.141",-556.998046875,-26.0337200164795,27.519250869751,0.23344475030899,-0.972370386123657,0,"History of WAT247,Find Toppo's Posters,Crash Diagnostics - Mountains,U4 - Crash Side Quest P5,Fix the Leak","50,watershed;50,energy;49,poster1;49,poster5;49,poster6;46,jasper;42,Locate the Beacon;13,deactivate","U4,U4_Collectibles,U4_Quests,U4_MilitaryBase","0.11.141","TaskCompleteEvent",36,"Reach Seaside",NA
"3289","5c745853e4194c47a15aa53a",4,"Development","8d703246-39e0-4ff5-aef9-ec166f84d182","JG8 UX8",187,"2019-02-25 09:04:04","WindowsPlayer",NA,11,"TaskEvent",0,"0.11.141",-252.147415161133,710.933410644531,42.4904632568359,0.35510641336441,0.934825897216797,0,"History of WAT247,Find Toppo's Posters,Crash Diagnostics - Mountains,U4 - Crash Side Quest P5,Riley’s request","50,watershed;50,energy;49,poster1;49,poster5;49,poster6;46,jasper;42,Locate the Beacon;14,fountain1","U4,U4_Collectibles,U4_Quests","0.11.141","TaskProgressEvent",36,"Condense Humidity",1
"3290","5c745853e4194c47a15aa53b",4,"Development","8d703246-39e0-4ff5-aef9-ec166f84d182","JG8 UX8",187,"2019-02-25 09:04:04","WindowsPlayer",NA,11,"TaskEvent",0,"0.11.141",-252.147415161133,710.933410644531,42.4904632568359,0.35510641336441,0.934825897216797,0,"History of WAT247,Find Toppo's Posters,Crash Diagnostics - Mountains,U4 - Crash Side Quest P5,Riley’s request","50,watershed;50,energy;49,poster1;49,poster5;49,poster6;46,jasper;42,Locate the Beacon;14,fountain1;14,fountain2","U4,U4_Collectibles,U4_Quests","0.11.141","TaskActiveEvent",36,"Evaporate Water",NA
"3291","5c745853e4194c47a15aa53f",4,"Development","8d703246-39e0-4ff5-aef9-ec166f84d182","JG8 UX8",187,"2019-02-25 09:04:04","WindowsPlayer",NA,11,"TaskEvent",0,"0.11.141",-252.147415161133,710.933410644531,42.4904632568359,0.35510641336441,0.934825897216797,0,"History of WAT247,Find Toppo's Posters,Crash Diagnostics - Mountains,U4 - Crash Side Quest P5,Riley’s request","50,watershed;50,energy;49,poster1;49,poster5;49,poster6;46,jasper;42,Locate the Beacon;14,fountain1","U4,U4_Collectibles,U4_Quests","0.11.141","TaskCompleteEvent",36,"Condense Humidity",NA
"3292","5c74587be4194c47a15aa67a",4,"Development","8d703246-39e0-4ff5-aef9-ec166f84d182","JG8 UX8",187,"2019-02-25 09:04:49","WindowsPlayer",NA,11,"TaskEvent",0,"0.11.141",-203.725021362305,420.489837646484,24.1608295440674,-0.732542872428894,-0.680721044540405,0,"History of WAT247,Find Toppo's Posters,Crash Diagnostics - Mountains,U4 - Crash Side Quest P5,Riley’s request","50,watershed;50,energy;49,poster1;49,poster5;49,poster6;46,jasper;42,Locate the Beacon;14,fountain3","U4,U4_Collectibles,U4_Quests","0.11.141","TaskProgressEvent",36,"Evaporate Water",1
"3293","5c74587be4194c47a15aa67c",4,"Development","8d703246-39e0-4ff5-aef9-ec166f84d182","JG8 UX8",187,"2019-02-25 09:04:49","WindowsPlayer",NA,11,"TaskEvent",0,"0.11.141",-203.725021362305,420.489837646484,24.1608295440674,-0.732542872428894,-0.680721044540405,0,"History of WAT247,Find Toppo's Posters,Crash Diagnostics - Mountains,U4 - Crash Side Quest P5,Riley’s request","50,watershed;50,energy;49,poster1;49,poster5;49,poster6;46,jasper;42,Locate the Beacon;14,fountain3","U4,U4_Collectibles,U4_Quests","0.11.141","TaskActiveEvent",36,"Transport Water",NA
"3294","5c74587be4194c47a15aa687",4,"Development","8d703246-39e0-4ff5-aef9-ec166f84d182","JG8 UX8",187,"2019-02-25 09:04:49","WindowsPlayer",NA,11,"TaskEvent",0,"0.11.141",-203.725021362305,420.489837646484,24.1608295440674,-0.732542872428894,-0.680721044540405,0,"History of WAT247,Find Toppo's Posters,Crash Diagnostics - Mountains,U4 - Crash Side Quest P5,Riley’s request","50,watershed;50,energy;49,poster1;49,poster5;49,poster6;46,jasper;42,Locate the Beacon;14,fountain3;14,Head back to Anderson","U4,U4_Collectibles,U4_Quests","0.11.141","TaskCompleteEvent",36,"Evaporate Water",NA
"3295","5c7458ade4194c47a15aa7fd",4,"Development","8d703246-39e0-4ff5-aef9-ec166f84d182","JG8 UX8",187,"2019-02-25 09:05:40","WindowsPlayer",NA,11,"TaskEvent",0,"0.11.141",-585.429748535156,750.13671875,62.8079032897949,-0.294040083885193,0.955793082714081,0,"History of WAT247,Find Toppo's Posters,Crash Diagnostics - Mountains,U4 - Crash Side Quest P5,Riley’s request","50,watershed;50,energy;49,poster1;49,poster5;49,poster6;46,jasper;42,Locate the Beacon;14,Head back to Anderson","U4,U4_Collectibles,U4_Quests,U4_MilitaryBase","0.11.141","TaskProgressEvent",36,"Transport Water",1
"3296","5c7458ade4194c47a15aa7fe",4,"Development","8d703246-39e0-4ff5-aef9-ec166f84d182","JG8 UX8",187,"2019-02-25 09:05:40","WindowsPlayer",NA,11,"TaskEvent",0,"0.11.141",-585.429748535156,750.13671875,62.8079032897949,-0.294040083885193,0.955793082714081,0,"History of WAT247,Find Toppo's Posters,Crash Diagnostics - Mountains,U4 - Crash Side Quest P5,Riley’s request","50,watershed;50,energy;49,poster1;49,poster5;49,poster6;46,jasper;42,Locate the Beacon;14,Head back to Anderson","U4,U4_Collectibles,U4_Quests,U4_MilitaryBase","0.11.141","TaskActiveEvent",36,"Start Fountain",NA
"3297","5c7458ade4194c47a15aa7ff",4,"Development","8d703246-39e0-4ff5-aef9-ec166f84d182","JG8 UX8",187,"2019-02-25 09:05:40","WindowsPlayer",NA,11,"TaskEvent",0,"0.11.141",-585.429748535156,750.13671875,62.8079032897949,-0.294040083885193,0.955793082714081,0,"History of WAT247,Find Toppo's Posters,Crash Diagnostics - Mountains,U4 - Crash Side Quest P5,Riley’s request","50,watershed;50,energy;49,poster1;49,poster5;49,poster6;46,jasper;42,Locate the Beacon;14,Head back to Anderson;14,overflow fountain","U4,U4_Collectibles,U4_Quests,U4_MilitaryBase","0.11.141","TaskCompleteEvent",36,"Transport Water",NA
"3298","5c74590fe4194c47a15aaa96",4,"Development","8d703246-39e0-4ff5-aef9-ec166f84d182","JG8 UX8",187,"2019-02-25 09:07:23","WindowsPlayer",NA,11,"TaskEvent",0,"0.11.141",5.6490683555603,-6.91295480728149,0.982061207294464,0.771970868110657,0.635657846927643,0,"History of WAT247,Find Toppo's Posters,Crash Diagnostics - Mountains,U4 - Crash Side Quest P5,U5 - Waking up on WAT247","50,watershed;50,energy;49,poster1;49,poster5;49,poster6;46,jasper;42,Locate the Beacon","PB_PlayerRoom","0.11.141","TaskProgressEvent",36,"Start Fountain",1
"3299","5c745937e4194c47a15aabc1",4,"Development","8d703246-39e0-4ff5-aef9-ec166f84d182","JG8 UX8",187,"2019-02-25 08:53:40","WindowsPlayer",NA,11,"TaskEvent",0,"0.11.141",26.4259700775146,14.3556890487671,-4.76210975646973,0.999993979930878,-0.00349092483520508,0,"History of WAT247,Find Toppo's Posters,Crash Diagnostics - Mountains,U4 - Crash Side Quest P5,Flooding in the Bunker","50,watershed;50,energy;49,poster1;49,poster5;49,poster6;46,jasper;42,Locate the Beacon;6,Investigate the Flood","U4_Bunker,U4_Bunker_Quests","0.11.141","TaskActiveEvent",36,"Talk Bill",NA
"3300","5c745937e4194c47a15aabc6",4,"Development","8d703246-39e0-4ff5-aef9-ec166f84d182","JG8 UX8",187,"2019-02-25 08:53:40","WindowsPlayer",NA,11,"TaskEvent",0,"0.11.141",26.4259700775146,14.3556890487671,-4.76210975646973,0.999993979930878,-0.00349092483520508,0,"History of WAT247,Find Toppo's Posters,Crash Diagnostics - Mountains,U4 - Crash Side Quest P5,Flooding in the Bunker,Checking the Armory","50,watershed;50,energy;49,poster1;49,poster5;49,poster6;46,jasper;42,Locate the Beacon","U4_Bunker,U4_Bunker_Quests","0.11.141","TaskCompleteEvent",36,"Start Fountain",NA
"3301","5c745937e4194c47a15aabc7",4,"Development","8d703246-39e0-4ff5-aef9-ec166f84d182","JG8 UX8",187,"2019-02-25 08:53:40","WindowsPlayer",NA,11,"TaskEvent",0,"0.11.141",26.4259700775146,14.3556890487671,-4.76210975646973,0.999993979930878,-0.00349092483520508,0,"History of WAT247,Find Toppo's Posters,Crash Diagnostics - Mountains,U4 - Crash Side Quest P5,Checking the Armory","50,watershed;50,energy;49,poster1;49,poster5;49,poster6;46,jasper;42,Locate the Beacon;80,Scan the Armory Ceiling","U4_Bunker,U4_Bunker_Quests","0.11.141","TaskCompleteEvent",36,"Talk Bill",NA
"3302","5c7459f7e4194c47a15ab2d0",4,"Development","8d703246-39e0-4ff5-aef9-ec166f84d182","JG8 UX8",187,"2019-02-25 08:32:03","WindowsPlayer",NA,11,"TaskEvent",0,"0.11.141",53.3643951416016,-2.52635550498962,3.98000001907349,0.840566754341125,-0.541707992553711,0,"History of WAT247,Find Toppo's Posters,Crash Diagnostics - Mountains,U4 - Crash Side Quest P5,The Ruins","50,watershed;50,energy;49,poster1;49,poster5;49,poster6;46,jasper;42,Locate the Beacon;3,Restore Power to B5","U4_Dungeon,U4_Dungeon_Quests","0.11.141","TaskActiveEvent",37,"bill outside cavern",NA
"3303","5c7459f7e4194c47a15ab2e3",4,"Development","8d703246-39e0-4ff5-aef9-ec166f84d182","JG8 UX8",187,"2019-02-25 08:32:03","WindowsPlayer",NA,11,"TaskEvent",0,"0.11.141",53.3643951416016,-2.52635550498962,3.98000001907349,0.840566754341125,-0.541707992553711,0,"History of WAT247,Find Toppo's Posters,Crash Diagnostics - Mountains,U4 - Crash Side Quest P5,The Ruins","50,watershed;50,energy;49,poster1;49,poster5;49,poster6;46,jasper;42,Locate the Beacon;3,Restore Power to B5","U4_Dungeon,U4_Dungeon_Quests","0.11.141","TaskProgressEvent",36,"Talk Bill",1
"3304","5c7459f7e4194c47a15ab2e4",4,"Development","8d703246-39e0-4ff5-aef9-ec166f84d182","JG8 UX8",187,"2019-02-25 08:32:03","WindowsPlayer",NA,11,"TaskEvent",0,"0.11.141",53.3643951416016,-2.52635550498962,3.98000001907349,0.840566754341125,-0.541707992553711,0,"History of WAT247,Find Toppo's Posters,Crash Diagnostics - Mountains,U4 - Crash Side Quest P5,The Ruins","50,watershed;50,energy;49,poster1;49,poster5;49,poster6;46,jasper;42,Locate the Beacon;3,Restore Power to B5;3,Restore Power to B4","U4_Dungeon,U4_Dungeon_Quests","0.11.141","TaskProgressEvent",37,"bill outside cavern",1
"3305","5c7459fae4194c47a15ab750",4,"Development","8d703246-39e0-4ff5-aef9-ec166f84d182","JG8 UX8",187,"2019-02-25 09:03:31","WindowsPlayer",NA,11,"TaskEvent",0,"0.11.141",-586.21044921875,750.121276855469,62.7765121459961,0.159881860017776,0.98713618516922,0,"History of WAT247,Find Toppo's Posters,Crash Diagnostics - Mountains,U4 - Crash Side Quest P5,Fix the Leak,Riley’s request","50,watershed;50,energy;49,poster1;49,poster5;49,poster6;46,jasper;42,Locate the Beacon","U4,U4_Collectibles,U4_Quests,U4_MilitaryBase","0.11.141","TaskActiveEvent",37,"meet Bill",NA
"3306","5c7459fae4194c47a15ab753",4,"Development","8d703246-39e0-4ff5-aef9-ec166f84d182","JG8 UX8",187,"2019-02-25 09:03:31","WindowsPlayer",NA,11,"TaskEvent",0,"0.11.141",-586.21044921875,750.121276855469,62.7765121459961,0.159881860017776,0.98713618516922,0,"History of WAT247,Find Toppo's Posters,Crash Diagnostics - Mountains,U4 - Crash Side Quest P5,Riley’s request","50,watershed;50,energy;49,poster1;49,poster5;49,poster6;46,jasper;42,Locate the Beacon;14,fountain1","U4,U4_Collectibles,U4_Quests,U4_MilitaryBase","0.11.141","TaskCompleteEvent",37,"bill outside cavern",NA
"3307","5c7459fae4194c47a15ab762",4,"Development","8d703246-39e0-4ff5-aef9-ec166f84d182","JG8 UX8",187,"2019-02-25 09:03:31","WindowsPlayer",NA,11,"TaskEvent",0,"0.11.141",-586.21044921875,750.121276855469,62.7765121459961,0.159881860017776,0.98713618516922,0,"History of WAT247,Find Toppo's Posters,Crash Diagnostics - Mountains,U4 - Crash Side Quest P5,Fix the Leak","50,watershed;50,energy;49,poster1;49,poster5;49,poster6;46,jasper;42,Locate the Beacon;13,report","U4,U4_Collectibles,U4_Quests,U4_MilitaryBase","0.11.141","TaskProgressEvent",37,"meet Bill",1
"3308","5c7459fbe4194c47a15aba29",4,"Development","8d703246-39e0-4ff5-aef9-ec166f84d182","JG8 UX8",187,"2019-02-25 08:22:32","WindowsPlayer",NA,11,"TaskEvent",0,"0.11.141",5.68043184280396,-6.93475770950317,0.982068419456482,0.686214745044708,0.727398991584778,0,"History of WAT247,Find Toppo's Posters,Crash Diagnostics - Mountains,Second Day at Base","50,watershed;50,infiltration;50,energy;49,poster1;49,poster4;49,poster5;49,poster6;46,jasper","PB_PlayerRoom","0.11.141","TaskActiveEvent",37,"Try Escape",NA
"3309","5c7459fbe4194c47a15aba7f",4,"Development","8d703246-39e0-4ff5-aef9-ec166f84d182","JG8 UX8",187,"2019-02-25 08:24:44","WindowsPlayer",NA,11,"TaskEvent",0,"0.11.141",-57.7710113525391,-156.828598022461,58.9669380187988,-0.114385955035686,-0.993436694145203,0,"History of WAT247,Find Toppo's Posters,Crash Diagnostics - Mountains,Second Day at Base","50,watershed;50,infiltration;50,energy;49,poster1;49,poster4;49,poster5;49,poster6;46,jasper;59,Get Ready;59,Head to the Desert","Player_Base","0.11.141","TaskCompleteEvent",37,"meet Bill",NA
"3310","5c7459fbe4194c47a15aba8f",4,"Development","8d703246-39e0-4ff5-aef9-ec166f84d182","JG8 UX8",187,"2019-02-25 08:24:44","WindowsPlayer",NA,11,"TaskEvent",0,"0.11.141",-57.7710113525391,-156.828598022461,58.9669380187988,-0.114385955035686,-0.993436694145203,0,"History of WAT247,Find Toppo's Posters,Crash Diagnostics - Mountains,Second Day at Base","50,watershed;50,infiltration;50,energy;49,poster1;49,poster4;49,poster5;49,poster6;46,jasper;59,Get Ready","Player_Base","0.11.141","TaskCompleteEvent",37,"Try Escape",NA
"3311","5c7459fbe4194c47a15abab7",4,"Development","8d703246-39e0-4ff5-aef9-ec166f84d182","JG8 UX8",187,"2019-02-25 08:24:44","WindowsPlayer",NA,11,"TaskEvent",0,"0.11.141",-57.7710113525391,-156.828598022461,58.9669380187988,-0.114385955035686,-0.993436694145203,0,"History of WAT247,Find Toppo's Posters,Crash Diagnostics - Mountains,Second Day at Base","50,watershed;50,infiltration;50,energy;49,poster1;49,poster4;49,poster5;49,poster6;46,jasper;59,Get Ready","Player_Base","0.11.141","TaskActiveEvent",32,"humidity meter",NA
"3312","5c7459fce4194c47a15abc2c",4,"Development","8d703246-39e0-4ff5-aef9-ec166f84d182","JG8 UX8",187,"2019-02-25 08:18:48","WindowsPlayer",NA,11,"TaskEvent",0,"0.11.141",-201.508239746094,-124.652229309082,56.4889984130859,-0.98129278421402,0.192521274089813,0,"History of WAT247,Find Toppo's Posters,Crash Diagnostics - Mountains,Collect all the Pumps in the Alien Facility","50,watershed;50,infiltration;50,energy;49,poster1;49,poster4;49,poster5;49,poster6;46,jasper;75,BackToGardens","U3_Dungeon_Side_Quest","0.11.141","TaskProgressEvent",37,"Try Escape",1
"3313","5c7459fce4194c47a15abc2d",4,"Development","8d703246-39e0-4ff5-aef9-ec166f84d182","JG8 UX8",187,"2019-02-25 08:18:48","WindowsPlayer",NA,11,"TaskEvent",0,"0.11.141",-201.508239746094,-124.652229309082,56.4889984130859,-0.98129278421402,0.192521274089813,0,"History of WAT247,Find Toppo's Posters,Crash Diagnostics - Mountains,Collect all the Pumps in the Alien Facility,Strange Gardening","50,watershed;50,infiltration;50,energy;49,poster1;49,poster4;49,poster5;49,poster6;46,jasper","U3_Dungeon_Side_Quest","0.11.141","TaskProgressEvent",32,"humidity meter",1
"3314","5c7459fce4194c47a15abc30",4,"Development","8d703246-39e0-4ff5-aef9-ec166f84d182","JG8 UX8",187,"2019-02-25 08:18:48","WindowsPlayer",NA,11,"TaskEvent",0,"0.11.141",-201.508239746094,-124.652229309082,56.4889984130859,-0.98129278421402,0.192521274089813,0,"History of WAT247,Find Toppo's Posters,Crash Diagnostics - Mountains,Strange Gardening","50,watershed;50,infiltration;50,energy;49,poster1;49,poster4;49,poster5;49,poster6;46,jasper;25,Install Pumps","U3_Dungeon_Side_Quest","0.11.141","TaskActiveEvent",32,"pan",NA
"3315","5c7459fde4194c47a15abe30",4,"Development","8d703246-39e0-4ff5-aef9-ec166f84d182","JG8 UX8",187,"2019-02-25 08:35:56","WindowsPlayer",NA,11,"TaskEvent",0,"0.11.141",138.883193969727,25.6070899963379,9.2296257019043,-0.658688604831696,0.752415657043457,0,"History of WAT247,Find Toppo's Posters,Crash Diagnostics - Mountains,U4 - Crash Side Quest P5,The Ruins","50,watershed;50,energy;49,poster1;49,poster5;49,poster6;46,jasper;42,Locate the Beacon;3,Restore Power to B4","U4_Dungeon,U4_Dungeon_Quests","0.11.141","TaskCompleteEvent",32,"humidity meter",NA
"3316","5c7459fde4194c47a15abe31",4,"Development","8d703246-39e0-4ff5-aef9-ec166f84d182","JG8 UX8",187,"2019-02-25 08:35:56","WindowsPlayer",NA,11,"TaskEvent",0,"0.11.141",138.883193969727,25.6070899963379,9.2296257019043,-0.658688604831696,0.752415657043457,0,"History of WAT247,Find Toppo's Posters,Crash Diagnostics - Mountains,U4 - Crash Side Quest P5,The Ruins","50,watershed;50,energy;49,poster1;49,poster5;49,poster6;46,jasper;42,Locate the Beacon;3,Restore Power to B4;3,Restore Power to B3","U4_Dungeon,U4_Dungeon_Quests","0.11.141","TaskActiveEvent",32,"fill pan",NA
"3317","5c7459fde4194c47a15abe43",4,"Development","8d703246-39e0-4ff5-aef9-ec166f84d182","JG8 UX8",187,"2019-02-25 08:35:56","WindowsPlayer",NA,11,"TaskEvent",0,"0.11.141",138.883193969727,25.6070899963379,9.2296257019043,-0.658688604831696,0.752415657043457,0,"History of WAT247,Find Toppo's Posters,Crash Diagnostics - Mountains,U4 - Crash Side Quest P5,The Ruins","50,watershed;50,energy;49,poster1;49,poster5;49,poster6;46,jasper;42,Locate the Beacon;3,Restore Power to B4","U4_Dungeon,U4_Dungeon_Quests","0.11.141","TaskProgressEvent",32,"pan",1
"3318","5c7459fde4194c47a15abea7",4,"Development","8d703246-39e0-4ff5-aef9-ec166f84d182","JG8 UX8",187,"2019-02-25 08:54:02","WindowsPlayer",NA,11,"TaskEvent",0,"0.11.141",43.5554313659668,14.0144948959351,-7.41999959945679,0.999945223331451,0.0104707479476929,0,"History of WAT247,Find Toppo's Posters,Crash Diagnostics - Mountains,U4 - Crash Side Quest P5,Checking the Armory","50,watershed;50,energy;49,poster1;49,poster5;49,poster6;46,jasper;42,Locate the Beacon;80,Scan the Amory Floor","U4_Bunker,U4_Bunker_Quests","0.11.141","TaskCompleteEvent",32,"pan",NA
"3319","5c7459fde4194c47a15abeac",4,"Development","8d703246-39e0-4ff5-aef9-ec166f84d182","JG8 UX8",187,"2019-02-25 08:54:02","WindowsPlayer",NA,11,"TaskEvent",0,"0.11.141",43.5554313659668,14.0144948959351,-7.41999959945679,0.999945223331451,0.0104707479476929,0,"History of WAT247,Find Toppo's Posters,Crash Diagnostics - Mountains,U4 - Crash Side Quest P5,Checking the Armory","50,watershed;50,energy;49,poster1;49,poster5;49,poster6;46,jasper;42,Locate the Beacon;80,Scan the Amory Floor","U4_Bunker,U4_Bunker_Quests","0.11.141","TaskProgressEvent",32,"fill pan",1
"3320","5c7459fde4194c47a15abeb0",4,"Development","8d703246-39e0-4ff5-aef9-ec166f84d182","JG8 UX8",187,"2019-02-25 08:54:02","WindowsPlayer",NA,11,"TaskEvent",0,"0.11.141",43.5554313659668,14.0144948959351,-7.41999959945679,0.999945223331451,0.0104707479476929,0,"History of WAT247,Find Toppo's Posters,Crash Diagnostics - Mountains,U4 - Crash Side Quest P5,Checking the Armory","50,watershed;50,energy;49,poster1;49,poster5;49,poster6;46,jasper;42,Locate the Beacon;80,Scan the Amory Floor;80,Scan the Armory Depth","U4_Bunker,U4_Bunker_Quests","0.11.141","TaskActiveEvent",32,"Find Rock",NA
"3321","5c7459fee4194c47a15abf6d",4,"Development","8d703246-39e0-4ff5-aef9-ec166f84d182","JG8 UX8",187,"2019-02-25 08:36:45","WindowsPlayer",NA,11,"TaskEvent",0,"0.11.141",59.3406677246094,33.2153968811035,14.4796257019043,-0.933580338954926,0.358368217945099,0,"History of WAT247,Find Toppo's Posters,Crash Diagnostics - Mountains,U4 - Crash Side Quest P5,The Ruins","50,watershed;50,energy;49,poster1;49,poster5;49,poster6;46,jasper;42,Locate the Beacon;3,Restore Power to B3","U4_Dungeon,U4_Dungeon_Quests","0.11.141","TaskCompleteEvent",32,"fill pan",NA
"3322","5c7459fee4194c47a15abf6e",4,"Development","8d703246-39e0-4ff5-aef9-ec166f84d182","JG8 UX8",187,"2019-02-25 08:36:45","WindowsPlayer",NA,11,"TaskEvent",0,"0.11.141",59.3406677246094,33.2153968811035,14.4796257019043,-0.933580338954926,0.358368217945099,0,"History of WAT247,Find Toppo's Posters,Crash Diagnostics - Mountains,U4 - Crash Side Quest P5,The Ruins","50,watershed;50,energy;49,poster1;49,poster5;49,poster6;46,jasper;42,Locate the Beacon;3,Restore Power to B3","U4_Dungeon,U4_Dungeon_Quests","0.11.141","TaskProgressEvent",32,"Find Rock",1
"3323","5c7459fee4194c47a15abf75",4,"Development","8d703246-39e0-4ff5-aef9-ec166f84d182","JG8 UX8",187,"2019-02-25 08:36:45","WindowsPlayer",NA,11,"TaskEvent",0,"0.11.141",59.3406677246094,33.2153968811035,14.4796257019043,-0.933580338954926,0.358368217945099,0,"History of WAT247,Find Toppo's Posters,Crash Diagnostics - Mountains,U4 - Crash Side Quest P5,The Ruins","50,watershed;50,energy;49,poster1;49,poster5;49,poster6;46,jasper;42,Locate the Beacon;3,Restore Power to B3;3,Restore Power to B2","U4_Dungeon,U4_Dungeon_Quests","0.11.141","TaskActiveEvent",32,"Drill hole",NA
"3324","5c7459ffe4194c47a15ac227",4,"Development","8d703246-39e0-4ff5-aef9-ec166f84d182","JG8 UX8",187,"2019-02-25 08:30:04","WindowsPlayer",NA,11,"TaskEvent",0,"0.11.141",165.022567749023,-692.758178710938,41.7842750549316,-0.128091305494308,-0.991758823394775,-0.00273148738779128,"History of WAT247,Find Toppo's Posters,Crash Diagnostics - Mountains,Alien Village,U4 - Crash Side Quest P5","50,watershed;50,energy;49,poster1;49,poster5;49,poster6;46,jasper;42,Locate the Beacon;2,Enter the Building","U4,U4_Collectibles,U4_Quests,U4_AlienRuins,U4_DrillRoomV2","0.11.141","TaskCompleteEvent",32,"Find Rock",NA
"3325","5c7459ffe4194c47a15ac244",4,"Development","8d703246-39e0-4ff5-aef9-ec166f84d182","JG8 UX8",187,"2019-02-25 08:30:04","WindowsPlayer",NA,11,"TaskEvent",0,"0.11.141",165.022567749023,-692.758178710938,41.7842750549316,-0.128091305494308,-0.991758823394775,-0.00273148738779128,"History of WAT247,Find Toppo's Posters,Crash Diagnostics - Mountains,Alien Village,U4 - Crash Side Quest P5","50,watershed;50,energy;49,poster1;49,poster5;49,poster6;46,jasper;42,Locate the Beacon;2,Enter the Building","U4,U4_Collectibles,U4_Quests,U4_AlienRuins,U4_DrillRoomV2","0.11.141","TaskProgressEvent",32,"Drill hole",1
"3326","5c7459ffe4194c47a15ac249",4,"Development","8d703246-39e0-4ff5-aef9-ec166f84d182","JG8 UX8",187,"2019-02-25 08:30:04","WindowsPlayer",NA,11,"TaskEvent",0,"0.11.141",165.022567749023,-692.758178710938,41.7842750549316,-0.128091305494308,-0.991758823394775,-0.00273148738779128,"History of WAT247,Find Toppo's Posters,Crash Diagnostics - Mountains,Alien Village,U4 - Crash Side Quest P5","50,watershed;50,energy;49,poster1;49,poster5;49,poster6;46,jasper;42,Locate the Beacon;2,Enter the Building;2,Try the Controls","U4,U4_Collectibles,U4_Quests,U4_AlienRuins,U4_DrillRoomV2","0.11.141","TaskActiveEvent",32,"check humidity again",NA
"3327","5c745a03e4194c47a15ac99a",4,"Development","8d703246-39e0-4ff5-aef9-ec166f84d182","JG8 UX8",187,"2019-02-25 09:07:21","WindowsPlayer",NA,11,"TaskEvent",0,"0.11.141",5.6490683555603,-6.91295480728149,0.982061207294464,0.771970868110657,0.635657846927643,0,"History of WAT247,Find Toppo's Posters,Crash Diagnostics - Mountains,U4 - Crash Side Quest P5,Third Night at Base","50,watershed;50,energy;49,poster1;49,poster5;49,poster6;46,jasper;42,Locate the Beacon;61,Head to Bed","PB_PlayerRoom","0.11.141","TaskCompleteEvent",32,"Drill hole",NA
"3328","5c745a05e4194c47a15acb84",4,"Development","8d703246-39e0-4ff5-aef9-ec166f84d182","JG8 UX8",187,"2019-02-25 08:25:54","WindowsPlayer",NA,11,"TaskEvent",0,"0.11.141",-593.701782226562,735.939392089844,62.1573181152344,-0.981936573982239,-0.188048556447029,-0.0209395661950111,"History of WAT247,Find Toppo's Posters,Crash Diagnostics - Mountains,Alien Village","50,watershed;50,infiltration;50,energy;49,poster1;49,poster4;49,poster5;49,poster6;46,jasper;2,Find the Ruins","U4,U4_Collectibles,U4_Quests,U4_MilitaryBase","0.11.141","TaskCompleteEvent",32,"check humidity again",NA
"3329","5c745a05e4194c47a15acc04",4,"Development","8d703246-39e0-4ff5-aef9-ec166f84d182","JG8 UX8",187,"2019-02-25 09:07:21","WindowsPlayer",NA,11,"TaskEvent",0,"0.11.141",5.6490683555603,-6.91295480728149,0.982061207294464,0.771970868110657,0.635657846927643,0,"History of WAT247,Find Toppo's Posters,Crash Diagnostics - Mountains,U4 - Crash Side Quest P5","50,watershed;50,energy;49,poster1;49,poster5;49,poster6;46,jasper;42,Locate the Beacon","PB_PlayerRoom","0.11.141","TaskActiveEvent",33,"convince bill",NA
"3330","5c745a05e4194c47a15acca6",4,"Development","8d703246-39e0-4ff5-aef9-ec166f84d182","JG8 UX8",187,"2019-02-25 08:25:54","WindowsPlayer",NA,11,"TaskEvent",0,"0.11.141",-593.701782226562,735.939392089844,62.1573181152344,-0.981936573982239,-0.188048556447029,-0.0209395661950111,"History of WAT247,Find Toppo's Posters,Crash Diagnostics - Mountains,Alien Village","50,watershed;50,infiltration;50,energy;49,poster1;49,poster4;49,poster5;49,poster6;46,jasper;2,Find the Ruins","U4,U4_Collectibles,U4_Quests,U4_MilitaryBase","0.11.141","TaskProgressEvent",32,"check humidity again",1
"3331","5c74613de4194c47a15afd09",4,"Development","8d703246-39e0-4ff5-aef9-ec166f84d182","JG8 UX8",187,"2019-02-25 09:03:31","WindowsPlayer",NA,11,"TaskEvent",0,"0.11.141",-586.21044921875,750.121276855469,62.7765121459961,0.159881860017776,0.98713618516922,0,"History of WAT247,Find Toppo's Posters,Crash Diagnostics - Mountains,U4 - Crash Side Quest P5,Fix the Leak","50,watershed;50,energy;49,poster1;49,poster5;49,poster6;46,jasper;42,Locate the Beacon;13,report","U4,U4_Collectibles,U4_Quests,U4_MilitaryBase","0.11.141","TaskActiveEvent",33,"Make a hole in the pan",NA
"3332","5c74613de4194c47a15afd0b",4,"Development","8d703246-39e0-4ff5-aef9-ec166f84d182","JG8 UX8",187,"2019-02-25 09:03:31","WindowsPlayer",NA,11,"TaskEvent",0,"0.11.141",-586.21044921875,750.121276855469,62.7765121459961,0.159881860017776,0.98713618516922,0,"History of WAT247,Find Toppo's Posters,Crash Diagnostics - Mountains,U4 - Crash Side Quest P5,Fix the Leak,Riley’s request","50,watershed;50,energy;49,poster1;49,poster5;49,poster6;46,jasper;42,Locate the Beacon","U4,U4_Collectibles,U4_Quests,U4_MilitaryBase","0.11.141","TaskCompleteEvent",33,"convince bill",NA
"3333","5c74613de4194c47a15afd17",4,"Development","8d703246-39e0-4ff5-aef9-ec166f84d182","JG8 UX8",187,"2019-02-25 09:03:31","WindowsPlayer",NA,11,"TaskEvent",0,"0.11.141",-586.21044921875,750.121276855469,62.7765121459961,0.159881860017776,0.98713618516922,0,"History of WAT247,Find Toppo's Posters,Crash Diagnostics - Mountains,U4 - Crash Side Quest P5,Riley’s request","50,watershed;50,energy;49,poster1;49,poster5;49,poster6;46,jasper;42,Locate the Beacon;14,fountain1","U4,U4_Collectibles,U4_Quests,U4_MilitaryBase","0.11.141","TaskProgressEvent",33,"convince bill",1
"3334","5c746328e4194c47a15b04c3",4,"Development","8d703246-39e0-4ff5-aef9-ec166f84d182","JG8 UX8",187,"2019-02-25 08:22:32","WindowsPlayer",NA,11,"TaskEvent",0,"0.11.141",5.68043184280396,-6.93475770950317,0.982068419456482,0.686214745044708,0.727398991584778,0,"History of WAT247,Find Toppo's Posters,Crash Diagnostics - Mountains,Second Day at Base","50,watershed;50,infiltration;50,energy;49,poster1;49,poster4;49,poster5;49,poster6;46,jasper","PB_PlayerRoom","0.11.141","TaskActiveEvent",33,"attach hose",NA
"3335","5c74634be4194c47a15b054a",4,"Development","8d703246-39e0-4ff5-aef9-ec166f84d182","JG8 UX8",187,"2019-02-25 08:24:44","WindowsPlayer",NA,11,"TaskEvent",0,"0.11.141",-57.7710113525391,-156.828598022461,58.9669380187988,-0.114385955035686,-0.993436694145203,0,"History of WAT247,Find Toppo's Posters,Crash Diagnostics - Mountains,Second Day at Base","50,watershed;50,infiltration;50,energy;49,poster1;49,poster4;49,poster5;49,poster6;46,jasper;59,Get Ready","Player_Base","0.11.141","TaskCompleteEvent",33,"Make a hole in the pan",NA
"3336","5c74634be4194c47a15b054b",4,"Development","8d703246-39e0-4ff5-aef9-ec166f84d182","JG8 UX8",187,"2019-02-25 08:24:44","WindowsPlayer",NA,11,"TaskEvent",0,"0.11.141",-57.7710113525391,-156.828598022461,58.9669380187988,-0.114385955035686,-0.993436694145203,0,"History of WAT247,Find Toppo's Posters,Crash Diagnostics - Mountains,Second Day at Base","50,watershed;50,infiltration;50,energy;49,poster1;49,poster4;49,poster5;49,poster6;46,jasper;59,Get Ready","Player_Base","0.11.141","TaskProgressEvent",33,"Make a hole in the pan",1
"3337","5c74634be4194c47a15b0551",4,"Development","8d703246-39e0-4ff5-aef9-ec166f84d182","JG8 UX8",187,"2019-02-25 08:24:44","WindowsPlayer",NA,11,"TaskEvent",0,"0.11.141",-57.7710113525391,-156.828598022461,58.9669380187988,-0.114385955035686,-0.993436694145203,0,"History of WAT247,Find Toppo's Posters,Crash Diagnostics - Mountains,Second Day at Base","50,watershed;50,infiltration;50,energy;49,poster1;49,poster4;49,poster5;49,poster6;46,jasper;59,Get Ready;59,Head to the Desert","Player_Base","0.11.141","TaskActiveEvent",33,"Grab Canteen",NA
"3338","5c7463a5e4194c47a15b06b4",4,"Development","8d703246-39e0-4ff5-aef9-ec166f84d182","JG8 UX8",187,"2019-02-25 08:18:48","WindowsPlayer",NA,11,"TaskEvent",0,"0.11.141",-201.508239746094,-124.652229309082,56.4889984130859,-0.98129278421402,0.192521274089813,0,"History of WAT247,Find Toppo's Posters,Crash Diagnostics - Mountains,Collect all the Pumps in the Alien Facility","50,watershed;50,infiltration;50,energy;49,poster1;49,poster4;49,poster5;49,poster6;46,jasper;75,BackToGardens","U3_Dungeon_Side_Quest","0.11.141","TaskProgressEvent",33,"attach hose",1
"3339","5c7463a5e4194c47a15b06b6",4,"Development","8d703246-39e0-4ff5-aef9-ec166f84d182","JG8 UX8",187,"2019-02-25 08:18:48","WindowsPlayer",NA,11,"TaskEvent",0,"0.11.141",-201.508239746094,-124.652229309082,56.4889984130859,-0.98129278421402,0.192521274089813,0,"History of WAT247,Find Toppo's Posters,Crash Diagnostics - Mountains,Collect all the Pumps in the Alien Facility,Strange Gardening","50,watershed;50,infiltration;50,energy;49,poster1;49,poster4;49,poster5;49,poster6;46,jasper","U3_Dungeon_Side_Quest","0.11.141","TaskCompleteEvent",33,"attach hose",NA
"3340","5c7463a5e4194c47a15b06b9",4,"Development","8d703246-39e0-4ff5-aef9-ec166f84d182","JG8 UX8",187,"2019-02-25 08:18:48","WindowsPlayer",NA,11,"TaskEvent",0,"0.11.141",-201.508239746094,-124.652229309082,56.4889984130859,-0.98129278421402,0.192521274089813,0,"History of WAT247,Find Toppo's Posters,Crash Diagnostics - Mountains,Strange Gardening","50,watershed;50,infiltration;50,energy;49,poster1;49,poster4;49,poster5;49,poster6;46,jasper;25,Install Pumps","U3_Dungeon_Side_Quest","0.11.141","TaskProgressEvent",33,"Grab Canteen",1
"3341","5c746427e4194c47a15b08c3",4,"Development","8d703246-39e0-4ff5-aef9-ec166f84d182","JG8 UX8",187,"2019-02-25 08:35:56","WindowsPlayer",NA,11,"TaskEvent",0,"0.11.141",138.883193969727,25.6070899963379,9.2296257019043,-0.658688604831696,0.752415657043457,0,"History of WAT247,Find Toppo's Posters,Crash Diagnostics - Mountains,U4 - Crash Side Quest P5,The Ruins","50,watershed;50,energy;49,poster1;49,poster5;49,poster6;46,jasper;42,Locate the Beacon;3,Restore Power to B4","U4_Dungeon,U4_Dungeon_Quests","0.11.141","TaskActiveEvent",33,"Condense Atmospheric Water",NA
"3342","5c746427e4194c47a15b08cf",4,"Development","8d703246-39e0-4ff5-aef9-ec166f84d182","JG8 UX8",187,"2019-02-25 08:35:56","WindowsPlayer",NA,11,"TaskEvent",0,"0.11.141",138.883193969727,25.6070899963379,9.2296257019043,-0.658688604831696,0.752415657043457,0,"History of WAT247,Find Toppo's Posters,Crash Diagnostics - Mountains,U4 - Crash Side Quest P5,The Ruins","50,watershed;50,energy;49,poster1;49,poster5;49,poster6;46,jasper;42,Locate the Beacon;3,Restore Power to B4;3,Restore Power to B3","U4_Dungeon,U4_Dungeon_Quests","0.11.141","TaskCompleteEvent",33,"Grab Canteen",NA
"3343","5c746427e4194c47a15b08d2",4,"Development","8d703246-39e0-4ff5-aef9-ec166f84d182","JG8 UX8",187,"2019-02-25 08:35:56","WindowsPlayer",NA,11,"TaskEvent",0,"0.11.141",138.883193969727,25.6070899963379,9.2296257019043,-0.658688604831696,0.752415657043457,0,"History of WAT247,Find Toppo's Posters,Crash Diagnostics - Mountains,U4 - Crash Side Quest P5,The Ruins","50,watershed;50,energy;49,poster1;49,poster5;49,poster6;46,jasper;42,Locate the Beacon;3,Restore Power to B4","U4_Dungeon,U4_Dungeon_Quests","0.11.141","TaskCompleteEvent",33,"Condense Atmospheric Water",NA
"3344","5c74660de4194c47a15b1172",4,"Development","8d703246-39e0-4ff5-aef9-ec166f84d182","JG8 UX8",187,"2019-02-25 09:07:21","WindowsPlayer",NA,11,"TaskEvent",0,"0.11.141",5.6490683555603,-6.91295480728149,0.982061207294464,0.771970868110657,0.635657846927643,0,"History of WAT247,Find Toppo's Posters,Crash Diagnostics - Mountains,U4 - Crash Side Quest P5,Third Night at Base","50,watershed;50,energy;49,poster1;49,poster5;49,poster6;46,jasper;42,Locate the Beacon;61,Head to Bed","PB_PlayerRoom","0.11.141","TaskActiveEvent",34,"return to large mart",NA
"3345","5c74660de4194c47a15b1173",4,"Development","8d703246-39e0-4ff5-aef9-ec166f84d182","JG8 UX8",187,"2019-02-25 09:07:21","WindowsPlayer",NA,11,"TaskEvent",0,"0.11.141",5.6490683555603,-6.91295480728149,0.982061207294464,0.771970868110657,0.635657846927643,0,"History of WAT247,Find Toppo's Posters,Crash Diagnostics - Mountains,U4 - Crash Side Quest P5","50,watershed;50,energy;49,poster1;49,poster5;49,poster6;46,jasper;42,Locate the Beacon","PB_PlayerRoom","0.11.141","TaskProgressEvent",33,"Condense Atmospheric Water",1
"3346","5c746bb8e4194c47a15b31eb",4,"Development","8d703246-39e0-4ff5-aef9-ec166f84d182","JG8 UX8",187,"2019-02-25 08:50:16","WindowsPlayer",NA,11,"TaskEvent",0,"0.11.141",177.630935668945,-724.11474609375,-72.8818206787109,-0.814780473709106,-0.579769730567932,0,"History of WAT247,Find Toppo's Posters,Crash Diagnostics - Mountains,U4 - Crash Side Quest P5,The Fountain","50,watershed;50,energy;49,poster1;49,poster5;49,poster6;46,jasper;42,Locate the Beacon;5,Drill to the Water Table;5,Direct the irrigation","U4_DrillRoomV2,U4_DrillRoomV2_Quests","0.11.141","TaskProgressEvent",34,"return to large mart",1
"3347","5c746bb8e4194c47a15b32b1",4,"Development","8d703246-39e0-4ff5-aef9-ec166f84d182","JG8 UX8",187,"2019-02-25 08:50:16","WindowsPlayer",NA,11,"TaskEvent",0,"0.11.141",177.630935668945,-724.11474609375,-72.8818206787109,-0.814780473709106,-0.579769730567932,0,"History of WAT247,Find Toppo's Posters,Crash Diagnostics - Mountains,U4 - Crash Side Quest P5,The Fountain","50,watershed;50,energy;49,poster1;49,poster5;49,poster6;46,jasper;42,Locate the Beacon;5,Drill to the Water Table","U4_DrillRoomV2,U4_DrillRoomV2_Quests","0.11.141","TaskCompleteEvent",34,"return to large mart",NA
"3348","5c746bb8e4194c47a15b32b2",4,"Development","8d703246-39e0-4ff5-aef9-ec166f84d182","JG8 UX8",187,"2019-02-25 08:50:16","WindowsPlayer",NA,11,"TaskEvent",0,"0.11.141",177.630935668945,-724.11474609375,-72.8818206787109,-0.814780473709106,-0.579769730567932,0,"History of WAT247,Find Toppo's Posters,Crash Diagnostics - Mountains,U4 - Crash Side Quest P5,The Fountain","50,watershed;50,energy;49,poster1;49,poster5;49,poster6;46,jasper;42,Locate the Beacon;5,Drill to the Water Table","U4_DrillRoomV2,U4_DrillRoomV2_Quests","0.11.141","TaskActiveEvent",34,"talk to Bill",NA
"3349","5c746bbbe4194c47a15b36d3",4,"Development","8d703246-39e0-4ff5-aef9-ec166f84d182","JG8 UX8",187,"2019-02-25 07:44:28","WindowsPlayer",NA,11,"TaskEvent",0,"0.11.141",13.665096282959,608.816223144531,55.9760322570801,0.450875908136368,-0.892586946487427,0,"Find Toppo's Posters,Crash Diagnostics - Mountains,History of WAT247,Sam’s base is polluted!","49,poster1;49,poster3;49,poster4;49,poster5;49,poster6;46,jasper;50,watershed;50,dissolved materials;50,infiltration;50,energy;24,Return to Sam","U3,U3_Collectibles,U3_Quests,U3_RiverSpline","0.11.141","TaskProgressEvent",34,"talk to Bill",1
"3350","5c746bbbe4194c47a15b36d4",4,"Development","8d703246-39e0-4ff5-aef9-ec166f84d182","JG8 UX8",187,"2019-02-25 07:44:28","WindowsPlayer",NA,11,"TaskEvent",0,"0.11.141",13.665096282959,608.816223144531,55.9760322570801,0.450875908136368,-0.892586946487427,0,"Find Toppo's Posters,Crash Diagnostics - Mountains,History of WAT247,Sam’s base is polluted!","49,poster1;49,poster3;49,poster4;49,poster5;49,poster6;46,jasper;50,watershed;50,dissolved materials;50,infiltration;50,energy;24,Return to Sam;24,Test the base's water","U3,U3_Collectibles,U3_Quests,U3_RiverSpline","0.11.141","TaskActiveEvent",34,"go to factory",NA
"3351","5c746bbbe4194c47a15b393d",4,"Development","8d703246-39e0-4ff5-aef9-ec166f84d182","JG8 UX8",187,"2019-02-25 07:44:28","WindowsPlayer",NA,11,"TaskEvent",0,"0.11.141",13.665096282959,608.816223144531,55.9760322570801,0.450875908136368,-0.892586946487427,0,"Find Toppo's Posters,Crash Diagnostics - Mountains,History of WAT247,Sam’s base is polluted!","49,poster1;49,poster3;49,poster4;49,poster5;49,poster6;46,jasper;50,watershed;50,dissolved materials;50,infiltration;50,energy;24,Return to Sam","U3,U3_Collectibles,U3_Quests,U3_RiverSpline","0.11.141","TaskCompleteEvent",34,"talk to Bill",NA
"3352","5c746bbce4194c47a15b3a23",4,"Development","8d703246-39e0-4ff5-aef9-ec166f84d182","JG8 UX8",187,"2019-02-25 08:36:45","WindowsPlayer",NA,11,"TaskEvent",0,"0.11.141",59.3406677246094,33.2153968811035,14.4796257019043,-0.933580338954926,0.358368217945099,0,"History of WAT247,Find Toppo's Posters,Crash Diagnostics - Mountains,U4 - Crash Side Quest P5,The Ruins","50,watershed;50,energy;49,poster1;49,poster5;49,poster6;46,jasper;42,Locate the Beacon;3,Restore Power to B3","U4_Dungeon,U4_Dungeon_Quests","0.11.141","TaskCompleteEvent",34,"go to factory",NA
"3353","5c746bbce4194c47a15b3a24",4,"Development","8d703246-39e0-4ff5-aef9-ec166f84d182","JG8 UX8",187,"2019-02-25 08:36:45","WindowsPlayer",NA,11,"TaskEvent",0,"0.11.141",59.3406677246094,33.2153968811035,14.4796257019043,-0.933580338954926,0.358368217945099,0,"History of WAT247,Find Toppo's Posters,Crash Diagnostics - Mountains,U4 - Crash Side Quest P5,The Ruins","50,watershed;50,energy;49,poster1;49,poster5;49,poster6;46,jasper;42,Locate the Beacon;3,Restore Power to B3;3,Restore Power to B2","U4_Dungeon,U4_Dungeon_Quests","0.11.141","TaskActiveEvent",35,"setup first",NA
"3354","5c746bbce4194c47a15b3b3a",4,"Development","8d703246-39e0-4ff5-aef9-ec166f84d182","JG8 UX8",187,"2019-02-25 08:36:45","WindowsPlayer",NA,11,"TaskEvent",0,"0.11.141",59.3406677246094,33.2153968811035,14.4796257019043,-0.933580338954926,0.358368217945099,0,"History of WAT247,Find Toppo's Posters,Crash Diagnostics - Mountains,U4 - Crash Side Quest P5,The Ruins","50,watershed;50,energy;49,poster1;49,poster5;49,poster6;46,jasper;42,Locate the Beacon;3,Restore Power to B3","U4_Dungeon,U4_Dungeon_Quests","0.11.141","TaskProgressEvent",34,"go to factory",1
"3355","5c746bbde4194c47a15b3c29",4,"Development","8d703246-39e0-4ff5-aef9-ec166f84d182","JG8 UX8",187,"2019-02-25 08:49:43","WindowsPlayer",NA,11,"TaskEvent",0,"0.11.141",-82.6690673828125,166.43603515625,30.2296581268311,-0.406733304262161,0.913546919822693,0,"History of WAT247,Find Toppo's Posters,Crash Diagnostics - Mountains,U4 - Crash Side Quest P5,The Fountain","50,watershed;50,energy;49,poster1;49,poster5;49,poster6;46,jasper;42,Locate the Beacon;5,Retry the Controls","U4_Dungeon,U4_Dungeon_Quests","0.11.141","TaskActiveEvent",35,"setup second",NA
"3356","5c746bbde4194c47a15b3cdd",4,"Development","8d703246-39e0-4ff5-aef9-ec166f84d182","JG8 UX8",187,"2019-02-25 08:49:43","WindowsPlayer",NA,11,"TaskEvent",0,"0.11.141",-82.6690673828125,166.43603515625,30.2296581268311,-0.406733304262161,0.913546919822693,0,"History of WAT247,Find Toppo's Posters,Crash Diagnostics - Mountains,U4 - Crash Side Quest P5,The Ruins","50,watershed;50,energy;49,poster1;49,poster5;49,poster6;46,jasper;42,Locate the Beacon;3,Restore Power to B1","U4_Dungeon,U4_Dungeon_Quests","0.11.141","TaskProgressEvent",35,"setup first",1
"3357","5c746bbde4194c47a15b3cde",4,"Development","8d703246-39e0-4ff5-aef9-ec166f84d182","JG8 UX8",187,"2019-02-25 08:49:43","WindowsPlayer",NA,11,"TaskEvent",0,"0.11.141",-82.6690673828125,166.43603515625,30.2296581268311,-0.406733304262161,0.913546919822693,0,"History of WAT247,Find Toppo's Posters,Crash Diagnostics - Mountains,U4 - Crash Side Quest P5,The Ruins,The Fountain","50,watershed;50,energy;49,poster1;49,poster5;49,poster6;46,jasper;42,Locate the Beacon","U4_Dungeon,U4_Dungeon_Quests","0.11.141","TaskCompleteEvent",35,"setup first",NA
"3358","5c746c05e4194c47a15b4258",4,"Development","8d703246-39e0-4ff5-aef9-ec166f84d182","JG8 UX8",187,"2019-02-25 08:50:16","WindowsPlayer",NA,11,"TaskEvent",0,"0.11.141",177.630935668945,-724.11474609375,-72.8818206787109,-0.814780473709106,-0.579769730567932,0,"History of WAT247,Find Toppo's Posters,Crash Diagnostics - Mountains,U4 - Crash Side Quest P5,The Fountain","50,watershed;50,energy;49,poster1;49,poster5;49,poster6;46,jasper;42,Locate the Beacon;5,Drill to the Water Table","U4_DrillRoomV2,U4_DrillRoomV2_Quests","0.11.141","TaskProgressEvent",35,"setup second",1
"3359","5c746c06e4194c47a15b4364",4,"Development","8d703246-39e0-4ff5-aef9-ec166f84d182","JG8 UX8",187,"2019-02-25 08:50:16","WindowsPlayer",NA,11,"TaskEvent",0,"0.11.141",177.630935668945,-724.11474609375,-72.8818206787109,-0.814780473709106,-0.579769730567932,0,"History of WAT247,Find Toppo's Posters,Crash Diagnostics - Mountains,U4 - Crash Side Quest P5,The Fountain","50,watershed;50,energy;49,poster1;49,poster5;49,poster6;46,jasper;42,Locate the Beacon;5,Drill to the Water Table","U4_DrillRoomV2,U4_DrillRoomV2_Quests","0.11.141","TaskCompleteEvent",35,"setup second",NA
"3360","5c746c06e4194c47a15b4367",4,"Development","8d703246-39e0-4ff5-aef9-ec166f84d182","JG8 UX8",187,"2019-02-25 08:50:16","WindowsPlayer",NA,11,"TaskEvent",0,"0.11.141",177.630935668945,-724.11474609375,-72.8818206787109,-0.814780473709106,-0.579769730567932,0,"History of WAT247,Find Toppo's Posters,Crash Diagnostics - Mountains,U4 - Crash Side Quest P5,The Fountain","50,watershed;50,energy;49,poster1;49,poster5;49,poster6;46,jasper;42,Locate the Beacon;5,Drill to the Water Table;5,Direct the irrigation","U4_DrillRoomV2,U4_DrillRoomV2_Quests","0.11.141","TaskActiveEvent",35,"setup third",NA
"3361","5c746c06e4194c47a15b4442",4,"Development","8d703246-39e0-4ff5-aef9-ec166f84d182","JG8 UX8",187,"2019-02-25 08:49:43","WindowsPlayer",NA,11,"TaskEvent",0,"0.11.141",-82.6690673828125,166.43603515625,30.2296581268311,-0.406733304262161,0.913546919822693,0,"History of WAT247,Find Toppo's Posters,Crash Diagnostics - Mountains,U4 - Crash Side Quest P5,The Fountain","50,watershed;50,energy;49,poster1;49,poster5;49,poster6;46,jasper;42,Locate the Beacon;5,Retry the Controls","U4_Dungeon,U4_Dungeon_Quests","0.11.141","TaskActiveEvent",35,"setup fourth",NA
"3362","5c746c06e4194c47a15b44b4",4,"Development","8d703246-39e0-4ff5-aef9-ec166f84d182","JG8 UX8",187,"2019-02-25 08:49:43","WindowsPlayer",NA,11,"TaskEvent",0,"0.11.141",-82.6690673828125,166.43603515625,30.2296581268311,-0.406733304262161,0.913546919822693,0,"History of WAT247,Find Toppo's Posters,Crash Diagnostics - Mountains,U4 - Crash Side Quest P5,The Ruins,The Fountain","50,watershed;50,energy;49,poster1;49,poster5;49,poster6;46,jasper;42,Locate the Beacon","U4_Dungeon,U4_Dungeon_Quests","0.11.141","TaskCompleteEvent",35,"setup third",NA
"3363","5c746c07e4194c47a15b45ae",4,"Development","8d703246-39e0-4ff5-aef9-ec166f84d182","JG8 UX8",187,"2019-02-25 08:49:43","WindowsPlayer",NA,11,"TaskEvent",0,"0.11.141",-82.6690673828125,166.43603515625,30.2296581268311,-0.406733304262161,0.913546919822693,0,"History of WAT247,Find Toppo's Posters,Crash Diagnostics - Mountains,U4 - Crash Side Quest P5,The Ruins","50,watershed;50,energy;49,poster1;49,poster5;49,poster6;46,jasper;42,Locate the Beacon;3,Restore Power to B1","U4_Dungeon,U4_Dungeon_Quests","0.11.141","TaskProgressEvent",35,"setup third",1
"3364","5c746c07e4194c47a15b467e",4,"Development","8d703246-39e0-4ff5-aef9-ec166f84d182","JG8 UX8",187,"2019-02-25 08:12:10","WindowsPlayer",NA,11,"TaskEvent",0,"0.11.141",-166.997741699219,-106.113021850586,52.2243309020996,0.901833534240723,0.432083904743195,0,"History of WAT247,Find Toppo's Posters,Crash Diagnostics - Mountains,Collect all the Pumps in the Alien Facility","50,watershed;50,infiltration;50,energy;49,poster1;49,poster4;49,poster5;49,poster6;46,jasper;75,Pump1","U3_Dungeon_Side_Quest","0.11.141","TaskCompleteEvent",35,"setup fourth",NA
"3365","5c746c08e4194c47a15b476e",4,"Development","8d703246-39e0-4ff5-aef9-ec166f84d182","JG8 UX8",187,"2019-02-25 08:12:10","WindowsPlayer",NA,11,"TaskEvent",0,"0.11.141",-166.997741699219,-106.113021850586,52.2243309020996,0.901833534240723,0.432083904743195,0,"History of WAT247,Find Toppo's Posters,Crash Diagnostics - Mountains,Collect all the Pumps in the Alien Facility","50,watershed;50,infiltration;50,energy;49,poster1;49,poster4;49,poster5;49,poster6;46,jasper;75,Pump1","U3_Dungeon_Side_Quest","0.11.141","TaskActiveEvent",69,"Go to Sleep",NA
"3366","5c746c08e4194c47a15b4845",4,"Development","8d703246-39e0-4ff5-aef9-ec166f84d182","JG8 UX8",187,"2019-02-25 08:12:10","WindowsPlayer",NA,11,"TaskEvent",0,"0.11.141",-166.997741699219,-106.113021850586,52.2243309020996,0.901833534240723,0.432083904743195,0,"History of WAT247,Find Toppo's Posters,Crash Diagnostics - Mountains,Collect all the Pumps in the Alien Facility","50,watershed;50,infiltration;50,energy;49,poster1;49,poster4;49,poster5;49,poster6;46,jasper;75,Pump1;75,Pump2","U3_Dungeon_Side_Quest","0.11.141","TaskProgressEvent",35,"setup fourth",1
"3367","5cd704f6e4194c2f5ff92c68",4,"Development","8d703246-39e0-4ff5-aef9-ec166f84d182","JG8 UX8",187,"2019-02-25 08:50:16","WindowsPlayer",NA,11,"TaskEvent",0,"0.11.141",177.630935668945,-724.11474609375,-72.8818206787109,-0.814780473709106,-0.579769730567932,0,"History of WAT247,Find Toppo's Posters,Crash Diagnostics - Mountains,U4 - Crash Side Quest P5,The Fountain","50,watershed;50,energy;49,poster1;49,poster5;49,poster6;46,jasper;42,Locate the Beacon;5,Drill to the Water Table","U4_DrillRoomV2,U4_DrillRoomV2_Quests","0.11.141","TaskProgressEvent",69,"Go to Sleep",1
"3368","5cd704f6e4194c2f5ff92c69",4,"Development","8d703246-39e0-4ff5-aef9-ec166f84d182","JG8 UX8",187,"2019-02-25 08:50:16","WindowsPlayer",NA,11,"TaskEvent",0,"0.11.141",177.630935668945,-724.11474609375,-72.8818206787109,-0.814780473709106,-0.579769730567932,0,"History of WAT247,Find Toppo's Posters,Crash Diagnostics - Mountains,U4 - Crash Side Quest P5,The Fountain","50,watershed;50,energy;49,poster1;49,poster5;49,poster6;46,jasper;42,Locate the Beacon;5,Drill to the Water Table","U4_DrillRoomV2,U4_DrillRoomV2_Quests","0.11.141","TaskActiveEvent",63,"Leave your house",NA
"3369","5cd704f6e4194c2f5ff92c96",4,"Development","8d703246-39e0-4ff5-aef9-ec166f84d182","JG8 UX8",187,"2019-02-25 08:50:16","WindowsPlayer",NA,11,"TaskEvent",0,"0.11.141",177.630935668945,-724.11474609375,-72.8818206787109,-0.814780473709106,-0.579769730567932,0,"History of WAT247,Find Toppo's Posters,Crash Diagnostics - Mountains,U4 - Crash Side Quest P5,The Fountain","50,watershed;50,energy;49,poster1;49,poster5;49,poster6;46,jasper;42,Locate the Beacon;5,Drill to the Water Table;5,Direct the irrigation","U4_DrillRoomV2,U4_DrillRoomV2_Quests","0.11.141","TaskCompleteEvent",69,"Go to Sleep",NA
"3370","5cd704f8e4194c2f5ff9301e",4,"Development","8d703246-39e0-4ff5-aef9-ec166f84d182","JG8 UX8",187,"2019-02-25 08:49:43","WindowsPlayer",NA,11,"TaskEvent",0,"0.11.141",-82.6690673828125,166.43603515625,30.2296581268311,-0.406733304262161,0.913546919822693,0,"History of WAT247,Find Toppo's Posters,Crash Diagnostics - Mountains,U4 - Crash Side Quest P5,The Ruins","50,watershed;50,energy;49,poster1;49,poster5;49,poster6;46,jasper;42,Locate the Beacon;3,Restore Power to B1","U4_Dungeon,U4_Dungeon_Quests","0.11.141","TaskActiveEvent",63,"Talk with Toppo",NA
"3371","5cd704f8e4194c2f5ff9301f",4,"Development","8d703246-39e0-4ff5-aef9-ec166f84d182","JG8 UX8",187,"2019-02-25 08:49:43","WindowsPlayer",NA,11,"TaskEvent",0,"0.11.141",-82.6690673828125,166.43603515625,30.2296581268311,-0.406733304262161,0.913546919822693,0,"History of WAT247,Find Toppo's Posters,Crash Diagnostics - Mountains,U4 - Crash Side Quest P5,The Ruins,The Fountain","50,watershed;50,energy;49,poster1;49,poster5;49,poster6;46,jasper;42,Locate the Beacon","U4_Dungeon,U4_Dungeon_Quests","0.11.141","TaskProgressEvent",63,"Leave your house",1
"3372","5cd704f9e4194c2f5ff93070",4,"Development","8d703246-39e0-4ff5-aef9-ec166f84d182","JG8 UX8",187,"2019-02-25 08:49:43","WindowsPlayer",NA,11,"TaskEvent",0,"0.11.141",-82.6690673828125,166.43603515625,30.2296581268311,-0.406733304262161,0.913546919822693,0,"History of WAT247,Find Toppo's Posters,Crash Diagnostics - Mountains,U4 - Crash Side Quest P5,The Fountain","50,watershed;50,energy;49,poster1;49,poster5;49,poster6;46,jasper;42,Locate the Beacon;5,Retry the Controls","U4_Dungeon,U4_Dungeon_Quests","0.11.141","TaskCompleteEvent",63,"Leave your house",NA
"3373","5cd704f9e4194c2f5ff931da",4,"Development","8d703246-39e0-4ff5-aef9-ec166f84d182","JG8 UX8",187,"2019-02-25 08:12:10","WindowsPlayer",NA,11,"TaskEvent",0,"0.11.141",-166.997741699219,-106.113021850586,52.2243309020996,0.901833534240723,0.432083904743195,0,"History of WAT247,Find Toppo's Posters,Crash Diagnostics - Mountains,Collect all the Pumps in the Alien Facility","50,watershed;50,infiltration;50,energy;49,poster1;49,poster4;49,poster5;49,poster6;46,jasper;75,Pump1","U3_Dungeon_Side_Quest","0.11.141","TaskActiveEvent",64,"Check Sam's Garden",NA
"3374","5cd704f9e4194c2f5ff931db",4,"Development","8d703246-39e0-4ff5-aef9-ec166f84d182","JG8 UX8",187,"2019-02-25 08:12:10","WindowsPlayer",NA,11,"TaskEvent",0,"0.11.141",-166.997741699219,-106.113021850586,52.2243309020996,0.901833534240723,0.432083904743195,0,"History of WAT247,Find Toppo's Posters,Crash Diagnostics - Mountains,Collect all the Pumps in the Alien Facility","50,watershed;50,infiltration;50,energy;49,poster1;49,poster4;49,poster5;49,poster6;46,jasper;75,Pump1","U3_Dungeon_Side_Quest","0.11.141","TaskProgressEvent",63,"Talk with Toppo",1
"3375","5cd704f9e4194c2f5ff931dc",4,"Development","8d703246-39e0-4ff5-aef9-ec166f84d182","JG8 UX8",187,"2019-02-25 08:12:10","WindowsPlayer",NA,11,"TaskEvent",0,"0.11.141",-166.997741699219,-106.113021850586,52.2243309020996,0.901833534240723,0.432083904743195,0,"History of WAT247,Find Toppo's Posters,Crash Diagnostics - Mountains,Collect all the Pumps in the Alien Facility","50,watershed;50,infiltration;50,energy;49,poster1;49,poster4;49,poster5;49,poster6;46,jasper;75,Pump1;75,Pump2","U3_Dungeon_Side_Quest","0.11.141","TaskCompleteEvent",63,"Talk with Toppo",NA
"3376","5cd704fbe4194c2f5ff934f7",4,"Development","8d703246-39e0-4ff5-aef9-ec166f84d182","JG8 UX8",187,"2019-02-25 08:30:04","WindowsPlayer",NA,11,"TaskEvent",0,"0.11.141",165.022567749023,-692.758178710938,41.7842750549316,-0.128091305494308,-0.991758823394775,-0.00273148738779128,"History of WAT247,Find Toppo's Posters,Crash Diagnostics - Mountains,Alien Village,U4 - Crash Side Quest P5","50,watershed;50,energy;49,poster1;49,poster5;49,poster6;46,jasper;42,Locate the Beacon;2,Enter the Building","U4,U4_Collectibles,U4_Quests,U4_AlienRuins,U4_DrillRoomV2","0.11.141","TaskActiveEvent",64,"Measure the East River Levels",NA
"3377","5cd704fbe4194c2f5ff9353d",4,"Development","8d703246-39e0-4ff5-aef9-ec166f84d182","JG8 UX8",187,"2019-02-25 08:30:04","WindowsPlayer",NA,11,"TaskEvent",0,"0.11.141",165.022567749023,-692.758178710938,41.7842750549316,-0.128091305494308,-0.991758823394775,-0.00273148738779128,"History of WAT247,Find Toppo's Posters,Crash Diagnostics - Mountains,Alien Village,U4 - Crash Side Quest P5","50,watershed;50,energy;49,poster1;49,poster5;49,poster6;46,jasper;42,Locate the Beacon;2,Enter the Building","U4,U4_Collectibles,U4_Quests,U4_AlienRuins,U4_DrillRoomV2","0.11.141","TaskCompleteEvent",64,"Check Sam's Garden",NA
"3378","5cd704fbe4194c2f5ff9353e",4,"Development","8d703246-39e0-4ff5-aef9-ec166f84d182","JG8 UX8",187,"2019-02-25 08:30:04","WindowsPlayer",NA,11,"TaskEvent",0,"0.11.141",165.022567749023,-692.758178710938,41.7842750549316,-0.128091305494308,-0.991758823394775,-0.00273148738779128,"History of WAT247,Find Toppo's Posters,Crash Diagnostics - Mountains,Alien Village,U4 - Crash Side Quest P5","50,watershed;50,energy;49,poster1;49,poster5;49,poster6;46,jasper;42,Locate the Beacon;2,Enter the Building;2,Try the Controls","U4,U4_Collectibles,U4_Quests,U4_AlienRuins,U4_DrillRoomV2","0.11.141","TaskProgressEvent",64,"Check Sam's Garden",1
"3379","5cd704ffe4194c2f5ff93b89",4,"Development","8d703246-39e0-4ff5-aef9-ec166f84d182","JG8 UX8",187,"2019-02-25 08:36:45","WindowsPlayer",NA,11,"TaskEvent",0,"0.11.141",59.3406677246094,33.2153968811035,14.4796257019043,-0.933580338954926,0.358368217945099,0,"History of WAT247,Find Toppo's Posters,Crash Diagnostics - Mountains,U4 - Crash Side Quest P5,The Ruins","50,watershed;50,energy;49,poster1;49,poster5;49,poster6;46,jasper;42,Locate the Beacon;3,Restore Power to B3","U4_Dungeon,U4_Dungeon_Quests","0.11.141","TaskProgressEvent",64,"Measure the East River Levels",1
"3380","5cd704ffe4194c2f5ff93bbd",4,"Development","8d703246-39e0-4ff5-aef9-ec166f84d182","JG8 UX8",187,"2019-02-25 08:36:45","WindowsPlayer",NA,11,"TaskEvent",0,"0.11.141",59.3406677246094,33.2153968811035,14.4796257019043,-0.933580338954926,0.358368217945099,0,"History of WAT247,Find Toppo's Posters,Crash Diagnostics - Mountains,U4 - Crash Side Quest P5,The Ruins","50,watershed;50,energy;49,poster1;49,poster5;49,poster6;46,jasper;42,Locate the Beacon;3,Restore Power to B3","U4_Dungeon,U4_Dungeon_Quests","0.11.141","TaskActiveEvent",64,"Measure the West River Levels",NA
"3381","5cd704ffe4194c2f5ff93bbe",4,"Development","8d703246-39e0-4ff5-aef9-ec166f84d182","JG8 UX8",187,"2019-02-25 08:36:45","WindowsPlayer",NA,11,"TaskEvent",0,"0.11.141",59.3406677246094,33.2153968811035,14.4796257019043,-0.933580338954926,0.358368217945099,0,"History of WAT247,Find Toppo's Posters,Crash Diagnostics - Mountains,U4 - Crash Side Quest P5,The Ruins","50,watershed;50,energy;49,poster1;49,poster5;49,poster6;46,jasper;42,Locate the Beacon;3,Restore Power to B3;3,Restore Power to B2","U4_Dungeon,U4_Dungeon_Quests","0.11.141","TaskCompleteEvent",64,"Measure the East River Levels",NA
"3382","5cd70502e4194c2f5ff940be",4,"Development","8d703246-39e0-4ff5-aef9-ec166f84d182","JG8 UX8",187,"2019-02-25 08:25:54","WindowsPlayer",NA,11,"TaskEvent",0,"0.11.141",-593.701782226562,735.939392089844,62.1573181152344,-0.981936573982239,-0.188048556447029,-0.0209395661950111,"History of WAT247,Find Toppo's Posters,Crash Diagnostics - Mountains,Alien Village","50,watershed;50,infiltration;50,energy;49,poster1;49,poster4;49,poster5;49,poster6;46,jasper;2,Find the Ruins","U4,U4_Collectibles,U4_Quests,U4_MilitaryBase","0.11.141","TaskCompleteEvent",64,"Measure the West River Levels",NA
"3383","5cd70502e4194c2f5ff940bf",4,"Development","8d703246-39e0-4ff5-aef9-ec166f84d182","JG8 UX8",187,"2019-02-25 08:25:54","WindowsPlayer",NA,11,"TaskEvent",0,"0.11.141",-593.701782226562,735.939392089844,62.1573181152344,-0.981936573982239,-0.188048556447029,-0.0209395661950111,"History of WAT247,Find Toppo's Posters,Crash Diagnostics - Mountains,Alien Village","50,watershed;50,infiltration;50,energy;49,poster1;49,poster4;49,poster5;49,poster6;46,jasper;2,Find the Ruins","U4,U4_Collectibles,U4_Quests,U4_MilitaryBase","0.11.141","TaskActiveEvent",65,"Check Anderson's Water Supply",NA
"3384","5cd70502e4194c2f5ff941a0",4,"Development","8d703246-39e0-4ff5-aef9-ec166f84d182","JG8 UX8",187,"2019-02-25 07:44:28","WindowsPlayer",NA,11,"TaskEvent",0,"0.11.141",13.665096282959,608.816223144531,55.9760322570801,0.450875908136368,-0.892586946487427,0,"Find Toppo's Posters,Crash Diagnostics - Mountains,History of WAT247,Sam’s base is polluted!","49,poster1;49,poster3;49,poster4;49,poster5;49,poster6;46,jasper;50,watershed;50,dissolved materials;50,infiltration;50,energy;24,Return to Sam","U3,U3_Collectibles,U3_Quests,U3_RiverSpline","0.11.141","TaskProgressEvent",64,"Measure the West River Levels",1
"3385","5cd70502e4194c2f5ff941a1",4,"Development","8d703246-39e0-4ff5-aef9-ec166f84d182","JG8 UX8",187,"2019-02-25 07:44:28","WindowsPlayer",NA,11,"TaskEvent",0,"0.11.141",13.665096282959,608.816223144531,55.9760322570801,0.450875908136368,-0.892586946487427,0,"Find Toppo's Posters,Crash Diagnostics - Mountains,History of WAT247,Sam’s base is polluted!","49,poster1;49,poster3;49,poster4;49,poster5;49,poster6;46,jasper;50,watershed;50,dissolved materials;50,infiltration;50,energy;24,Return to Sam;24,Test the base's water","U3,U3_Collectibles,U3_Quests,U3_RiverSpline","0.11.141","TaskProgressEvent",65,"Check Anderson's Water Supply",1
"3386","5cd70502e4194c2f5ff941e2",4,"Development","8d703246-39e0-4ff5-aef9-ec166f84d182","JG8 UX8",187,"2019-02-25 07:44:28","WindowsPlayer",NA,11,"TaskEvent",0,"0.11.141",13.665096282959,608.816223144531,55.9760322570801,0.450875908136368,-0.892586946487427,0,"Find Toppo's Posters,Crash Diagnostics - Mountains,History of WAT247,Sam’s base is polluted!","49,poster1;49,poster3;49,poster4;49,poster5;49,poster6;46,jasper;50,watershed;50,dissolved materials;50,infiltration;50,energy;24,Return to Sam","U3,U3_Collectibles,U3_Quests,U3_RiverSpline","0.11.141","TaskActiveEvent",65,"Check the Bunker Water Table",NA
"3387","5cd70518e4194c2f5ff94293",4,"Development","8d703246-39e0-4ff5-aef9-ec166f84d182","JG8 UX8",187,"2019-05-11 07:23:33","WindowsPlayer",NA,11,"TaskEvent",0,"0.11.235",5.50335502624512,-6.77159309387207,0.982014298439026,0.915179014205933,0.403047621250153,0,"History of WAT247,Find Toppo's Posters,Crash Diagnostics - Mountains,U3 - Crash Side Quest P3,U5 - Waking up on WAT247","50,watershed;50,energy;49,poster1;49,poster5;49,poster6;46,jasper;40,Find the supplies crate","PB_PlayerRoom","0.11.235","TaskCompleteEvent",65,"Check Anderson's Water Supply",NA
"3388","5cd70518e4194c2f5ff94297",4,"Development","8d703246-39e0-4ff5-aef9-ec166f84d182","JG8 UX8",187,"2019-05-11 07:23:31","WindowsPlayer",NA,11,"TaskEvent",0,"0.11.235",5.50335502624512,-6.77159309387207,0.982014298439026,0.915179014205933,0.403047621250153,0,"History of WAT247,Find Toppo's Posters,Crash Diagnostics - Mountains,U3 - Crash Side Quest P3","50,watershed;50,energy;49,poster1;49,poster5;49,poster6;46,jasper;40,Find the supplies crate","PB_PlayerRoom","0.11.235","TaskCompleteEvent",65,"Check the Bunker Water Table",NA
"3389","5cd70519e4194c2f5ff9429b",4,"Development","8d703246-39e0-4ff5-aef9-ec166f84d182","JG8 UX8",187,"2019-05-11 07:23:31","WindowsPlayer",NA,11,"TaskEvent",0,"0.11.235",5.50335502624512,-6.77159309387207,0.982014298439026,0.915179014205933,0.403047621250153,0,"Third Night at Base,History of WAT247,Find Toppo's Posters,Crash Diagnostics - Mountains,U3 - Crash Side Quest P3","61,Head to Bed;50,watershed;50,energy;49,poster1;49,poster5;49,poster6;46,jasper;40,Find the supplies crate","PB_PlayerRoom","0.11.235","TaskProgressEvent",65,"Check the Bunker Water Table",1
"3390","5cd70551e4194c2f5ff94300",4,"Development","8d703246-39e0-4ff5-aef9-ec166f84d182","JG8 UX8",187,"2019-05-11 07:24:23","WindowsPlayer",NA,11,"TaskEvent",0,"0.11.235",-217.399993896484,195.199996948242,50.8499984741211,0,1,0,"History of WAT247,Find Toppo's Posters,Crash Diagnostics - Mountains,U3 - Crash Side Quest P3,U5 - Waking up on WAT247,LargeMart Island","50,watershed;50,energy;49,poster1;49,poster5;49,poster6;46,jasper;40,Find the supplies crate","U5,U5_Quests","0.11.235","TaskActiveEvent",65,"Check the Ruins Water Table",NA
"3391","5cd70551e4194c2f5ff94301",4,"Development","8d703246-39e0-4ff5-aef9-ec166f84d182","JG8 UX8",187,"2019-05-11 07:24:23","WindowsPlayer",NA,11,"TaskEvent",0,"0.11.235",-217.399993896484,195.199996948242,50.8499984741211,0,1,0,"History of WAT247,Find Toppo's Posters,Crash Diagnostics - Mountains,U3 - Crash Side Quest P3,U5 - Waking up on WAT247","50,watershed;50,energy;49,poster1;49,poster5;49,poster6;46,jasper;40,Find the supplies crate;85,teleport island","U5,U5_Quests","0.11.235","TaskActiveEvent",88,"Check the Seaside Humidity",NA
"3392","5cd70583e4194c2f5ff943d4",4,"Development","8d703246-39e0-4ff5-aef9-ec166f84d182","JG8 UX8",187,"2019-05-11 07:24:44","WindowsPlayer",NA,11,"TaskEvent",0,"0.11.235",-210.748596191406,170.049087524414,53.8025512695312,-0.973578929901123,-0.228350758552551,0,"History of WAT247,Find Toppo's Posters,Crash Diagnostics - Mountains,U3 - Crash Side Quest P3,LargeMart Island","50,watershed;50,energy;49,poster1;49,poster5;49,poster6;46,jasper;40,Find the supplies crate;29,talk","U5,U5_Quests","0.11.235","TaskCompleteEvent",65,"Check the Ruins Water Table",NA
"3393","5cd70583e4194c2f5ff943d5",4,"Development","8d703246-39e0-4ff5-aef9-ec166f84d182","JG8 UX8",187,"2019-05-11 07:24:44","WindowsPlayer",NA,11,"TaskEvent",0,"0.11.235",-210.748596191406,170.049087524414,53.8025512695312,-0.973578929901123,-0.228350758552551,0,"History of WAT247,Find Toppo's Posters,Crash Diagnostics - Mountains,U3 - Crash Side Quest P3,LargeMart Island","50,watershed;50,energy;49,poster1;49,poster5;49,poster6;46,jasper;40,Find the supplies crate;29,talk","U5,U5_Quests","0.11.235","TaskProgressEvent",65,"Check the Ruins Water Table",1
"3394","5cd705b0e4194c2f5ff94481",4,"Development","8d703246-39e0-4ff5-aef9-ec166f84d182","JG8 UX8",187,"2019-05-11 07:26:04","WindowsPlayer",NA,11,"TaskEvent",0,"0.11.235",-212.284881591797,13.6012411117554,69.1604232788086,-0.356738299131393,-0.934204578399658,0,"History of WAT247,Find Toppo's Posters,Crash Diagnostics - Mountains,U3 - Crash Side Quest P3,LargeMart Island","50,watershed;50,energy;49,poster1;49,poster6;46,jasper;40,Find the supplies crate;29,talk","U5,U5_Quests","0.11.235","TaskActiveEvent",88,"Check the Factory Humidity",NA
"3395","5cd705b0e4194c2f5ff94486",4,"Development","8d703246-39e0-4ff5-aef9-ec166f84d182","JG8 UX8",187,"2019-05-11 07:26:04","WindowsPlayer",NA,11,"TaskEvent",0,"0.11.235",-212.284881591797,13.6012411117554,69.1604232788086,-0.356738299131393,-0.934204578399658,0,"History of WAT247,Find Toppo's Posters,Crash Diagnostics - Mountains,U3 - Crash Side Quest P3,LargeMart Island","50,watershed;50,energy;49,poster1;49,poster6;46,jasper;40,Find the supplies crate;29,talk","U5,U5_Quests","0.11.235","TaskProgressEvent",88,"Check the Seaside Humidity",1
"3396","5cd705b0e4194c2f5ff94487",4,"Development","8d703246-39e0-4ff5-aef9-ec166f84d182","JG8 UX8",187,"2019-05-11 07:26:04","WindowsPlayer",NA,11,"TaskEvent",0,"0.11.235",-212.284881591797,13.6012411117554,69.1604232788086,-0.356738299131393,-0.934204578399658,0,"History of WAT247,Find Toppo's Posters,Crash Diagnostics - Mountains,U3 - Crash Side Quest P3,LargeMart Island","50,watershed;50,energy;49,poster1;49,poster6;46,jasper;40,Find the supplies crate;29,talk;29,unlock","U5,U5_Quests","0.11.235","TaskCompleteEvent",88,"Check the Seaside Humidity",NA
"3397","5cd705d5e4194c2f5ff944f9",4,"Development","8d703246-39e0-4ff5-aef9-ec166f84d182","JG8 UX8",187,"2019-05-11 07:26:38","WindowsPlayer",NA,11,"TaskEvent",0,"0.11.235",-711.901428222656,7.79808521270752,-106.175979614258,0.453934162855148,-0.891035199165344,0,"History of WAT247,Find Toppo's Posters,Crash Diagnostics - Mountains,U3 - Crash Side Quest P3,LargeMart Island","50,watershed;50,energy;49,poster1;49,poster6;46,jasper;40,Find the supplies crate;29,unlock","U5_Cavern,U5_Cavern_Quests","0.11.235","TaskProgressEvent",88,"Check the Factory Humidity",1
"3398","5cd705d5e4194c2f5ff944fe",4,"Development","8d703246-39e0-4ff5-aef9-ec166f84d182","JG8 UX8",187,"2019-05-11 07:26:38","WindowsPlayer",NA,11,"TaskEvent",0,"0.11.235",-711.901428222656,7.79808521270752,-106.175979614258,0.453934162855148,-0.891035199165344,0,"History of WAT247,Find Toppo's Posters,Crash Diagnostics - Mountains,U3 - Crash Side Quest P3,LargeMart Island","50,watershed;50,energy;49,poster1;49,poster6;46,jasper;40,Find the supplies crate;29,unlock","U5_Cavern,U5_Cavern_Quests","0.11.235","TaskActiveEvent",88,"Check the Cave Humidity",NA
"3399","5cd705fde4194c2f5ff945a4",4,"Development","8d703246-39e0-4ff5-aef9-ec166f84d182","JG8 UX8",187,"2019-05-11 07:27:23","WindowsPlayer",NA,11,"TaskEvent",0,"0.11.235",-702.663940429688,29.9393577575684,-106.191032409668,0.922513961791992,-0.385963916778564,0,"History of WAT247,Find Toppo's Posters,Crash Diagnostics - Mountains,U3 - Crash Side Quest P3,LargeMart Island,Explore the Alien Seaside Facility","50,watershed;49,poster1;49,poster6;46,jasper;40,Find the supplies crate","U5_Cavern,U5_Cavern_Quests","0.11.235","TaskCompleteEvent",88,"Check the Factory Humidity",NA
"3400","5cd705fee4194c2f5ff945a6",4,"Development","8d703246-39e0-4ff5-aef9-ec166f84d182","JG8 UX8",187,"2019-05-11 07:27:23","WindowsPlayer",NA,11,"TaskEvent",0,"0.11.235",-702.663940429688,29.9393577575684,-106.191032409668,0.922513961791992,-0.385963916778564,0,"History of WAT247,Find Toppo's Posters,Crash Diagnostics - Mountains,U3 - Crash Side Quest P3,LargeMart Island","50,watershed;49,poster1;49,poster6;46,jasper;40,Find the supplies crate;29,unlock","U5_Cavern,U5_Cavern_Quests","0.11.235","TaskActiveEvent",62,"Find the Black Box",NA
"3401","5cd705fee4194c2f5ff945a7",4,"Development","8d703246-39e0-4ff5-aef9-ec166f84d182","JG8 UX8",187,"2019-05-11 07:27:23","WindowsPlayer",NA,11,"TaskEvent",0,"0.11.235",-702.663940429688,29.9393577575684,-106.191032409668,0.922513961791992,-0.385963916778564,0,"History of WAT247,Find Toppo's Posters,Crash Diagnostics - Mountains,U3 - Crash Side Quest P3,Explore the Alien Seaside Facility","50,watershed;49,poster1;49,poster6;46,jasper;40,Find the supplies crate;36,Reach Seaside","U5_Cavern,U5_Cavern_Quests","0.11.235","TaskActiveEvent",88,"Check the Base Humidity",NA
"3402","5cd70625e4194c2f5ff9463c",4,"Development","8d703246-39e0-4ff5-aef9-ec166f84d182","JG8 UX8",187,"2019-05-11 07:24:31","WindowsPlayer",NA,11,"TaskEvent",0,"0.11.235",-212.388595581055,196.3974609375,51.8253898620605,0.0366434007883072,-0.999328374862671,0,"History of WAT247,Find Toppo's Posters,Crash Diagnostics - Mountains,U3 - Crash Side Quest P3,LargeMart Island","50,watershed;50,energy;49,poster1;49,poster5;49,poster6;46,jasper;40,Find the supplies crate;29,meet","U5,U5_Quests","0.11.235","TaskProgressEvent",88,"Check the Cave Humidity",1
"3403","5cd70625e4194c2f5ff9463d",4,"Development","8d703246-39e0-4ff5-aef9-ec166f84d182","JG8 UX8",187,"2019-05-11 07:24:31","WindowsPlayer",NA,11,"TaskEvent",0,"0.11.235",-212.388595581055,196.3974609375,51.8253898620605,0.0366434007883072,-0.999328374862671,0,"History of WAT247,Find Toppo's Posters,Crash Diagnostics - Mountains,U3 - Crash Side Quest P3,LargeMart Island","50,watershed;50,energy;49,poster1;49,poster5;49,poster6;46,jasper;40,Find the supplies crate;29,meet","U5,U5_Quests","0.11.235","TaskCompleteEvent",88,"Check the Cave Humidity",NA
"3404","5cd70625e4194c2f5ff94643",4,"Development","8d703246-39e0-4ff5-aef9-ec166f84d182","JG8 UX8",187,"2019-05-11 07:24:31","WindowsPlayer",NA,11,"TaskEvent",0,"0.11.235",-212.388595581055,196.3974609375,51.8253898620605,0.0366434007883072,-0.999328374862671,0,"History of WAT247,Find Toppo's Posters,Crash Diagnostics - Mountains,U3 - Crash Side Quest P3,LargeMart Island","50,watershed;50,energy;49,poster1;49,poster5;49,poster6;46,jasper;40,Find the supplies crate;29,meet;29,talk","U5,U5_Quests","0.11.235","TaskCompleteEvent",62,"Find the Black Box",NA
"3405","5cd70690e4194c2f5ff947c3",4,"Development","8d703246-39e0-4ff5-aef9-ec166f84d182","JG8 UX8",187,"2019-05-11 07:29:09","WindowsPlayer",NA,11,"TaskEvent",0,"0.11.235",318.788482666016,-9.20167446136475,3.97986602783203,0.999506533145905,-0.0314112901687622,0,"History of WAT247,Find Toppo's Posters,Crash Diagnostics - Mountains,U3 - Crash Side Quest P3,Explore the Alien Seaside Facility","50,watershed;49,poster1;49,poster6;46,jasper;40,Find the supplies crate;36,Reach Seaside","U5_Dungeon","0.11.235","TaskProgressEvent",62,"Find the Black Box",1
"3406","5cd70690e4194c2f5ff947cf",4,"Development","8d703246-39e0-4ff5-aef9-ec166f84d182","JG8 UX8",187,"2019-05-11 07:29:09","WindowsPlayer",NA,11,"TaskEvent",0,"0.11.235",318.788482666016,-9.20167446136475,3.97986602783203,0.999506533145905,-0.0314112901687622,0,"History of WAT247,Find Toppo's Posters,Crash Diagnostics - Mountains,U3 - Crash Side Quest P3,Explore the Alien Seaside Facility","50,watershed;49,poster1;49,poster6;46,jasper;40,Find the supplies crate;36,Reach Seaside","U5_Dungeon","0.11.235","TaskCompleteEvent",88,"Check the Base Humidity",NA
"3407","5cd70690e4194c2f5ff947d0",4,"Development","8d703246-39e0-4ff5-aef9-ec166f84d182","JG8 UX8",187,"2019-05-11 07:29:09","WindowsPlayer",NA,11,"TaskEvent",0,"0.11.235",318.788482666016,-9.20167446136475,3.97986602783203,0.999506533145905,-0.0314112901687622,0,"History of WAT247,Find Toppo's Posters,Crash Diagnostics - Mountains,U3 - Crash Side Quest P3,Explore the Alien Seaside Facility","50,watershed;49,poster1;49,poster6;46,jasper;40,Find the supplies crate;36,Reach Seaside;36,Condense Humidity","U5_Dungeon","0.11.235","TaskActiveEvent",89,"Update the Team",NA
"3408","5cd706d6e4194c2f5ff948e3",4,"Development","8d703246-39e0-4ff5-aef9-ec166f84d182","JG8 UX8",187,"2019-05-11 07:30:58","WindowsPlayer",NA,11,"TaskEvent",0,"0.11.235",302.414611816406,26.5259952545166,3.97999978065491,0.335449635982513,-0.942058086395264,0,"History of WAT247,Find Toppo's Posters,Crash Diagnostics - Mountains,U3 - Crash Side Quest P3,Explore the Alien Seaside Facility","50,watershed;49,poster1;49,poster6;46,jasper;40,Find the supplies crate;36,Evaporate Water","U5_Dungeon","0.11.235","TaskProgressEvent",88,"Check the Base Humidity",1
"3409","5cd706d6e4194c2f5ff948ea",4,"Development","8d703246-39e0-4ff5-aef9-ec166f84d182","JG8 UX8",187,"2019-05-11 07:30:58","WindowsPlayer",NA,11,"TaskEvent",0,"0.11.235",302.414611816406,26.5259952545166,3.97999978065491,0.335449635982513,-0.942058086395264,0,"History of WAT247,Find Toppo's Posters,Crash Diagnostics - Mountains,U3 - Crash Side Quest P3,Explore the Alien Seaside Facility","50,watershed;49,poster1;49,poster6;46,jasper;40,Find the supplies crate;36,Evaporate Water","U5_Dungeon","0.11.235","TaskProgressEvent",89,"Update the Team",1
"3410","5cd706d6e4194c2f5ff948eb",4,"Development","8d703246-39e0-4ff5-aef9-ec166f84d182","JG8 UX8",187,"2019-05-11 07:30:58","WindowsPlayer",NA,11,"TaskEvent",0,"0.11.235",302.414611816406,26.5259952545166,3.97999978065491,0.335449635982513,-0.942058086395264,0,"History of WAT247,Find Toppo's Posters,Crash Diagnostics - Mountains,U3 - Crash Side Quest P3,Explore the Alien Seaside Facility","50,watershed;49,poster1;49,poster6;46,jasper;40,Find the supplies crate;36,Evaporate Water;36,Transport Water","U5_Dungeon","0.11.235","TaskActiveEvent",89,"Sort this Out",NA
"3411","5cd707f8e4194c2f5ff94d67",4,"Development","8d703246-39e0-4ff5-aef9-ec166f84d182","JG8 UX8",187,"2019-05-11 07:35:49","WindowsPlayer",NA,11,"TaskEvent",0,"0.11.235",100.958534240723,-24.0750713348389,3.97000002861023,-0.395546078681946,-0.91844630241394,0,"History of WAT247,Find Toppo's Posters,Crash Diagnostics - Mountains,U3 - Crash Side Quest P3,Explore the Alien Seaside Facility","50,watershed;49,poster1;49,poster6;46,jasper;40,Find the supplies crate;36,Transport Water","U5_Dungeon","0.11.235","TaskCompleteEvent",89,"Update the Team",NA
"3412","5cd707f8e4194c2f5ff94d69",4,"Development","8d703246-39e0-4ff5-aef9-ec166f84d182","JG8 UX8",187,"2019-05-11 07:35:49","WindowsPlayer",NA,11,"TaskEvent",0,"0.11.235",100.958534240723,-24.0750713348389,3.97000002861023,-0.395546078681946,-0.91844630241394,0,"History of WAT247,Find Toppo's Posters,Crash Diagnostics - Mountains,U3 - Crash Side Quest P3,Explore the Alien Seaside Facility","50,watershed;49,poster1;49,poster6;46,jasper;40,Find the supplies crate;36,Transport Water;36,Start Fountain","U5_Dungeon","0.11.235","TaskProgressEvent",89,"Sort this Out",1
"3413","5cd707f8e4194c2f5ff94d6b",4,"Development","8d703246-39e0-4ff5-aef9-ec166f84d182","JG8 UX8",187,"2019-05-11 07:35:49","WindowsPlayer",NA,11,"TaskEvent",0,"0.11.235",100.958534240723,-24.0750713348389,3.97000002861023,-0.395546078681946,-0.91844630241394,0,"History of WAT247,Find Toppo's Posters,Crash Diagnostics - Mountains,U3 - Crash Side Quest P3,Explore the Alien Seaside Facility","50,watershed;49,poster1;49,poster6;46,jasper;40,Find the supplies crate;36,Transport Water","U5_Dungeon","0.11.235","TaskActiveEvent",89,"Counter Him Cadet",NA
"3414","5cd70828e4194c2f5ff94e07",4,"Development","8d703246-39e0-4ff5-aef9-ec166f84d182","JG8 UX8",187,"2019-05-11 07:36:36","WindowsPlayer",NA,11,"TaskEvent",0,"0.11.235",-557.300231933594,-84.4296340942383,-107.269966125488,0.90031886100769,0.43523097038269,0,"History of WAT247,Find Toppo's Posters,Crash Diagnostics - Mountains,U3 - Crash Side Quest P3,Explore the Alien Seaside Facility,Bill’s Grand Idea","50,watershed;49,poster1;49,poster6;46,jasper;40,Find the supplies crate","U5_Cavern,U5_Cavern_Quests","0.11.235","TaskCompleteEvent",89,"Sort this Out",NA
"3415","5cd70828e4194c2f5ff94e08",4,"Development","8d703246-39e0-4ff5-aef9-ec166f84d182","JG8 UX8",187,"2019-05-11 07:36:36","WindowsPlayer",NA,11,"TaskEvent",0,"0.11.235",-557.300231933594,-84.4296340942383,-107.269966125488,0.90031886100769,0.43523097038269,0,"History of WAT247,Find Toppo's Posters,Crash Diagnostics - Mountains,U3 - Crash Side Quest P3,Explore the Alien Seaside Facility","50,watershed;49,poster1;49,poster6;46,jasper;40,Find the supplies crate;36,Talk Bill","U5_Cavern,U5_Cavern_Quests","0.11.235","TaskCompleteEvent",89,"Counter Him Cadet",NA
"3416","5cd70828e4194c2f5ff94e0b",4,"Development","8d703246-39e0-4ff5-aef9-ec166f84d182","JG8 UX8",187,"2019-05-11 07:36:36","WindowsPlayer",NA,11,"TaskEvent",0,"0.11.235",-557.300231933594,-84.4296340942383,-107.269966125488,0.90031886100769,0.43523097038269,0,"History of WAT247,Find Toppo's Posters,Crash Diagnostics - Mountains,U3 - Crash Side Quest P3,Bill’s Grand Idea","50,watershed;49,poster1;49,poster6;46,jasper;40,Find the supplies crate;37,bill outside cavern","U5_Cavern,U5_Cavern_Quests","0.11.235","TaskProgressEvent",89,"Counter Him Cadet",1
"3417","5cd7084ee4194c2f5ff94e85",4,"Development","8d703246-39e0-4ff5-aef9-ec166f84d182","JG8 UX8",187,"2019-05-11 07:37:01","WindowsPlayer",NA,11,"TaskEvent",0,"0.11.235",-113.280952453613,-123.331695556641,53.3073463439941,0.909236073493958,-0.41628110408783,0,"History of WAT247,Find Toppo's Posters,Crash Diagnostics - Mountains,U3 - Crash Side Quest P3,Bill’s Grand Idea","50,watershed;49,poster1;49,poster6;46,jasper;40,Find the supplies crate;37,bill outside cavern","U5,U5_Quests","0.11.235","TaskActiveEvent",89,"Is the Water Missing?",NA
"3418","5cd7084ee4194c2f5ff94e88",4,"Development","8d703246-39e0-4ff5-aef9-ec166f84d182","JG8 UX8",187,"2019-05-11 07:37:01","WindowsPlayer",NA,11,"TaskEvent",0,"0.11.235",-113.280952453613,-123.331695556641,53.3073463439941,0.909236073493958,-0.41628110408783,0,"History of WAT247,Find Toppo's Posters,Crash Diagnostics - Mountains,U3 - Crash Side Quest P3,Bill’s Grand Idea","50,watershed;49,poster1;49,poster6;46,jasper;40,Find the supplies crate;37,bill outside cavern","U5,U5_Quests","0.11.235","TaskCompleteEvent",89,"Is the Water Missing?",NA
"3419","5cd7084ee4194c2f5ff94e89",4,"Development","8d703246-39e0-4ff5-aef9-ec166f84d182","JG8 UX8",187,"2019-05-11 07:37:01","WindowsPlayer",NA,11,"TaskEvent",0,"0.11.235",-113.280952453613,-123.331695556641,53.3073463439941,0.909236073493958,-0.41628110408783,0,"History of WAT247,Find Toppo's Posters,Crash Diagnostics - Mountains,U3 - Crash Side Quest P3,Bill’s Grand Idea","50,watershed;49,poster1;49,poster6;46,jasper;40,Find the supplies crate;37,bill outside cavern;37,meet Bill","U5,U5_Quests","0.11.235","TaskActiveEvent",66,"Follow Jasper",NA
"3420","5cd708d6e4194c2f5ff9508a",4,"Development","8d703246-39e0-4ff5-aef9-ec166f84d182","JG8 UX8",187,"2019-05-11 07:39:25","WindowsPlayer",NA,11,"TaskEvent",0,"0.11.235",0.154212653636932,8.23892974853516,1.6776374578476,0.015791043639183,-0.99987530708313,0,"History of WAT247,Find Toppo's Posters,Crash Diagnostics - Mountains,U3 - Crash Side Quest P3,Bill’s Grand Idea","50,watershed;49,poster1;49,poster6;46,jasper;40,Find the supplies crate;37,meet Bill","U5_Cave,U5_Cave_Quests,U5_Cave_Collectibles","0.11.235","TaskProgressEvent",89,"Is the Water Missing?",1
"3421","5cd708d6e4194c2f5ff9508b",4,"Development","8d703246-39e0-4ff5-aef9-ec166f84d182","JG8 UX8",187,"2019-05-11 07:39:25","WindowsPlayer",NA,11,"TaskEvent",0,"0.11.235",0.154212653636932,8.23892974853516,1.6776374578476,0.015791043639183,-0.99987530708313,0,"History of WAT247,Find Toppo's Posters,Crash Diagnostics - Mountains,U3 - Crash Side Quest P3,Bill’s Grand Idea","50,watershed;49,poster1;49,poster6;46,jasper;40,Find the supplies crate;37,meet Bill;37,Try Escape","U5_Cave,U5_Cave_Quests,U5_Cave_Collectibles","0.11.235","TaskProgressEvent",66,"Follow Jasper",1
"3422","5cd708d6e4194c2f5ff9508f",4,"Development","8d703246-39e0-4ff5-aef9-ec166f84d182","JG8 UX8",187,"2019-05-11 07:39:25","WindowsPlayer",NA,11,"TaskEvent",0,"0.11.235",0.154212653636932,8.23892974853516,1.6776374578476,0.015791043639183,-0.99987530708313,0,"History of WAT247,Find Toppo's Posters,Crash Diagnostics - Mountains,U3 - Crash Side Quest P3,Bill’s Grand Idea","50,watershed;49,poster1;49,poster6;46,jasper;40,Find the supplies crate;37,meet Bill","U5_Cave,U5_Cave_Quests,U5_Cave_Collectibles","0.11.235","TaskCompleteEvent",66,"Follow Jasper",NA
"3423","5cd70999e4194c2f5ff9539d",4,"Development","8d703246-39e0-4ff5-aef9-ec166f84d182","JG8 UX8",187,"2019-05-11 07:42:48","WindowsPlayer",NA,11,"TaskEvent",0,"0.11.235",7.0843071937561,10.4821367263794,1.57492864131927,0.959290385246277,0.282421469688416,0,"History of WAT247,Find Toppo's Posters,Crash Diagnostics - Mountains,U3 - Crash Side Quest P3,Water Crisis!","50,watershed;49,poster1;49,poster6;46,jasper;40,Find the supplies crate;32,humidity meter","U5_Cave,U5_Cave_Quests,U5_Cave_Collectibles","0.11.235","TaskActiveEvent",66,"Gain Entrance to the New Ruins",NA
"3424","5cd70999e4194c2f5ff9539e",4,"Development","8d703246-39e0-4ff5-aef9-ec166f84d182","JG8 UX8",187,"2019-05-11 07:42:48","WindowsPlayer",NA,11,"TaskEvent",0,"0.11.235",7.0843071937561,10.4821367263794,1.57492864131927,0.959290385246277,0.282421469688416,0,"History of WAT247,Find Toppo's Posters,Crash Diagnostics - Mountains,U3 - Crash Side Quest P3,Water Crisis!","50,watershed;49,poster1;49,poster6;46,jasper;40,Find the supplies crate;32,humidity meter","U5_Cave,U5_Cave_Quests,U5_Cave_Collectibles","0.11.235","TaskCompleteEvent",50,"watershed",NA
"3425","5cd70999e4194c2f5ff953a7",4,"Development","8d703246-39e0-4ff5-aef9-ec166f84d182","JG8 UX8",187,"2019-05-11 07:42:48","WindowsPlayer",NA,11,"TaskEvent",0,"0.11.235",7.0843071937561,10.4821367263794,1.57492864131927,0.959290385246277,0.282421469688416,0,"History of WAT247,Find Toppo's Posters,Crash Diagnostics - Mountains,U3 - Crash Side Quest P3,Water Crisis!","50,watershed;49,poster1;49,poster6;46,jasper;40,Find the supplies crate;32,humidity meter;32,pan","U5_Cave,U5_Cave_Quests,U5_Cave_Collectibles","0.11.235","TaskProgressEvent",50,"watershed",1
"3426","5cd709b2e4194c2f5ff95401",4,"Development","8d703246-39e0-4ff5-aef9-ec166f84d182","JG8 UX8",187,"2019-05-11 07:35:58","WindowsPlayer",NA,11,"TaskEvent",0,"0.11.235",106.334098815918,-34.8181610107422,3.97000002861023,0.38106968998909,-0.924546599388123,0,"History of WAT247,Find Toppo's Posters,Crash Diagnostics - Mountains,U3 - Crash Side Quest P3,Explore the Alien Seaside Facility","50,watershed;49,poster1;49,poster6;46,jasper;40,Find the supplies crate;36,Start Fountain;36,Talk Bill","U5_Dungeon,U5_Cavern","0.11.235","TaskCompleteEvent",66,"Gain Entrance to the New Ruins",NA
"3427","5cd709b2e4194c2f5ff9540b",4,"Development","8d703246-39e0-4ff5-aef9-ec166f84d182","JG8 UX8",187,"2019-05-11 07:35:58","WindowsPlayer",NA,11,"TaskEvent",0,"0.11.235",106.334098815918,-34.8181610107422,3.97000002861023,0.38106968998909,-0.924546599388123,0,"History of WAT247,Find Toppo's Posters,Crash Diagnostics - Mountains,U3 - Crash Side Quest P3,Explore the Alien Seaside Facility","50,watershed;49,poster1;49,poster6;46,jasper;40,Find the supplies crate;36,Start Fountain","U5_Dungeon,U5_Cavern","0.11.235","TaskProgressEvent",66,"Gain Entrance to the New Ruins",1
"3428","5cd709b2e4194c2f5ff95411",4,"Development","8d703246-39e0-4ff5-aef9-ec166f84d182","JG8 UX8",187,"2019-05-11 07:35:58","WindowsPlayer",NA,11,"TaskEvent",0,"0.11.235",106.334098815918,-34.8181610107422,3.97000002861023,0.38106968998909,-0.924546599388123,0,"History of WAT247,Find Toppo's Posters,Crash Diagnostics - Mountains,U3 - Crash Side Quest P3,Explore the Alien Seaside Facility","50,watershed;49,poster1;49,poster6;46,jasper;40,Find the supplies crate;36,Start Fountain","U5_Dungeon,U5_Cavern","0.11.235","TaskActiveEvent",66,"Complete the First Wing",NA
"3429","5cd709e4e4194c2f5ff954c9",4,"Development","8d703246-39e0-4ff5-aef9-ec166f84d182","JG8 UX8",187,"2019-05-11 07:43:57","WindowsPlayer",NA,11,"TaskEvent",0,"0.11.235",9.59333896636963,-5.77262687683105,1.97277534008026,0.507610321044922,-0.861587047576904,0,"History of WAT247,Find Toppo's Posters,Crash Diagnostics - Mountains,U3 - Crash Side Quest P3,Water Crisis!","50,watershed;49,poster1;49,poster6;46,jasper;40,Find the supplies crate;32,Drill hole","U5_Cave,U5_Cave_Quests,U5_Cave_Collectibles","0.11.235","TaskActiveEvent",66,"Complete the Second Wing",NA
"3430","5cd709e5e4194c2f5ff954d2",4,"Development","8d703246-39e0-4ff5-aef9-ec166f84d182","JG8 UX8",187,"2019-05-11 07:43:57","WindowsPlayer",NA,11,"TaskEvent",0,"0.11.235",9.59333896636963,-5.77262687683105,1.97277534008026,0.507610321044922,-0.861587047576904,0,"History of WAT247,Find Toppo's Posters,Crash Diagnostics - Mountains,U3 - Crash Side Quest P3,Water Crisis!","50,watershed;49,poster1;49,poster6;46,jasper;40,Find the supplies crate;32,Drill hole","U5_Cave,U5_Cave_Quests,U5_Cave_Collectibles","0.11.235","TaskCompleteEvent",66,"Complete the First Wing",NA
"3431","5cd709e5e4194c2f5ff954d3",4,"Development","8d703246-39e0-4ff5-aef9-ec166f84d182","JG8 UX8",187,"2019-05-11 07:43:57","WindowsPlayer",NA,11,"TaskEvent",0,"0.11.235",9.59333896636963,-5.77262687683105,1.97277534008026,0.507610321044922,-0.861587047576904,0,"History of WAT247,Find Toppo's Posters,Crash Diagnostics - Mountains,U3 - Crash Side Quest P3,Water Crisis!","50,watershed;49,poster1;49,poster6;46,jasper;40,Find the supplies crate;32,Drill hole;32,check humidity again","U5_Cave,U5_Cave_Quests,U5_Cave_Collectibles","0.11.235","TaskProgressEvent",66,"Complete the First Wing",1
"3432","5cd70a7fe4194c2f5ff95735",4,"Development","8d703246-39e0-4ff5-aef9-ec166f84d182","JG8 UX8",187,"2019-05-11 07:46:24","WindowsPlayer",NA,11,"TaskEvent",0,"0.11.235",6.85894536972046,9.25269412994385,1.57492864131927,-0.0644491165876389,-0.997921347618103,0,"History of WAT247,Find Toppo's Posters,Crash Diagnostics - Mountains,U3 - Crash Side Quest P3,Convince Bill the Distillery will work","50,watershed;49,poster1;49,poster6;46,jasper;40,Find the supplies crate;33,convince bill","U5_Cave,U5_Cave_Quests,U5_Cave_Collectibles","0.11.235","TaskCompleteEvent",66,"Complete the Second Wing",NA
"3433","5cd70a7fe4194c2f5ff95737",4,"Development","8d703246-39e0-4ff5-aef9-ec166f84d182","JG8 UX8",187,"2019-05-11 07:46:24","WindowsPlayer",NA,11,"TaskEvent",0,"0.11.235",6.85894536972046,9.25269412994385,1.57492864131927,-0.0644491165876389,-0.997921347618103,0,"History of WAT247,Find Toppo's Posters,Crash Diagnostics - Mountains,U3 - Crash Side Quest P3,Convince Bill the Distillery will work","50,watershed;49,poster1;49,poster6;46,jasper;40,Find the supplies crate;33,convince bill","U5_Cave,U5_Cave_Quests,U5_Cave_Collectibles","0.11.235","TaskProgressEvent",66,"Complete the Second Wing",1
"3434","5cd70a7fe4194c2f5ff95738",4,"Development","8d703246-39e0-4ff5-aef9-ec166f84d182","JG8 UX8",187,"2019-05-11 07:46:24","WindowsPlayer",NA,11,"TaskEvent",0,"0.11.235",6.85894536972046,9.25269412994385,1.57492864131927,-0.0644491165876389,-0.997921347618103,0,"History of WAT247,Find Toppo's Posters,Crash Diagnostics - Mountains,U3 - Crash Side Quest P3,Convince Bill the Distillery will work","50,watershed;49,poster1;49,poster6;46,jasper;40,Find the supplies crate;33,convince bill;33,Make a hole in the pan","U5_Cave,U5_Cave_Quests,U5_Cave_Collectibles","0.11.235","TaskActiveEvent",66,"Complete the Third Wing",NA
"3435","5cd70a9de4194c2f5ff957ab",4,"Development","8d703246-39e0-4ff5-aef9-ec166f84d182","JG8 UX8",187,"2019-05-11 07:46:58","WindowsPlayer",NA,11,"TaskEvent",0,"0.11.235",7.60472822189331,-5.41732120513916,1.66175305843353,0.768336892127991,-0.640045762062073,0,"History of WAT247,Find Toppo's Posters,Crash Diagnostics - Mountains,U3 - Crash Side Quest P3,Convince Bill the Distillery will work","50,watershed;49,poster1;49,poster6;46,jasper;40,Find the supplies crate;33,Make a hole in the pan","U5_Cave,U5_Cave_Quests,U5_Cave_Collectibles","0.11.235","TaskCompleteEvent",66,"Complete the Third Wing",NA
"3436","5cd70a9de4194c2f5ff957ac",4,"Development","8d703246-39e0-4ff5-aef9-ec166f84d182","JG8 UX8",187,"2019-05-11 07:46:58","WindowsPlayer",NA,11,"TaskEvent",0,"0.11.235",7.60472822189331,-5.41732120513916,1.66175305843353,0.768336892127991,-0.640045762062073,0,"History of WAT247,Find Toppo's Posters,Crash Diagnostics - Mountains,U3 - Crash Side Quest P3,Convince Bill the Distillery will work","50,watershed;49,poster1;49,poster6;46,jasper;40,Find the supplies crate;33,Make a hole in the pan","U5_Cave,U5_Cave_Quests,U5_Cave_Collectibles","0.11.235","TaskProgressEvent",66,"Complete the Third Wing",1
"3437","5cd70a9de4194c2f5ff957ad",4,"Development","8d703246-39e0-4ff5-aef9-ec166f84d182","JG8 UX8",187,"2019-05-11 07:46:58","WindowsPlayer",NA,11,"TaskEvent",0,"0.11.235",7.60472822189331,-5.41732120513916,1.66175305843353,0.768336892127991,-0.640045762062073,0,"History of WAT247,Find Toppo's Posters,Crash Diagnostics - Mountains,U3 - Crash Side Quest P3,Convince Bill the Distillery will work","50,watershed;49,poster1;49,poster6;46,jasper;40,Find the supplies crate;33,Make a hole in the pan;33,attach hose","U5_Cave,U5_Cave_Quests,U5_Cave_Collectibles","0.11.235","TaskActiveEvent",66,"Enter the Alien Teleporter",NA
"3438","5cd70afae4194c2f5ff9590b",4,"Development","8d703246-39e0-4ff5-aef9-ec166f84d182","JG8 UX8",187,"2019-05-11 07:48:33","WindowsPlayer",NA,11,"TaskEvent",0,"0.11.235",96.2529144287109,58.2643241882324,106.760314941406,0.971960961818695,0.235142469406128,0,"History of WAT247,Find Toppo's Posters,Crash Diagnostics - Mountains,U3 - Crash Side Quest P3,Head Back to Large Mart","50,watershed;49,poster1;49,poster6;46,jasper;40,Find the supplies crate;34,talk to Bill","U5,U5_Quests","0.11.235","TaskCompleteEvent",66,"Enter the Alien Teleporter",NA
"3439","5cd70afbe4194c2f5ff95910",4,"Development","8d703246-39e0-4ff5-aef9-ec166f84d182","JG8 UX8",187,"2019-05-11 07:48:33","WindowsPlayer",NA,11,"TaskEvent",0,"0.11.235",96.2529144287109,58.2643241882324,106.760314941406,0.971960961818695,0.235142469406128,0,"History of WAT247,Find Toppo's Posters,Crash Diagnostics - Mountains,U3 - Crash Side Quest P3,Head Back to Large Mart","50,watershed;49,poster1;49,poster6;46,jasper;40,Find the supplies crate;34,talk to Bill","U5,U5_Quests","0.11.235","TaskActiveEvent",90,"Enter the Alien Base",NA
"3440","5cd70afbe4194c2f5ff95911",4,"Development","8d703246-39e0-4ff5-aef9-ec166f84d182","JG8 UX8",187,"2019-05-11 07:48:33","WindowsPlayer",NA,11,"TaskEvent",0,"0.11.235",96.2529144287109,58.2643241882324,106.760314941406,0.971960961818695,0.235142469406128,0,"History of WAT247,Find Toppo's Posters,Crash Diagnostics - Mountains,U3 - Crash Side Quest P3,Head Back to Large Mart","50,watershed;49,poster1;49,poster6;46,jasper;40,Find the supplies crate;34,talk to Bill;34,go to factory","U5,U5_Quests","0.11.235","TaskProgressEvent",66,"Enter the Alien Teleporter",1
"3441","5cd70b22e4194c2f5ff959a4",4,"Development","8d703246-39e0-4ff5-aef9-ec166f84d182","JG8 UX8",187,"2019-05-11 07:47:17","WindowsPlayer",NA,11,"TaskEvent",0,"0.11.235",-1.70260643959045,6.19371509552002,1.6842474937439,-0.740860760211945,0.671658754348755,0,"History of WAT247,Find Toppo's Posters,Crash Diagnostics - Mountains,U3 - Crash Side Quest P3,Convince Bill the Distillery will work","50,watershed;49,poster1;49,poster6;46,jasper;40,Find the supplies crate;33,Grab Canteen","U5_Cave,U5_Cave_Quests,U5_Cave_Collectibles","0.11.235","TaskActiveEvent",90,"Operate the Alien Console",NA
"3442","5cd70b22e4194c2f5ff959a5",4,"Development","8d703246-39e0-4ff5-aef9-ec166f84d182","JG8 UX8",187,"2019-05-11 07:47:17","WindowsPlayer",NA,11,"TaskEvent",0,"0.11.235",-1.70260643959045,6.19371509552002,1.6842474937439,-0.740860760211945,0.671658754348755,0,"History of WAT247,Find Toppo's Posters,Crash Diagnostics - Mountains,U3 - Crash Side Quest P3,Convince Bill the Distillery will work","50,watershed;49,poster1;49,poster6;46,jasper;40,Find the supplies crate;33,Grab Canteen","U5_Cave,U5_Cave_Quests,U5_Cave_Collectibles","0.11.235","TaskProgressEvent",90,"Enter the Alien Base",1
"3443","5cd70b22e4194c2f5ff959a6",4,"Development","8d703246-39e0-4ff5-aef9-ec166f84d182","JG8 UX8",187,"2019-05-11 07:47:17","WindowsPlayer",NA,11,"TaskEvent",0,"0.11.235",-1.70260643959045,6.19371509552002,1.6842474937439,-0.740860760211945,0.671658754348755,0,"History of WAT247,Find Toppo's Posters,Crash Diagnostics - Mountains,U3 - Crash Side Quest P3,Convince Bill the Distillery will work","50,watershed;49,poster1;49,poster6;46,jasper;40,Find the supplies crate;33,Grab Canteen;33,Condense Atmospheric Water","U5_Cave,U5_Cave_Quests,U5_Cave_Collectibles","0.11.235","TaskCompleteEvent",90,"Enter the Alien Base",NA
"3444","5cd70b31e4194c2f5ff959e5",4,"Development","8d703246-39e0-4ff5-aef9-ec166f84d182","JG8 UX8",187,"2019-05-11 07:49:31","WindowsPlayer",NA,11,"TaskEvent",0,"0.11.235",-44.672908782959,47.4877662658691,17.0575981140137,-0.931055903434753,0.364876687526703,0,"History of WAT247,Find Toppo's Posters,Crash Diagnostics - Mountains,U3 - Crash Side Quest P3,Construct a Distillery at the Factory","50,watershed;49,poster1;49,poster6;46,jasper;40,Find the supplies crate;35,setup first","U5_Largemart_Factory,U5_Largemart_Factory_Quests","0.11.235","TaskCompleteEvent",90,"Operate the Alien Console",NA
"3445","5cd70b31e4194c2f5ff959eb",4,"Development","8d703246-39e0-4ff5-aef9-ec166f84d182","JG8 UX8",187,"2019-05-11 07:49:31","WindowsPlayer",NA,11,"TaskEvent",0,"0.11.235",-44.672908782959,47.4877662658691,17.0575981140137,-0.931055903434753,0.364876687526703,0,"History of WAT247,Find Toppo's Posters,Crash Diagnostics - Mountains,U3 - Crash Side Quest P3,Construct a Distillery at the Factory","50,watershed;49,poster1;49,poster6;46,jasper;40,Find the supplies crate;35,setup first","U5_Largemart_Factory,U5_Largemart_Factory_Quests","0.11.235","TaskActiveEvent",67,"Reverse the Water",NA
"3446","5cd70b31e4194c2f5ff959ec",4,"Development","8d703246-39e0-4ff5-aef9-ec166f84d182","JG8 UX8",187,"2019-05-11 07:49:31","WindowsPlayer",NA,11,"TaskEvent",0,"0.11.235",-44.672908782959,47.4877662658691,17.0575981140137,-0.931055903434753,0.364876687526703,0,"History of WAT247,Find Toppo's Posters,Crash Diagnostics - Mountains,U3 - Crash Side Quest P3,Construct a Distillery at the Factory","50,watershed;49,poster1;49,poster6;46,jasper;40,Find the supplies crate;35,setup first;35,setup second","U5_Largemart_Factory,U5_Largemart_Factory_Quests","0.11.235","TaskProgressEvent",90,"Operate the Alien Console",1
"3447","5cd70b6ee4194c2f5ff95ad5",4,"Development","8d703246-39e0-4ff5-aef9-ec166f84d182","JG8 UX8",187,"2019-05-11 07:50:30","WindowsPlayer",NA,11,"TaskEvent",0,"0.11.235",-13.6524429321289,50.0425682067871,20.976598739624,0.996493101119995,0.083676278591156,0,"History of WAT247,Find Toppo's Posters,Crash Diagnostics - Mountains,U3 - Crash Side Quest P3,Construct a Distillery at the Factory","50,watershed;49,poster1;49,poster6;46,jasper;40,Find the supplies crate;35,setup second","U5_Largemart_Factory,U5_Largemart_Factory_Quests","0.11.235","TaskProgressEvent",67,"Reverse the Water",1
"3448","5cd70b6ee4194c2f5ff95ad6",4,"Development","8d703246-39e0-4ff5-aef9-ec166f84d182","JG8 UX8",187,"2019-05-11 07:50:30","WindowsPlayer",NA,11,"TaskEvent",0,"0.11.235",-13.6524429321289,50.0425682067871,20.976598739624,0.996493101119995,0.083676278591156,0,"History of WAT247,Find Toppo's Posters,Crash Diagnostics - Mountains,U3 - Crash Side Quest P3,Construct a Distillery at the Factory","50,watershed;49,poster1;49,poster6;46,jasper;40,Find the supplies crate;35,setup second","U5_Largemart_Factory,U5_Largemart_Factory_Quests","0.11.235","TaskActiveEvent",67,"Open the 2nd Blast Door",NA
"3449","5cd70b6ee4194c2f5ff95ada",4,"Development","8d703246-39e0-4ff5-aef9-ec166f84d182","JG8 UX8",187,"2019-05-11 07:50:30","WindowsPlayer",NA,11,"TaskEvent",0,"0.11.235",-13.6524429321289,50.0425682067871,20.976598739624,0.996493101119995,0.083676278591156,0,"History of WAT247,Find Toppo's Posters,Crash Diagnostics - Mountains,U3 - Crash Side Quest P3,Construct a Distillery at the Factory","50,watershed;49,poster1;49,poster6;46,jasper;40,Find the supplies crate;35,setup second;35,setup third","U5_Largemart_Factory,U5_Largemart_Factory_Quests","0.11.235","TaskCompleteEvent",67,"Reverse the Water",NA
"3450","5cd70c09e4194c2f5ff95d4a",4,"Development","8d703246-39e0-4ff5-aef9-ec166f84d182","JG8 UX8",187,"2019-05-11 07:53:08","WindowsPlayer",NA,11,"TaskEvent",0,"0.11.235",-44.3229026794434,56.1165466308594,24.972599029541,-0.612909197807312,-0.790153622627258,0,"History of WAT247,Find Toppo's Posters,Crash Diagnostics - Mountains,U3 - Crash Side Quest P3,Construct a Distillery at the Factory","50,watershed;49,poster1;49,poster6;46,jasper;40,Find the supplies crate;35,setup fourth","U5_Largemart_Factory,U5_Largemart_Factory_Quests","0.11.235","TaskProgressEvent",67,"Open the 2nd Blast Door",1
"3451","5cd70c09e4194c2f5ff95d4b",4,"Development","8d703246-39e0-4ff5-aef9-ec166f84d182","JG8 UX8",187,"2019-05-11 07:53:08","WindowsPlayer",NA,11,"TaskEvent",0,"0.11.235",-44.3229026794434,56.1165466308594,24.972599029541,-0.612909197807312,-0.790153622627258,0,"History of WAT247,Find Toppo's Posters,Crash Diagnostics - Mountains,U3 - Crash Side Quest P3,Back at the Base","50,watershed;49,poster1;49,poster6;46,jasper;40,Find the supplies crate;69,Go to Sleep","U5_Largemart_Factory,U5_Largemart_Factory_Quests","0.11.235","TaskActiveEvent",67,"Open the 3rd Blast Door",NA
"3452","5cd70c09e4194c2f5ff95d50",4,"Development","8d703246-39e0-4ff5-aef9-ec166f84d182","JG8 UX8",187,"2019-05-11 07:53:08","WindowsPlayer",NA,11,"TaskEvent",0,"0.11.235",-44.3229026794434,56.1165466308594,24.972599029541,-0.612909197807312,-0.790153622627258,0,"History of WAT247,Find Toppo's Posters,Crash Diagnostics - Mountains,U3 - Crash Side Quest P3,Construct a Distillery at the Factory,Back at the Base","50,watershed;49,poster1;49,poster6;46,jasper;40,Find the supplies crate","U5_Largemart_Factory,U5_Largemart_Factory_Quests","0.11.235","TaskCompleteEvent",67,"Open the 2nd Blast Door",NA
"3453","5cd70c4ee4194c2f5ff95e1a",4,"Development","8d703246-39e0-4ff5-aef9-ec166f84d182","JG8 UX8",187,"2019-05-11 07:54:22","WindowsPlayer",NA,11,"TaskEvent",0,"0.11.235",5.32768535614014,-6.62184858322144,0.981964588165283,0.83610588312149,0.548568069934845,0,"History of WAT247,Find Toppo's Posters,Crash Diagnostics - Mountains,U3 - Crash Side Quest P3,Back at the Base","50,watershed;49,poster1;49,poster6;46,jasper;40,Find the supplies crate;69,Go to Sleep","PB_PlayerRoom","0.11.235","TaskProgressEvent",67,"Open the 3rd Blast Door",1
"3454","5cd70c4ee4194c2f5ff95e1b",4,"Development","8d703246-39e0-4ff5-aef9-ec166f84d182","JG8 UX8",187,"2019-05-11 07:54:22","WindowsPlayer",NA,11,"TaskEvent",0,"0.11.235",5.32768535614014,-6.62184858322144,0.981964588165283,0.83610588312149,0.548568069934845,0,"History of WAT247,Find Toppo's Posters,Crash Diagnostics - Mountains,U3 - Crash Side Quest P3","50,watershed;49,poster1;49,poster6;46,jasper;40,Find the supplies crate","PB_PlayerRoom","0.11.235","TaskProgressEvent",67,"Thaw the Ice",1
"3455","5cd70c58e4194c2f5ff95e36",4,"Development","8d703246-39e0-4ff5-aef9-ec166f84d182","JG8 UX8",187,"2019-05-11 07:54:24","WindowsPlayer",NA,11,"TaskEvent",0,"0.11.235",5.32768535614014,-6.62184858322144,0.981964588165283,0.83610588312149,0.548568069934845,0,"History of WAT247,Find Toppo's Posters,Crash Diagnostics - Mountains,U3 - Crash Side Quest P3,Check in with Toppo","50,watershed;49,poster1;49,poster6;46,jasper;40,Find the supplies crate","PB_PlayerRoom","0.11.235","TaskActiveEvent",67,"Open the 4th Blast Door",NA
"3456","5cd70ce3e4194c2f5ff96019",4,"Development","8d703246-39e0-4ff5-aef9-ec166f84d182","JG8 UX8",187,"2019-05-11 07:47:11","WindowsPlayer",NA,11,"TaskEvent",0,"0.11.235",6.26933240890503,-6.00501823425293,1.51763737201691,0.958346486091614,-0.285608410835266,0,"History of WAT247,Find Toppo's Posters,Crash Diagnostics - Mountains,U3 - Crash Side Quest P3,Convince Bill the Distillery will work","50,watershed;49,poster1;49,poster6;46,jasper;40,Find the supplies crate;33,attach hose","U5_Cave,U5_Cave_Quests,U5_Cave_Collectibles","0.11.235","TaskActiveEvent",67,"Thaw the Ice",NA
"3457","5cd70ce3e4194c2f5ff9601a",4,"Development","8d703246-39e0-4ff5-aef9-ec166f84d182","JG8 UX8",187,"2019-05-11 07:47:11","WindowsPlayer",NA,11,"TaskEvent",0,"0.11.235",6.26933240890503,-6.00501823425293,1.51763737201691,0.958346486091614,-0.285608410835266,0,"History of WAT247,Find Toppo's Posters,Crash Diagnostics - Mountains,U3 - Crash Side Quest P3,Convince Bill the Distillery will work","50,watershed;49,poster1;49,poster6;46,jasper;40,Find the supplies crate;33,attach hose","U5_Cave,U5_Cave_Quests,U5_Cave_Collectibles","0.11.235","TaskCompleteEvent",67,"Open the 3rd Blast Door",NA
"3458","5cd70ce3e4194c2f5ff9601b",4,"Development","8d703246-39e0-4ff5-aef9-ec166f84d182","JG8 UX8",187,"2019-05-11 07:47:11","WindowsPlayer",NA,11,"TaskEvent",0,"0.11.235",6.26933240890503,-6.00501823425293,1.51763737201691,0.958346486091614,-0.285608410835266,0,"History of WAT247,Find Toppo's Posters,Crash Diagnostics - Mountains,U3 - Crash Side Quest P3,Convince Bill the Distillery will work","50,watershed;49,poster1;49,poster6;46,jasper;40,Find the supplies crate;33,attach hose;33,Grab Canteen","U5_Cave,U5_Cave_Quests,U5_Cave_Collectibles","0.11.235","TaskCompleteEvent",67,"Thaw the Ice",NA
"3459","5cd70cede4194c2f5ff9603d",4,"Development","8d703246-39e0-4ff5-aef9-ec166f84d182","JG8 UX8",187,"2019-05-11 07:39:57","WindowsPlayer",NA,11,"TaskEvent",0,"0.11.235",0.154212653636932,8.23892974853516,1.6776374578476,-0.598956704139709,-0.800781846046448,0,"History of WAT247,Find Toppo's Posters,Crash Diagnostics - Mountains,U3 - Crash Side Quest P3,Bill’s Grand Idea","50,watershed;49,poster1;49,poster6;46,jasper;40,Find the supplies crate;37,Try Escape","U5_Cave,U5_Cave_Quests,U5_Cave_Collectibles","0.11.235","TaskCompleteEvent",67,"Open the 4th Blast Door",NA
"3460","5cd70cede4194c2f5ff96044",4,"Development","8d703246-39e0-4ff5-aef9-ec166f84d182","JG8 UX8",187,"2019-05-11 07:39:57","WindowsPlayer",NA,11,"TaskEvent",0,"0.11.235",0.154212653636932,8.23892974853516,1.6776374578476,-0.598956704139709,-0.800781846046448,0,"History of WAT247,Find Toppo's Posters,Crash Diagnostics - Mountains,U3 - Crash Side Quest P3,Bill’s Grand Idea,Water Crisis!","50,watershed;49,poster1;49,poster6;46,jasper;40,Find the supplies crate","U5_Cave,U5_Cave_Quests,U5_Cave_Collectibles","0.11.235","TaskActiveEvent",67,"Condense the Water",NA
"3461","5cd70cede4194c2f5ff96045",4,"Development","8d703246-39e0-4ff5-aef9-ec166f84d182","JG8 UX8",187,"2019-05-11 07:39:57","WindowsPlayer",NA,11,"TaskEvent",0,"0.11.235",0.154212653636932,8.23892974853516,1.6776374578476,-0.598956704139709,-0.800781846046448,0,"History of WAT247,Find Toppo's Posters,Crash Diagnostics - Mountains,U3 - Crash Side Quest P3,Water Crisis!","50,watershed;49,poster1;49,poster6;46,jasper;40,Find the supplies crate;32,humidity meter","U5_Cave,U5_Cave_Quests,U5_Cave_Collectibles","0.11.235","TaskProgressEvent",67,"Open the 4th Blast Door",1
"3462","5cd70e2de4194c2f5ff9652d",4,"Development","8d703246-39e0-4ff5-aef9-ec166f84d182","JG8 UX8",187,"2019-05-11 08:01:54","WindowsPlayer",NA,11,"TaskEvent",0,"0.11.235",-73.4289321899414,-102.544380187988,58.9669380187988,0.998506665229797,0.0546326041221619,0,"History of WAT247,Find Toppo's Posters,Crash Diagnostics - Mountains,U3 - Crash Side Quest P3,Check in with Toppo","50,watershed;49,poster1;49,poster6;46,jasper;40,Find the supplies crate;63,Talk with Toppo","Player_Base","0.11.235","TaskProgressEvent",67,"Close the 4th Blast Door",1
"3463","5cd70e2de4194c2f5ff96532",4,"Development","8d703246-39e0-4ff5-aef9-ec166f84d182","JG8 UX8",187,"2019-05-11 08:01:54","WindowsPlayer",NA,11,"TaskEvent",0,"0.11.235",-73.4289321899414,-102.544380187988,58.9669380187988,0.998506665229797,0.0546326041221619,0,"History of WAT247,Find Toppo's Posters,Crash Diagnostics - Mountains,U3 - Crash Side Quest P3,Check in with Toppo,Investigate Sam's Water Shortage","50,watershed;49,poster1;49,poster6;46,jasper;40,Find the supplies crate","Player_Base","0.11.235","TaskCompleteEvent",67,"Close the 4th Blast Door",NA
"3464","5cd70e2ee4194c2f5ff96539",4,"Development","8d703246-39e0-4ff5-aef9-ec166f84d182","JG8 UX8",187,"2019-05-11 08:01:54","WindowsPlayer",NA,11,"TaskEvent",0,"0.11.235",-73.4289321899414,-102.544380187988,58.9669380187988,0.998506665229797,0.0546326041221619,0,"History of WAT247,Find Toppo's Posters,Crash Diagnostics - Mountains,U3 - Crash Side Quest P3,Investigate Sam's Water Shortage","50,watershed;49,poster1;49,poster6;46,jasper;40,Find the supplies crate;64,Check Sam's Garden","Player_Base","0.11.235","TaskProgressEvent",67,"Condense the Water",1
"3465","5cd70e5ae4194c2f5ff965e1",4,"Development","8d703246-39e0-4ff5-aef9-ec166f84d182","JG8 UX8",187,"2019-05-11 08:02:55","WindowsPlayer",NA,11,"TaskEvent",0,"0.11.235",-7.92723560333252,623.750305175781,55.9760322570801,-0.770659208297729,0.637247443199158,0,"History of WAT247,Find Toppo's Posters,Crash Diagnostics - Mountains,U3 - Crash Side Quest P3,Investigate Sam's Water Shortage","50,watershed;49,poster1;49,poster6;46,jasper;40,Find the supplies crate;64,Check Sam's Garden;64,Measure the East River Levels","U3,U3_Collectibles,U3_Quests,U3_RiverSpline","0.11.235","TaskCompleteEvent",67,"Re-open the 4th Blast Door",NA
"3466","5cd70e5ae4194c2f5ff965e5",4,"Development","8d703246-39e0-4ff5-aef9-ec166f84d182","JG8 UX8",187,"2019-05-11 08:02:55","WindowsPlayer",NA,11,"TaskEvent",0,"0.11.235",-7.92723560333252,623.750305175781,55.9760322570801,-0.770659208297729,0.637247443199158,0,"History of WAT247,Find Toppo's Posters,Crash Diagnostics - Mountains,U3 - Crash Side Quest P3,Investigate Sam's Water Shortage","50,watershed;49,poster1;49,poster6;46,jasper;40,Find the supplies crate;64,Check Sam's Garden","U3,U3_Collectibles,U3_Quests,U3_RiverSpline","0.11.235","TaskActiveEvent",67,"Close the 4th Blast Door",NA
"3467","5cd70e5ae4194c2f5ff965e7",4,"Development","8d703246-39e0-4ff5-aef9-ec166f84d182","JG8 UX8",187,"2019-05-11 08:02:55","WindowsPlayer",NA,11,"TaskEvent",0,"0.11.235",-7.92723560333252,623.750305175781,55.9760322570801,-0.770659208297729,0.637247443199158,0,"History of WAT247,Find Toppo's Posters,Crash Diagnostics - Mountains,U3 - Crash Side Quest P3,Investigate Sam's Water Shortage","50,watershed;49,poster1;49,poster6;46,jasper;40,Find the supplies crate;64,Check Sam's Garden","U3,U3_Collectibles,U3_Quests,U3_RiverSpline","0.11.235","TaskCompleteEvent",67,"Condense the Water",NA
"3468","5cd70e7ee4194c2f5ff9667a",4,"Development","8d703246-39e0-4ff5-aef9-ec166f84d182","JG8 UX8",187,"2019-05-11 08:03:37","WindowsPlayer",NA,11,"TaskEvent",0,"0.11.235",98.4931793212891,592.051208496094,53.8247299194336,0.978099882602692,0.208136141300201,0,"History of WAT247,Find Toppo's Posters,Crash Diagnostics - Mountains,U3 - Crash Side Quest P3,Investigate Sam's Water Shortage","50,watershed;49,poster1;49,poster6;46,jasper;40,Find the supplies crate;64,Measure the East River Levels","U3,U3_Collectibles,U3_Quests,U3_RiverSpline","0.11.235","TaskActiveEvent",67,"Re-open the 4th Blast Door",NA
"3469","5cd70e7ee4194c2f5ff9667d",4,"Development","8d703246-39e0-4ff5-aef9-ec166f84d182","JG8 UX8",187,"2019-05-11 08:03:37","WindowsPlayer",NA,11,"TaskEvent",0,"0.11.235",98.4931793212891,592.051208496094,53.8247299194336,0.978099882602692,0.208136141300201,0,"History of WAT247,Find Toppo's Posters,Crash Diagnostics - Mountains,U3 - Crash Side Quest P3,Investigate Sam's Water Shortage","50,watershed;49,poster1;49,poster6;46,jasper;40,Find the supplies crate;64,Measure the East River Levels;64,Measure the West River Levels","U3,U3_Collectibles,U3_Quests,U3_RiverSpline","0.11.235","TaskActiveEvent",68,"Return to the Teleporter",NA
"3470","5cd70e7ee4194c2f5ff9667f",4,"Development","8d703246-39e0-4ff5-aef9-ec166f84d182","JG8 UX8",187,"2019-05-11 08:03:37","WindowsPlayer",NA,11,"TaskEvent",0,"0.11.235",98.4931793212891,592.051208496094,53.8247299194336,0.978099882602692,0.208136141300201,0,"History of WAT247,Find Toppo's Posters,Crash Diagnostics - Mountains,U3 - Crash Side Quest P3,Investigate Sam's Water Shortage","50,watershed;49,poster1;49,poster6;46,jasper;40,Find the supplies crate;64,Measure the East River Levels","U3,U3_Collectibles,U3_Quests,U3_RiverSpline","0.11.235","TaskProgressEvent",67,"Re-open the 4th Blast Door",1
"3471","5cd70ed8e4194c2f5ff967d9",4,"Development","8d703246-39e0-4ff5-aef9-ec166f84d182","JG8 UX8",187,"2019-05-11 08:05:08","WindowsPlayer",NA,11,"TaskEvent",0,"0.11.235",-385.8896484375,633.727966308594,57.3252983093262,0.104300327599049,0.994545876979828,0,"History of WAT247,Find Toppo's Posters,Crash Diagnostics - Mountains,U3 - Crash Side Quest P3,Investigate Sam's Water Shortage","50,watershed;49,poster1;49,poster6;46,jasper;40,Find the supplies crate;64,Measure the West River Levels","U3,U3_Collectibles,U3_Quests,U3_RiverSpline","0.11.235","TaskActiveEvent",68,"Talk with Toppo",NA
"3472","5cd70ed8e4194c2f5ff967da",4,"Development","8d703246-39e0-4ff5-aef9-ec166f84d182","JG8 UX8",187,"2019-05-11 08:05:08","WindowsPlayer",NA,11,"TaskEvent",0,"0.11.235",-385.8896484375,633.727966308594,57.3252983093262,0.104300327599049,0.994545876979828,0,"History of WAT247,Find Toppo's Posters,Crash Diagnostics - Mountains,U3 - Crash Side Quest P3,Investigate Sam's Water Shortage,Investigate Anderson's Water Shortage","50,watershed;49,poster1;49,poster6;46,jasper;40,Find the supplies crate","U3,U3_Collectibles,U3_Quests,U3_RiverSpline","0.11.235","TaskCompleteEvent",68,"Return to the Teleporter",NA
"3473","5cd70ed8e4194c2f5ff967e1",4,"Development","8d703246-39e0-4ff5-aef9-ec166f84d182","JG8 UX8",187,"2019-05-11 08:05:08","WindowsPlayer",NA,11,"TaskEvent",0,"0.11.235",-385.8896484375,633.727966308594,57.3252983093262,0.104300327599049,0.994545876979828,0,"History of WAT247,Find Toppo's Posters,Crash Diagnostics - Mountains,U3 - Crash Side Quest P3,Investigate Anderson's Water Shortage","50,watershed;49,poster1;49,poster6;46,jasper;40,Find the supplies crate;65,Check Anderson's Water Supply","U3,U3_Collectibles,U3_Quests,U3_RiverSpline","0.11.235","TaskProgressEvent",68,"Return to the Teleporter",1
"3474","5cd70f36e4194c2f5ff96923",4,"Development","8d703246-39e0-4ff5-aef9-ec166f84d182","JG8 UX8",187,"2019-05-11 08:06:37","WindowsPlayer",NA,11,"TaskEvent",0,"0.11.235",-530.675659179688,767.958618164062,49.3823623657227,0.994761884212494,0.0999953746795654,0.0212130695581436,"History of WAT247,Find Toppo's Posters,Crash Diagnostics - Mountains,U3 - Crash Side Quest P3,Investigate Anderson's Water Shortage","50,watershed;49,poster1;49,poster6;46,jasper;40,Find the supplies crate;65,Check Anderson's Water Supply","U4,U4_Collectibles,U4_Quests,U4_MilitaryBase","0.11.235","TaskCompleteEvent",68,"Talk with Toppo",NA
"3475","5cd70f36e4194c2f5ff96925",4,"Development","8d703246-39e0-4ff5-aef9-ec166f84d182","JG8 UX8",187,"2019-05-11 08:06:37","WindowsPlayer",NA,11,"TaskEvent",0,"0.11.235",-530.675659179688,767.958618164062,49.3823623657227,0.994761884212494,0.0999953746795654,0.0212130695581436,"History of WAT247,Find Toppo's Posters,Crash Diagnostics - Mountains,U3 - Crash Side Quest P3,Investigate Anderson's Water Shortage","50,watershed;49,poster1;49,poster6;46,jasper;40,Find the supplies crate;65,Check Anderson's Water Supply;65,Check the Bunker Water Table","U4,U4_Collectibles,U4_Quests,U4_MilitaryBase","0.11.235","TaskProgressEvent",68,"Talk with Toppo",1
"3476","5cd70f36e4194c2f5ff96927",4,"Development","8d703246-39e0-4ff5-aef9-ec166f84d182","JG8 UX8",187,"2019-05-11 08:06:37","WindowsPlayer",NA,11,"TaskEvent",0,"0.11.235",-530.675659179688,767.958618164062,49.3823623657227,0.994761884212494,0.0999953746795654,0.0212130695581436,"History of WAT247,Find Toppo's Posters,Crash Diagnostics - Mountains,U3 - Crash Side Quest P3,Investigate Anderson's Water Shortage","50,watershed;49,poster1;49,poster6;46,jasper;40,Find the supplies crate;65,Check Anderson's Water Supply","U4,U4_Collectibles,U4_Quests,U4_MilitaryBase","0.11.235","TaskCompleteEvent",61,"Head to Bed",NA
"3477","5cd710cee4194c2f5ff96f05",4,"Development","8d703246-39e0-4ff5-aef9-ec166f84d182","JG8 UX8",187,"2019-05-11 08:12:41","WindowsPlayer",NA,11,"TaskEvent",0,"0.11.235",-646.302612304688,2.49103474617004,-107.270080566406,0.587785124778748,-0.809017062187195,0,"History of WAT247,Find Toppo's Posters,Crash Diagnostics - Mountains,U3 - Crash Side Quest P3,Investigate the Water Shortage","50,watershed;49,poster1;49,poster6;46,jasper;40,Find the supplies crate;88,Check the Cave Humidity","U5_Cavern,U5_Cavern_Quests","0.11.235","TaskProgressEvent",61,"Head to Bed",1
"3478","5cd710cee4194c2f5ff96f06",4,"Development","8d703246-39e0-4ff5-aef9-ec166f84d182","JG8 UX8",187,"2019-05-11 08:12:41","WindowsPlayer",NA,11,"TaskEvent",0,"0.11.235",-646.302612304688,2.49103474617004,-107.270080566406,0.587785124778748,-0.809017062187195,0,"History of WAT247,Find Toppo's Posters,Crash Diagnostics - Mountains,U3 - Crash Side Quest P3,Investigate the Water Shortage","50,watershed;49,poster1;49,poster6;46,jasper;40,Find the supplies crate;88,Check the Cave Humidity","U5_Cavern,U5_Cavern_Quests","0.11.235","TaskActiveEvent",85,"teleport island",NA
"3479","5cd710cee4194c2f5ff96f07",4,"Development","8d703246-39e0-4ff5-aef9-ec166f84d182","JG8 UX8",187,"2019-05-11 08:12:41","WindowsPlayer",NA,11,"TaskEvent",0,"0.11.235",-646.302612304688,2.49103474617004,-107.270080566406,0.587785124778748,-0.809017062187195,0,"History of WAT247,Find Toppo's Posters,Crash Diagnostics - Mountains,U3 - Crash Side Quest P3,Investigate the Water Shortage","50,watershed;49,poster1;49,poster6;46,jasper;40,Find the supplies crate;88,Check the Cave Humidity;88,Check the Base Humidity","U5_Cavern,U5_Cavern_Quests","0.11.235","TaskActiveEvent",29,"meet",NA
"3480","5cd710d3e4194c2f5ff96f12",4,"Development","8d703246-39e0-4ff5-aef9-ec166f84d182","JG8 UX8",187,"2019-05-11 08:11:48","WindowsPlayer",NA,11,"TaskEvent",0,"0.11.235",87.239990234375,61.0410118103027,106.760375976562,0.413104802370071,-0.910683751106262,0,"History of WAT247,Find Toppo's Posters,Crash Diagnostics - Mountains,U3 - Crash Side Quest P3,Investigate the Water Shortage","50,watershed;49,poster1;49,poster6;46,jasper;40,Find the supplies crate;88,Check the Factory Humidity","U5,U5_Quests","0.11.235","TaskCompleteEvent",85,"teleport island",NA
"3481","5cd710d3e4194c2f5ff96f19",4,"Development","8d703246-39e0-4ff5-aef9-ec166f84d182","JG8 UX8",187,"2019-05-11 08:11:48","WindowsPlayer",NA,11,"TaskEvent",0,"0.11.235",87.239990234375,61.0410118103027,106.760375976562,0.413104802370071,-0.910683751106262,0,"History of WAT247,Find Toppo's Posters,Crash Diagnostics - Mountains,U3 - Crash Side Quest P3,Investigate the Water Shortage","50,watershed;49,poster1;49,poster6;46,jasper;40,Find the supplies crate;88,Check the Factory Humidity;88,Check the Cave Humidity","U5,U5_Quests","0.11.235","TaskActiveEvent",29,"talk",NA
"3482","5cd710d3e4194c2f5ff96f1c",4,"Development","8d703246-39e0-4ff5-aef9-ec166f84d182","JG8 UX8",187,"2019-05-11 08:11:48","WindowsPlayer",NA,11,"TaskEvent",0,"0.11.235",87.239990234375,61.0410118103027,106.760375976562,0.413104802370071,-0.910683751106262,0,"History of WAT247,Find Toppo's Posters,Crash Diagnostics - Mountains,U3 - Crash Side Quest P3,Investigate the Water Shortage","50,watershed;49,poster1;49,poster6;46,jasper;40,Find the supplies crate;88,Check the Factory Humidity","U5,U5_Quests","0.11.235","TaskProgressEvent",29,"meet",1
"3483","5cd7111ee4194c2f5ff9703f",4,"Development","8d703246-39e0-4ff5-aef9-ec166f84d182","JG8 UX8",187,"2019-05-11 08:14:42","WindowsPlayer",NA,11,"TaskEvent",0,"0.11.235",-70.054817199707,-100.946281433105,58.9669380187988,-0.221548080444336,-0.975149393081665,0,"History of WAT247,Find Toppo's Posters,Crash Diagnostics - Mountains,U3 - Crash Side Quest P3,Is Water Missing?","50,watershed;49,poster1;49,poster6;46,jasper;40,Find the supplies crate;89,Update the Team","Player_Base","0.11.235","TaskCompleteEvent",29,"meet",NA
"3484","5cd7111ee4194c2f5ff97041",4,"Development","8d703246-39e0-4ff5-aef9-ec166f84d182","JG8 UX8",187,"2019-05-11 08:14:42","WindowsPlayer",NA,11,"TaskEvent",0,"0.11.235",-70.054817199707,-100.946281433105,58.9669380187988,-0.221548080444336,-0.975149393081665,0,"History of WAT247,Find Toppo's Posters,Crash Diagnostics - Mountains,U3 - Crash Side Quest P3,Is Water Missing?","50,watershed;49,poster1;49,poster6;46,jasper;40,Find the supplies crate;89,Update the Team;89,Sort this Out","Player_Base","0.11.235","TaskProgressEvent",29,"talk",1
"3485","5cd7111fe4194c2f5ff97047",4,"Development","8d703246-39e0-4ff5-aef9-ec166f84d182","JG8 UX8",187,"2019-05-11 08:14:42","WindowsPlayer",NA,11,"TaskEvent",0,"0.11.235",-70.054817199707,-100.946281433105,58.9669380187988,-0.221548080444336,-0.975149393081665,0,"History of WAT247,Find Toppo's Posters,Crash Diagnostics - Mountains,U3 - Crash Side Quest P3,Is Water Missing?","50,watershed;49,poster1;49,poster6;46,jasper;40,Find the supplies crate;89,Update the Team","Player_Base","0.11.235","TaskActiveEvent",29,"unlock",NA
"3486","5cd711a0e4194c2f5ff9724b",4,"Development","8d703246-39e0-4ff5-aef9-ec166f84d182","JG8 UX8",187,"2019-05-11 08:13:37","WindowsPlayer",NA,11,"TaskEvent",0,"0.11.235",-73.5695877075195,-54.4214820861816,55.7715301513672,0.486335039138794,0.873772442340851,0,"History of WAT247,Find Toppo's Posters,Crash Diagnostics - Mountains,U3 - Crash Side Quest P3,Is Water Missing?","50,watershed;49,poster1;49,poster6;46,jasper;40,Find the supplies crate;89,Update the Team","Player_Base","0.11.235","TaskCompleteEvent",29,"talk",NA
"3487","5cd711a0e4194c2f5ff97250",4,"Development","8d703246-39e0-4ff5-aef9-ec166f84d182","JG8 UX8",187,"2019-05-11 08:13:37","WindowsPlayer",NA,11,"TaskEvent",0,"0.11.235",-73.5695877075195,-54.4214820861816,55.7715301513672,0.486335039138794,0.873772442340851,0,"History of WAT247,Find Toppo's Posters,Crash Diagnostics - Mountains,U3 - Crash Side Quest P3,Investigate the Water Shortage","50,watershed;49,poster1;49,poster6;46,jasper;40,Find the supplies crate;88,Check the Base Humidity","Player_Base","0.11.235","TaskCompleteEvent",29,"unlock",NA
"3488","5cd711a0e4194c2f5ff97252",4,"Development","8d703246-39e0-4ff5-aef9-ec166f84d182","JG8 UX8",187,"2019-05-11 08:13:37","WindowsPlayer",NA,11,"TaskEvent",0,"0.11.235",-73.5695877075195,-54.4214820861816,55.7715301513672,0.486335039138794,0.873772442340851,0,"History of WAT247,Find Toppo's Posters,Crash Diagnostics - Mountains,U3 - Crash Side Quest P3,Investigate the Water Shortage,Is Water Missing?","50,watershed;49,poster1;49,poster6;46,jasper;40,Find the supplies crate","Player_Base","0.11.235","TaskProgressEvent",29,"unlock",1
"3489","5cd71204e4194c2f5ff973da",4,"Development","8d703246-39e0-4ff5-aef9-ec166f84d182","JG8 UX8",187,"2019-05-11 08:18:35","WindowsPlayer",NA,11,"TaskEvent",0,"0.11.235",-70.054817199707,-100.946281433105,58.9669380187988,-0.221548080444336,-0.975149393081665,0,"History of WAT247,Find Toppo's Posters,Crash Diagnostics - Mountains,U3 - Crash Side Quest P3,Is Water Missing?","50,watershed;49,poster1;49,poster6;46,jasper;40,Find the supplies crate;89,Sort this Out","Player_Base","0.11.235","TaskActiveEvent",36,"Reach Seaside",NA
"3490","5cd71204e4194c2f5ff973df",4,"Development","8d703246-39e0-4ff5-aef9-ec166f84d182","JG8 UX8",187,"2019-05-11 08:18:35","WindowsPlayer",NA,11,"TaskEvent",0,"0.11.235",-70.054817199707,-100.946281433105,58.9669380187988,-0.221548080444336,-0.975149393081665,0,"History of WAT247,Find Toppo's Posters,Crash Diagnostics - Mountains,U3 - Crash Side Quest P3,Is Water Missing?","50,watershed;49,poster1;49,poster6;46,jasper;40,Find the supplies crate;89,Sort this Out","Player_Base","0.11.235","TaskProgressEvent",50,"energy",1
"3491","5cd71204e4194c2f5ff973e1",4,"Development","8d703246-39e0-4ff5-aef9-ec166f84d182","JG8 UX8",187,"2019-05-11 08:18:35","WindowsPlayer",NA,11,"TaskEvent",0,"0.11.235",-70.054817199707,-100.946281433105,58.9669380187988,-0.221548080444336,-0.975149393081665,0,"History of WAT247,Find Toppo's Posters,Crash Diagnostics - Mountains,U3 - Crash Side Quest P3,Is Water Missing?","50,watershed;49,poster1;49,poster6;46,jasper;40,Find the supplies crate;89,Sort this Out;89,Counter Him Cadet","Player_Base","0.11.235","TaskCompleteEvent",50,"energy",NA
"3492","5cd71245e4194c2f5ff974dc",4,"Development","8d703246-39e0-4ff5-aef9-ec166f84d182","JG8 UX8",187,"2019-05-11 08:19:39","WindowsPlayer",NA,11,"TaskEvent",0,"0.11.235",-70.054817199707,-100.946281433105,58.9669380187988,-0.221548080444336,-0.975149393081665,0,"History of WAT247,Find Toppo's Posters,Crash Diagnostics - Mountains,U3 - Crash Side Quest P3,Is Water Missing?","50,watershed;49,poster1;49,poster6;46,jasper;40,Find the supplies crate;89,Counter Him Cadet","Player_Base","0.11.235","TaskCompleteEvent",36,"Reach Seaside",NA
"3493","5cd71245e4194c2f5ff974de",4,"Development","8d703246-39e0-4ff5-aef9-ec166f84d182","JG8 UX8",187,"2019-05-11 08:19:39","WindowsPlayer",NA,11,"TaskEvent",0,"0.11.235",-70.054817199707,-100.946281433105,58.9669380187988,-0.221548080444336,-0.975149393081665,0,"History of WAT247,Find Toppo's Posters,Crash Diagnostics - Mountains,U3 - Crash Side Quest P3,Is Water Missing?","50,watershed;49,poster1;49,poster6;46,jasper;40,Find the supplies crate;89,Counter Him Cadet","Player_Base","0.11.235","TaskProgressEvent",36,"Reach Seaside",1
"3494","5cd71246e4194c2f5ff974e7",4,"Development","8d703246-39e0-4ff5-aef9-ec166f84d182","JG8 UX8",187,"2019-05-11 08:19:39","WindowsPlayer",NA,11,"TaskEvent",0,"0.11.235",-70.054817199707,-100.946281433105,58.9669380187988,-0.221548080444336,-0.975149393081665,0,"History of WAT247,Find Toppo's Posters,Crash Diagnostics - Mountains,U3 - Crash Side Quest P3,Is Water Missing?","50,watershed;49,poster1;49,poster6;46,jasper;40,Find the supplies crate;89,Counter Him Cadet;89,Is the Water Missing?","Player_Base","0.11.235","TaskActiveEvent",36,"Condense Humidity",NA
"3495","5cd7124be4194c2f5ff974f6",4,"Development","8d703246-39e0-4ff5-aef9-ec166f84d182","JG8 UX8",187,"2019-05-11 08:07:40","WindowsPlayer",NA,11,"TaskEvent",0,"0.11.235",-558.7451171875,-24.3973541259766,27.412748336792,0.115585386753082,-0.993294537067413,0.00246484484523535,"History of WAT247,Find Toppo's Posters,Crash Diagnostics - Mountains,U3 - Crash Side Quest P3,Investigate Anderson's Water Shortage","50,watershed;49,poster1;49,poster6;46,jasper;40,Find the supplies crate;65,Check the Bunker Water Table","U4,U4_Collectibles,U4_Quests","0.11.235","TaskProgressEvent",36,"Condense Humidity",1
"3496","5cd7124be4194c2f5ff974f7",4,"Development","8d703246-39e0-4ff5-aef9-ec166f84d182","JG8 UX8",187,"2019-05-11 08:07:40","WindowsPlayer",NA,11,"TaskEvent",0,"0.11.235",-558.7451171875,-24.3973541259766,27.412748336792,0.115585386753082,-0.993294537067413,0.00246484484523535,"History of WAT247,Find Toppo's Posters,Crash Diagnostics - Mountains,U3 - Crash Side Quest P3,Investigate Anderson's Water Shortage","50,watershed;49,poster1;49,poster6;46,jasper;40,Find the supplies crate;65,Check the Bunker Water Table;65,Check the Ruins Water Table","U4,U4_Collectibles,U4_Quests","0.11.235","TaskActiveEvent",36,"Evaporate Water",NA
"3497","5cd7124be4194c2f5ff974ff",4,"Development","8d703246-39e0-4ff5-aef9-ec166f84d182","JG8 UX8",187,"2019-05-11 08:07:40","WindowsPlayer",NA,11,"TaskEvent",0,"0.11.235",-558.7451171875,-24.3973541259766,27.412748336792,0.115585386753082,-0.993294537067413,0.00246484484523535,"History of WAT247,Find Toppo's Posters,Crash Diagnostics - Mountains,U3 - Crash Side Quest P3,Investigate Anderson's Water Shortage","50,watershed;49,poster1;49,poster6;46,jasper;40,Find the supplies crate;65,Check the Bunker Water Table","U4,U4_Collectibles,U4_Quests","0.11.235","TaskCompleteEvent",36,"Condense Humidity",NA
"3498","5cd71304e4194c2f5ff977d9",4,"Development","8d703246-39e0-4ff5-aef9-ec166f84d182","JG8 UX8",187,"2019-05-11 08:22:49","WindowsPlayer",NA,11,"TaskEvent",0,"0.11.235",-70.054817199707,-100.946281433105,58.9669380187988,-0.221548080444336,-0.975149393081665,0,"History of WAT247,Find Toppo's Posters,Crash Diagnostics - Mountains,U3 - Crash Side Quest P3,Is Water Missing?,Jasper's Discovery","50,watershed;49,poster1;49,poster6;46,jasper;40,Find the supplies crate","Player_Base","0.11.235","TaskProgressEvent",36,"Evaporate Water",1
"3499","5cd71304e4194c2f5ff977df",4,"Development","8d703246-39e0-4ff5-aef9-ec166f84d182","JG8 UX8",187,"2019-05-11 08:22:49","WindowsPlayer",NA,11,"TaskEvent",0,"0.11.235",-70.054817199707,-100.946281433105,58.9669380187988,-0.221548080444336,-0.975149393081665,0,"History of WAT247,Find Toppo's Posters,Crash Diagnostics - Mountains,U3 - Crash Side Quest P3,Is Water Missing?","50,watershed;49,poster1;49,poster6;46,jasper;40,Find the supplies crate;89,Is the Water Missing?","Player_Base","0.11.235","TaskActiveEvent",36,"Transport Water",NA
"3500","5cd71304e4194c2f5ff977e0",4,"Development","8d703246-39e0-4ff5-aef9-ec166f84d182","JG8 UX8",187,"2019-05-11 08:22:49","WindowsPlayer",NA,11,"TaskEvent",0,"0.11.235",-70.054817199707,-100.946281433105,58.9669380187988,-0.221548080444336,-0.975149393081665,0,"History of WAT247,Find Toppo's Posters,Crash Diagnostics - Mountains,U3 - Crash Side Quest P3,Jasper's Discovery","50,watershed;49,poster1;49,poster6;46,jasper;40,Find the supplies crate;66,Follow Jasper","Player_Base","0.11.235","TaskCompleteEvent",36,"Evaporate Water",NA
"3501","5cd71363e4194c2f5ff9795a",4,"Development","8d703246-39e0-4ff5-aef9-ec166f84d182","JG8 UX8",187,"2019-05-11 07:43:14","WindowsPlayer",NA,11,"TaskEvent",0,"0.11.235",10.1096820831299,-5.81486511230469,1.9742374420166,0.263953059911728,-0.964535593986511,0,"History of WAT247,Find Toppo's Posters,Crash Diagnostics - Mountains,U3 - Crash Side Quest P3,Water Crisis!","50,watershed;49,poster1;49,poster6;46,jasper;40,Find the supplies crate;32,fill pan","U5_Cave,U5_Cave_Quests,U5_Cave_Collectibles","0.11.235","TaskCompleteEvent",36,"Transport Water",NA
"3502","5cd71363e4194c2f5ff9795b",4,"Development","8d703246-39e0-4ff5-aef9-ec166f84d182","JG8 UX8",187,"2019-05-11 07:43:14","WindowsPlayer",NA,11,"TaskEvent",0,"0.11.235",10.1096820831299,-5.81486511230469,1.9742374420166,0.263953059911728,-0.964535593986511,0,"History of WAT247,Find Toppo's Posters,Crash Diagnostics - Mountains,U3 - Crash Side Quest P3,Water Crisis!","50,watershed;49,poster1;49,poster6;46,jasper;40,Find the supplies crate;32,fill pan;32,Find Rock","U5_Cave,U5_Cave_Quests,U5_Cave_Collectibles","0.11.235","TaskProgressEvent",36,"Transport Water",1
"3503","5cd71363e4194c2f5ff97961",4,"Development","8d703246-39e0-4ff5-aef9-ec166f84d182","JG8 UX8",187,"2019-05-11 07:43:14","WindowsPlayer",NA,11,"TaskEvent",0,"0.11.235",10.1096820831299,-5.81486511230469,1.9742374420166,0.263953059911728,-0.964535593986511,0,"History of WAT247,Find Toppo's Posters,Crash Diagnostics - Mountains,U3 - Crash Side Quest P3,Water Crisis!","50,watershed;49,poster1;49,poster6;46,jasper;40,Find the supplies crate;32,fill pan","U5_Cave,U5_Cave_Quests,U5_Cave_Collectibles","0.11.235","TaskActiveEvent",36,"Start Fountain",NA
"3504","5cd7137fe4194c2f5ff979a9",4,"Development","8d703246-39e0-4ff5-aef9-ec166f84d182","JG8 UX8",187,"2019-05-11 08:24:53","WindowsPlayer",NA,11,"TaskEvent",0,"0.11.235",-70.054817199707,-100.946281433105,58.9669380187988,0.985703647136688,-0.1684889793396,0,"History of WAT247,Find Toppo's Posters,Crash Diagnostics - Mountains,U3 - Crash Side Quest P3,Jasper's Discovery","50,watershed;49,poster1;49,poster6;46,jasper;40,Find the supplies crate;66,Follow Jasper","Player_Base,U2","0.11.235","TaskProgressEvent",36,"Start Fountain",1
"3505","5cd7137fe4194c2f5ff979aa",4,"Development","8d703246-39e0-4ff5-aef9-ec166f84d182","JG8 UX8",187,"2019-05-11 08:24:53","WindowsPlayer",NA,11,"TaskEvent",0,"0.11.235",-70.054817199707,-100.946281433105,58.9669380187988,0.985703647136688,-0.1684889793396,0,"History of WAT247,Find Toppo's Posters,Crash Diagnostics - Mountains,U3 - Crash Side Quest P3,Jasper's Discovery","50,watershed;49,poster1;49,poster6;46,jasper;40,Find the supplies crate;66,Follow Jasper;66,Gain Entrance to the New Ruins","Player_Base,U2","0.11.235","TaskActiveEvent",36,"Talk Bill",NA
"3506","5cd7137fe4194c2f5ff979b2",4,"Development","8d703246-39e0-4ff5-aef9-ec166f84d182","JG8 UX8",187,"2019-05-11 08:24:53","WindowsPlayer",NA,11,"TaskEvent",0,"0.11.235",-70.054817199707,-100.946281433105,58.9669380187988,0.985703647136688,-0.1684889793396,0,"History of WAT247,Find Toppo's Posters,Crash Diagnostics - Mountains,U3 - Crash Side Quest P3,Jasper's Discovery","50,watershed;49,poster1;49,poster6;46,jasper;40,Find the supplies crate;66,Follow Jasper","Player_Base,U2","0.11.235","TaskCompleteEvent",36,"Start Fountain",NA
"3507","5cd7139de4194c2f5ff97a29",4,"Development","8d703246-39e0-4ff5-aef9-ec166f84d182","JG8 UX8",187,"2019-05-11 08:25:28","WindowsPlayer",NA,11,"TaskEvent",0,"0.11.235",1120.04125976562,923.945922851562,140.453842163086,-0.994702935218811,0.102792322635651,0,"Find Toppo's Posters,Crash Diagnostics - Mountains,U3 - Crash Side Quest P3,Jasper's Discovery","49,poster1;49,poster6;46,jasper;40,Find the supplies crate;66,Gain Entrance to the New Ruins","U2,U2_Collectibles,U2_Quests","0.11.235","TaskProgressEvent",36,"Talk Bill",1
"3508","5cd7139de4194c2f5ff97a2c",4,"Development","8d703246-39e0-4ff5-aef9-ec166f84d182","JG8 UX8",187,"2019-05-11 08:25:28","WindowsPlayer",NA,11,"TaskEvent",0,"0.11.235",1120.04125976562,923.945922851562,140.453842163086,-0.994702935218811,0.102792322635651,0,"History of WAT247,Find Toppo's Posters,Crash Diagnostics - Mountains,U3 - Crash Side Quest P3,Jasper's Discovery","50,watershed;49,poster1;49,poster6;46,jasper;40,Find the supplies crate;66,Gain Entrance to the New Ruins","U2,U2_Collectibles,U2_Quests","0.11.235","TaskCompleteEvent",36,"Talk Bill",NA
"3509","5cd713cae4194c2f5ff97ad9",4,"Development","8d703246-39e0-4ff5-aef9-ec166f84d182","JG8 UX8",187,"2019-05-11 07:55:05","WindowsPlayer",NA,11,"TaskEvent",0,"0.11.235",-57.0714340209961,-159.925674438477,60.4097557067871,0.0291119068861008,0.999576151371002,0,"History of WAT247,Find Toppo's Posters,Crash Diagnostics - Mountains,U3 - Crash Side Quest P3,Check in with Toppo","50,watershed;49,poster1;49,poster6;46,jasper;40,Find the supplies crate;63,Leave your house","Player_Base","0.11.235","TaskActiveEvent",37,"bill outside cavern",NA
"3510","5cd713cae4194c2f5ff97ada",4,"Development","8d703246-39e0-4ff5-aef9-ec166f84d182","JG8 UX8",187,"2019-05-11 07:55:05","WindowsPlayer",NA,11,"TaskEvent",0,"0.11.235",-57.0714340209961,-159.925674438477,60.4097557067871,0.0291119068861008,0.999576151371002,0,"History of WAT247,Find Toppo's Posters,Crash Diagnostics - Mountains,U3 - Crash Side Quest P3,Check in with Toppo","50,watershed;49,poster1;49,poster6;46,jasper;40,Find the supplies crate;63,Leave your house","Player_Base","0.11.235","TaskCompleteEvent",37,"bill outside cavern",NA
"3511","5cd713cae4194c2f5ff97adb",4,"Development","8d703246-39e0-4ff5-aef9-ec166f84d182","JG8 UX8",187,"2019-05-11 07:55:05","WindowsPlayer",NA,11,"TaskEvent",0,"0.11.235",-57.0714340209961,-159.925674438477,60.4097557067871,0.0291119068861008,0.999576151371002,0,"History of WAT247,Find Toppo's Posters,Crash Diagnostics - Mountains,U3 - Crash Side Quest P3,Check in with Toppo","50,watershed;49,poster1;49,poster6;46,jasper;40,Find the supplies crate;63,Leave your house;63,Talk with Toppo","Player_Base","0.11.235","TaskProgressEvent",37,"bill outside cavern",1
"3512","5cd71599e4194c2f5ff981db",4,"Development","8d703246-39e0-4ff5-aef9-ec166f84d182","JG8 UX8",187,"2019-05-11 08:33:45","WindowsPlayer",NA,11,"TaskEvent",0,"0.11.235",4.71327924728394,-7.19842004776001,5.20984315872192,0.996917545795441,-0.0784560441970825,0,"Find Toppo's Posters,Crash Diagnostics - Mountains,U3 - Crash Side Quest P3,Jasper's Discovery","49,poster1;49,poster6;46,jasper;40,Find the supplies crate;66,Enter the Alien Teleporter","U6_Dungeon,U6_Moon","0.11.235","TaskActiveEvent",37,"meet Bill",NA
"3513","5cd71599e4194c2f5ff981dd",4,"Development","8d703246-39e0-4ff5-aef9-ec166f84d182","JG8 UX8",187,"2019-05-11 08:33:45","WindowsPlayer",NA,11,"TaskEvent",0,"0.11.235",4.71327924728394,-7.19842004776001,5.20984315872192,0.996917545795441,-0.0784560441970825,0,"Find Toppo's Posters,Crash Diagnostics - Mountains,U3 - Crash Side Quest P3,Jasper's Discovery,Into the Unknown!","49,poster1;49,poster6;46,jasper;40,Find the supplies crate","U6_Dungeon,U6_Moon","0.11.235","TaskProgressEvent",37,"meet Bill",1
"3514","5cd71599e4194c2f5ff981e9",4,"Development","8d703246-39e0-4ff5-aef9-ec166f84d182","JG8 UX8",187,"2019-05-11 08:33:45","WindowsPlayer",NA,11,"TaskEvent",0,"0.11.235",4.71327924728394,-7.19842004776001,5.20984315872192,0.996917545795441,-0.0784560441970825,0,"Find Toppo's Posters,Crash Diagnostics - Mountains,U3 - Crash Side Quest P3,Into the Unknown!","49,poster1;49,poster6;46,jasper;40,Find the supplies crate;90,Enter the Alien Base","U6_Dungeon,U6_Moon","0.11.235","TaskCompleteEvent",37,"meet Bill",NA
"3515","5cd715d0e4194c2f5ff982b8",4,"Development","8d703246-39e0-4ff5-aef9-ec166f84d182","JG8 UX8",187,"2019-05-11 08:34:47","WindowsPlayer",NA,11,"TaskEvent",0,"0.11.235",0.451060593128204,133.362915039062,0.980000019073486,-0.149535641074181,0.988756358623505,0,"Find Toppo's Posters,Crash Diagnostics - Mountains,U3 - Crash Side Quest P3,Into the Unknown!","49,poster1;49,poster6;46,jasper;40,Find the supplies crate;90,Enter the Alien Base","U6_Moon,U6_Moon_Quest,U6_MoonBase","0.11.235","TaskActiveEvent",37,"Try Escape",NA
"3516","5cd715d0e4194c2f5ff982b9",4,"Development","8d703246-39e0-4ff5-aef9-ec166f84d182","JG8 UX8",187,"2019-05-11 08:34:47","WindowsPlayer",NA,11,"TaskEvent",0,"0.11.235",0.451060593128204,133.362915039062,0.980000019073486,-0.149535641074181,0.988756358623505,0,"Find Toppo's Posters,Crash Diagnostics - Mountains,U3 - Crash Side Quest P3,Into the Unknown!","49,poster1;49,poster6;46,jasper;40,Find the supplies crate;90,Enter the Alien Base","U6_Moon,U6_Moon_Quest,U6_MoonBase","0.11.235","TaskActiveEvent",32,"humidity meter",NA
"3517","5cd715d0e4194c2f5ff982bb",4,"Development","8d703246-39e0-4ff5-aef9-ec166f84d182","JG8 UX8",187,"2019-05-11 08:34:47","WindowsPlayer",NA,11,"TaskEvent",0,"0.11.235",0.451060593128204,133.362915039062,0.980000019073486,-0.149535641074181,0.988756358623505,0,"Find Toppo's Posters,Crash Diagnostics - Mountains,U3 - Crash Side Quest P3,Into the Unknown!","49,poster1;49,poster6;46,jasper;40,Find the supplies crate;90,Enter the Alien Base;90,Operate the Alien Console","U6_Moon,U6_Moon_Quest,U6_MoonBase","0.11.235","TaskProgressEvent",37,"Try Escape",1
"3518","5cd7162fe4194c2f5ff9843f",4,"Development","8d703246-39e0-4ff5-aef9-ec166f84d182","JG8 UX8",187,"2019-05-11 08:36:23","WindowsPlayer",NA,11,"TaskEvent",0,"0.11.235",0.21500027179718,672.383544921875,-25.1720428466797,0.207911416888237,0.978147685527802,0,"Find Toppo's Posters,Crash Diagnostics - Mountains,U3 - Crash Side Quest P3,Save the Water!","49,poster1;49,poster6;46,jasper;40,Find the supplies crate;67,Open the 2nd Blast Door","U6_Moon,U6_Moon_Quest,U6_MoonBase","0.11.235","TaskCompleteEvent",37,"Try Escape",NA
"3519","5cd7162fe4194c2f5ff98440",4,"Development","8d703246-39e0-4ff5-aef9-ec166f84d182","JG8 UX8",187,"2019-05-11 08:36:23","WindowsPlayer",NA,11,"TaskEvent",0,"0.11.235",0.21500027179718,672.383544921875,-25.1720428466797,0.207911416888237,0.978147685527802,0,"Find Toppo's Posters,Crash Diagnostics - Mountains,U3 - Crash Side Quest P3,Save the Water!","49,poster1;49,poster6;46,jasper;40,Find the supplies crate;67,Open the 2nd Blast Door","U6_Moon,U6_Moon_Quest,U6_MoonBase","0.11.235","TaskCompleteEvent",32,"humidity meter",NA
"3520","5cd7162fe4194c2f5ff98441",4,"Development","8d703246-39e0-4ff5-aef9-ec166f84d182","JG8 UX8",187,"2019-05-11 08:36:23","WindowsPlayer",NA,11,"TaskEvent",0,"0.11.235",0.21500027179718,672.383544921875,-25.1720428466797,0.207911416888237,0.978147685527802,0,"Find Toppo's Posters,Crash Diagnostics - Mountains,U3 - Crash Side Quest P3,Save the Water!","49,poster1;49,poster6;46,jasper;40,Find the supplies crate;67,Open the 2nd Blast Door;67,Open the 3rd Blast Door","U6_Moon,U6_Moon_Quest,U6_MoonBase","0.11.235","TaskProgressEvent",32,"humidity meter",1
"3521","5cd71648e4194c2f5ff984a1",4,"Development","8d703246-39e0-4ff5-aef9-ec166f84d182","JG8 UX8",187,"2019-05-11 08:36:43","WindowsPlayer",NA,11,"TaskEvent",0,"0.11.235",0.21500027179718,672.383544921875,-25.1720428466797,0.207911416888237,0.978147685527802,0,"Find Toppo's Posters,Crash Diagnostics - Mountains,U3 - Crash Side Quest P3,Save the Water!","49,poster1;49,poster6;46,jasper;40,Find the supplies crate;67,Open the 3rd Blast Door","U6_Moon,U6_Moon_Quest,U6_MoonBase","0.11.235","TaskActiveEvent",32,"pan",NA
"3522","5cd71648e4194c2f5ff984a2",4,"Development","8d703246-39e0-4ff5-aef9-ec166f84d182","JG8 UX8",187,"2019-05-11 08:36:43","WindowsPlayer",NA,11,"TaskEvent",0,"0.11.235",0.21500027179718,672.383544921875,-25.1720428466797,0.207911416888237,0.978147685527802,0,"Find Toppo's Posters,Crash Diagnostics - Mountains,U3 - Crash Side Quest P3,Save the Water!","49,poster1;49,poster6;46,jasper;40,Find the supplies crate;67,Open the 3rd Blast Door;67,Thaw the Ice","U6_Moon,U6_Moon_Quest,U6_MoonBase","0.11.235","TaskProgressEvent",32,"pan",1
"3523","5cd71648e4194c2f5ff984a9",4,"Development","8d703246-39e0-4ff5-aef9-ec166f84d182","JG8 UX8",187,"2019-05-11 08:36:43","WindowsPlayer",NA,11,"TaskEvent",0,"0.11.235",0.21500027179718,672.383544921875,-25.1720428466797,0.207911416888237,0.978147685527802,0,"Find Toppo's Posters,Crash Diagnostics - Mountains,U3 - Crash Side Quest P3,Save the Water!","49,poster1;49,poster6;46,jasper;40,Find the supplies crate;67,Open the 3rd Blast Door","U6_Moon,U6_Moon_Quest,U6_MoonBase","0.11.235","TaskCompleteEvent",32,"pan",NA
"3524","5cd71652e4194c2f5ff984c1",4,"Development","8d703246-39e0-4ff5-aef9-ec166f84d182","JG8 UX8",187,"2019-05-11 08:36:55","WindowsPlayer",NA,11,"TaskEvent",0,"0.11.235",0.21500027179718,672.383544921875,-25.1720428466797,0.207911416888237,0.978147685527802,0,"Find Toppo's Posters,Crash Diagnostics - Mountains,U3 - Crash Side Quest P3,Save the Water!","49,poster1;49,poster6;46,jasper;40,Find the supplies crate;67,Thaw the Ice","U6_Moon,U6_Moon_Quest,U6_MoonBase","0.11.235","TaskActiveEvent",32,"fill pan",NA
"3525","5cd71652e4194c2f5ff984c2",4,"Development","8d703246-39e0-4ff5-aef9-ec166f84d182","JG8 UX8",187,"2019-05-11 08:36:55","WindowsPlayer",NA,11,"TaskEvent",0,"0.11.235",0.21500027179718,672.383544921875,-25.1720428466797,0.207911416888237,0.978147685527802,0,"Find Toppo's Posters,Crash Diagnostics - Mountains,U3 - Crash Side Quest P3,Save the Water!","49,poster1;49,poster6;46,jasper;40,Find the supplies crate;67,Thaw the Ice;67,Open the 4th Blast Door","U6_Moon,U6_Moon_Quest,U6_MoonBase","0.11.235","TaskActiveEvent",32,"Find Rock",NA
"3526","5cd71652e4194c2f5ff984c4",4,"Development","8d703246-39e0-4ff5-aef9-ec166f84d182","JG8 UX8",187,"2019-05-11 08:36:55","WindowsPlayer",NA,11,"TaskEvent",0,"0.11.235",0.21500027179718,672.383544921875,-25.1720428466797,0.207911416888237,0.978147685527802,0,"Find Toppo's Posters,Crash Diagnostics - Mountains,U3 - Crash Side Quest P3,Save the Water!","49,poster1;49,poster6;46,jasper;40,Find the supplies crate;67,Thaw the Ice","U6_Moon,U6_Moon_Quest,U6_MoonBase","0.11.235","TaskCompleteEvent",32,"fill pan",NA
"3527","5cd716b9e4194c2f5ff9861a",4,"Development","8d703246-39e0-4ff5-aef9-ec166f84d182","JG8 UX8",187,"2019-05-11 08:38:26","WindowsPlayer",NA,11,"TaskEvent",0,"0.11.235",-1.33844220638275,-0.0604782104492188,2.70984315872192,0.0767191424965858,-0.997052788734436,0,"Find Toppo's Posters,Crash Diagnostics - Mountains,U3 - Crash Side Quest P3,Escape the Moon","49,poster1;49,poster6;46,jasper;40,Find the supplies crate;68,Return to the Teleporter","U6_Moon,U6_Moon_Quest,U6_MoonBase","0.11.235","TaskProgressEvent",32,"fill pan",1
"3528","5cd716b9e4194c2f5ff98620",4,"Development","8d703246-39e0-4ff5-aef9-ec166f84d182","JG8 UX8",187,"2019-05-11 08:38:26","WindowsPlayer",NA,11,"TaskEvent",0,"0.11.235",-1.33844220638275,-0.0604782104492188,2.70984315872192,0.0767191424965858,-0.997052788734436,0,"Find Toppo's Posters,Crash Diagnostics - Mountains,U3 - Crash Side Quest P3,Escape the Moon","49,poster1;49,poster6;46,jasper;40,Find the supplies crate;68,Return to the Teleporter;68,Talk with Toppo","U6_Moon,U6_Moon_Quest,U6_MoonBase","0.11.235","TaskActiveEvent",32,"Drill hole",NA
"3529","5cd716bae4194c2f5ff98625",4,"Development","8d703246-39e0-4ff5-aef9-ec166f84d182","JG8 UX8",187,"2019-05-11 08:38:26","WindowsPlayer",NA,11,"TaskEvent",0,"0.11.235",-1.33844220638275,-0.0604782104492188,2.70984315872192,0.0767191424965858,-0.997052788734436,0,"Find Toppo's Posters,Crash Diagnostics - Mountains,U3 - Crash Side Quest P3,Escape the Moon","49,poster1;49,poster6;46,jasper;40,Find the supplies crate;68,Return to the Teleporter","U6_Moon,U6_Moon_Quest,U6_MoonBase","0.11.235","TaskProgressEvent",32,"Find Rock",1
"3530","5cd716f5e4194c2f5ff98707",4,"Development","8d703246-39e0-4ff5-aef9-ec166f84d182","JG8 UX8",187,"2019-05-11 08:37:26","WindowsPlayer",NA,11,"TaskEvent",0,"0.11.235",0.21500027179718,672.383544921875,-25.1720428466797,0.207911416888237,0.978147685527802,0,"Find Toppo's Posters,Crash Diagnostics - Mountains,U3 - Crash Side Quest P3,Save the Water!","49,poster1;49,poster6;46,jasper;40,Find the supplies crate;67,Close the 4th Blast Door","U6_Moon,U6_Moon_Quest,U6_MoonBase","0.11.235","TaskCompleteEvent",32,"Find Rock",NA
"3531","5cd716f5e4194c2f5ff98708",4,"Development","8d703246-39e0-4ff5-aef9-ec166f84d182","JG8 UX8",187,"2019-05-11 08:37:26","WindowsPlayer",NA,11,"TaskEvent",0,"0.11.235",0.21500027179718,672.383544921875,-25.1720428466797,0.207911416888237,0.978147685527802,0,"Find Toppo's Posters,Crash Diagnostics - Mountains,U3 - Crash Side Quest P3,Save the Water!","49,poster1;49,poster6;46,jasper;40,Find the supplies crate;67,Condense the Water","U6_Moon,U6_Moon_Quest,U6_MoonBase","0.11.235","TaskActiveEvent",32,"check humidity again",NA
"3532","5cd716f5e4194c2f5ff98709",4,"Development","8d703246-39e0-4ff5-aef9-ec166f84d182","JG8 UX8",187,"2019-05-11 08:37:26","WindowsPlayer",NA,11,"TaskEvent",0,"0.11.235",0.21500027179718,672.383544921875,-25.1720428466797,0.207911416888237,0.978147685527802,0,"Find Toppo's Posters,Crash Diagnostics - Mountains,U3 - Crash Side Quest P3,Save the Water!","49,poster1;49,poster6;46,jasper;40,Find the supplies crate;67,Condense the Water;67,Re-open the 4th Blast Door","U6_Moon,U6_Moon_Quest,U6_MoonBase","0.11.235","TaskProgressEvent",32,"Drill hole",1
"3533","5cd716f5e4194c2f5ff9870e",4,"Development","8d703246-39e0-4ff5-aef9-ec166f84d182","JG8 UX8",187,"2019-05-11 08:37:26","WindowsPlayer",NA,11,"TaskEvent",0,"0.11.235",0.21500027179718,672.383544921875,-25.1720428466797,0.207911416888237,0.978147685527802,0,"Find Toppo's Posters,Crash Diagnostics - Mountains,U3 - Crash Side Quest P3,Save the Water!","49,poster1;49,poster6;46,jasper;40,Find the supplies crate;67,Close the 4th Blast Door","U6_Moon,U6_Moon_Quest,U6_MoonBase","0.11.235","TaskCompleteEvent",32,"Drill hole",NA
"3534","5cd716f5e4194c2f5ff9870f",4,"Development","8d703246-39e0-4ff5-aef9-ec166f84d182","JG8 UX8",187,"2019-05-11 08:37:26","WindowsPlayer",NA,11,"TaskEvent",0,"0.11.235",0.21500027179718,672.383544921875,-25.1720428466797,0.207911416888237,0.978147685527802,0,"Find Toppo's Posters,Crash Diagnostics - Mountains,U3 - Crash Side Quest P3,Save the Water!","49,poster1;49,poster6;46,jasper;40,Find the supplies crate;67,Close the 4th Blast Door;67,Condense the Water","U6_Moon,U6_Moon_Quest,U6_MoonBase","0.11.235","TaskCompleteEvent",32,"check humidity again",NA
"3535","5cd716f5e4194c2f5ff98710",4,"Development","8d703246-39e0-4ff5-aef9-ec166f84d182","JG8 UX8",187,"2019-05-11 08:37:26","WindowsPlayer",NA,11,"TaskEvent",0,"0.11.235",0.21500027179718,672.383544921875,-25.1720428466797,0.207911416888237,0.978147685527802,0,"Find Toppo's Posters,Crash Diagnostics - Mountains,U3 - Crash Side Quest P3,Save the Water!","49,poster1;49,poster6;46,jasper;40,Find the supplies crate;67,Condense the Water","U6_Moon,U6_Moon_Quest,U6_MoonBase","0.11.235","TaskActiveEvent",33,"convince bill",NA
"3536","5cd716f5e4194c2f5ff98711",4,"Development","8d703246-39e0-4ff5-aef9-ec166f84d182","JG8 UX8",187,"2019-05-11 08:37:26","WindowsPlayer",NA,11,"TaskEvent",0,"0.11.235",0.21500027179718,672.383544921875,-25.1720428466797,0.207911416888237,0.978147685527802,0,"Find Toppo's Posters,Crash Diagnostics - Mountains,U3 - Crash Side Quest P3,Save the Water!","49,poster1;49,poster6;46,jasper;40,Find the supplies crate;67,Re-open the 4th Blast Door","U6_Moon,U6_Moon_Quest,U6_MoonBase","0.11.235","TaskProgressEvent",32,"check humidity again",1
"3537","5cd716f5e4194c2f5ff98712",4,"Development","8d703246-39e0-4ff5-aef9-ec166f84d182","JG8 UX8",187,"2019-05-11 08:37:26","WindowsPlayer",NA,11,"TaskEvent",0,"0.11.235",0.21500027179718,672.383544921875,-25.1720428466797,0.207911416888237,0.978147685527802,0,"Find Toppo's Posters,Crash Diagnostics - Mountains,U3 - Crash Side Quest P3,Save the Water!,Escape the Moon","49,poster1;49,poster6;46,jasper;40,Find the supplies crate","U6_Moon,U6_Moon_Quest,U6_MoonBase","0.11.235","TaskProgressEvent",33,"convince bill",1
"3538","5cd716f6e4194c2f5ff98718",4,"Development","8d703246-39e0-4ff5-aef9-ec166f84d182","JG8 UX8",187,"2019-05-11 08:37:26","WindowsPlayer",NA,11,"TaskEvent",0,"0.11.235",0.21500027179718,672.383544921875,-25.1720428466797,0.207911416888237,0.978147685527802,0,"Find Toppo's Posters,Crash Diagnostics - Mountains,U3 - Crash Side Quest P3,Escape the Moon","49,poster1;49,poster6;46,jasper;40,Find the supplies crate;68,Return to the Teleporter","U6_Moon,U6_Moon_Quest,U6_MoonBase","0.11.235","TaskActiveEvent",33,"Make a hole in the pan",NA
"3539","5cd717bbe4194c2f5ff98a21",4,"Development","8d703246-39e0-4ff5-aef9-ec166f84d182","JG8 UX8",187,"2019-05-11 08:35:58","WindowsPlayer",NA,11,"TaskEvent",0,"0.11.235",0.21500027179718,672.383544921875,-25.1720428466797,0.207911416888237,0.978147685527802,0,"Find Toppo's Posters,Crash Diagnostics - Mountains,U3 - Crash Side Quest P3,Save the Water!","49,poster1;49,poster6;46,jasper;40,Find the supplies crate;67,Reverse the Water","U6_Moon,U6_Moon_Quest,U6_MoonBase","0.11.235","TaskCompleteEvent",33,"convince bill",NA
"3540","5cd717bbe4194c2f5ff98a22",4,"Development","8d703246-39e0-4ff5-aef9-ec166f84d182","JG8 UX8",187,"2019-05-11 08:35:58","WindowsPlayer",NA,11,"TaskEvent",0,"0.11.235",0.21500027179718,672.383544921875,-25.1720428466797,0.207911416888237,0.978147685527802,0,"Find Toppo's Posters,Crash Diagnostics - Mountains,U3 - Crash Side Quest P3,Save the Water!","49,poster1;49,poster6;46,jasper;40,Find the supplies crate;67,Reverse the Water;67,Open the 2nd Blast Door","U6_Moon,U6_Moon_Quest,U6_MoonBase","0.11.235","TaskProgressEvent",33,"Make a hole in the pan",1
"3541","5cd717bce4194c2f5ff98a25",4,"Development","8d703246-39e0-4ff5-aef9-ec166f84d182","JG8 UX8",187,"2019-05-11 08:35:58","WindowsPlayer",NA,11,"TaskEvent",0,"0.11.235",0.21500027179718,672.383544921875,-25.1720428466797,0.207911416888237,0.978147685527802,0,"Find Toppo's Posters,Crash Diagnostics - Mountains,U3 - Crash Side Quest P3,Save the Water!","49,poster1;49,poster6;46,jasper;40,Find the supplies crate;67,Reverse the Water","U6_Moon,U6_Moon_Quest,U6_MoonBase","0.11.235","TaskActiveEvent",33,"attach hose",NA
"3542","5cd7180be4194c2f5ff98b5e",4,"Development","8d703246-39e0-4ff5-aef9-ec166f84d182","JG8 UX8",187,"2019-05-11 08:35:45","WindowsPlayer",NA,11,"TaskEvent",0,"0.11.235",0.21500027179718,672.383544921875,-25.1720428466797,0.207911416888237,0.978147685527802,0,"Find Toppo's Posters,Crash Diagnostics - Mountains,U3 - Crash Side Quest P3,Into the Unknown!","49,poster1;49,poster6;46,jasper;40,Find the supplies crate;90,Operate the Alien Console","U6_Moon,U6_Moon_Quest,U6_MoonBase","0.11.235","TaskCompleteEvent",33,"Make a hole in the pan",NA
"3543","5cd7180ce4194c2f5ff98b65",4,"Development","8d703246-39e0-4ff5-aef9-ec166f84d182","JG8 UX8",187,"2019-05-11 08:35:45","WindowsPlayer",NA,11,"TaskEvent",0,"0.11.235",0.21500027179718,672.383544921875,-25.1720428466797,0.207911416888237,0.978147685527802,0,"Find Toppo's Posters,Crash Diagnostics - Mountains,U3 - Crash Side Quest P3,Into the Unknown!,Save the Water!","49,poster1;49,poster6;46,jasper;40,Find the supplies crate","U6_Moon,U6_Moon_Quest,U6_MoonBase","0.11.235","TaskCompleteEvent",33,"attach hose",NA
"3544","5cd7180ce4194c2f5ff98b67",4,"Development","8d703246-39e0-4ff5-aef9-ec166f84d182","JG8 UX8",187,"2019-05-11 08:35:45","WindowsPlayer",NA,11,"TaskEvent",0,"0.11.235",0.21500027179718,672.383544921875,-25.1720428466797,0.207911416888237,0.978147685527802,0,"Find Toppo's Posters,Crash Diagnostics - Mountains,U3 - Crash Side Quest P3,Save the Water!","49,poster1;49,poster6;46,jasper;40,Find the supplies crate;67,Reverse the Water","U6_Moon,U6_Moon_Quest,U6_MoonBase","0.11.235","TaskProgressEvent",33,"attach hose",1
"3545","5cd71860e4194c2f5ff98cb5",4,"Development","8d703246-39e0-4ff5-aef9-ec166f84d182","JG8 UX8",187,"2019-05-11 08:37:18","WindowsPlayer",NA,11,"TaskEvent",0,"0.11.235",0.21500027179718,672.383544921875,-25.1720428466797,0.207911416888237,0.978147685527802,0,"Find Toppo's Posters,Crash Diagnostics - Mountains,U3 - Crash Side Quest P3,Save the Water!","49,poster1;49,poster6;46,jasper;40,Find the supplies crate;67,Open the 4th Blast Door","U6_Moon,U6_Moon_Quest,U6_MoonBase","0.11.235","TaskActiveEvent",33,"Grab Canteen",NA
"3546","5cd71860e4194c2f5ff98cb9",4,"Development","8d703246-39e0-4ff5-aef9-ec166f84d182","JG8 UX8",187,"2019-05-11 08:37:18","WindowsPlayer",NA,11,"TaskEvent",0,"0.11.235",0.21500027179718,672.383544921875,-25.1720428466797,0.207911416888237,0.978147685527802,0,"Find Toppo's Posters,Crash Diagnostics - Mountains,U3 - Crash Side Quest P3,Save the Water!","49,poster1;49,poster6;46,jasper;40,Find the supplies crate;67,Open the 4th Blast Door;67,Close the 4th Blast Door","U6_Moon,U6_Moon_Quest,U6_MoonBase","0.11.235","TaskCompleteEvent",33,"Grab Canteen",NA
"3547","5cd71861e4194c2f5ff98cbc",4,"Development","8d703246-39e0-4ff5-aef9-ec166f84d182","JG8 UX8",187,"2019-05-11 08:37:18","WindowsPlayer",NA,11,"TaskEvent",0,"0.11.235",0.21500027179718,672.383544921875,-25.1720428466797,0.207911416888237,0.978147685527802,0,"Find Toppo's Posters,Crash Diagnostics - Mountains,U3 - Crash Side Quest P3,Save the Water!","49,poster1;49,poster6;46,jasper;40,Find the supplies crate;67,Open the 4th Blast Door","U6_Moon,U6_Moon_Quest,U6_MoonBase","0.11.235","TaskProgressEvent",33,"Grab Canteen",1
"3548","5cd7186ae4194c2f5ff98cd1",4,"Development","8d703246-39e0-4ff5-aef9-ec166f84d182","JG8 UX8",187,"2019-05-11 08:32:33","WindowsPlayer",NA,11,"TaskEvent",0,"0.11.235",45.010669708252,-68.6061096191406,3.48000001907349,-0.364879757165909,0.931054651737213,0,"Find Toppo's Posters,Crash Diagnostics - Mountains,U3 - Crash Side Quest P3,Jasper's Discovery","49,poster1;49,poster6;46,jasper;40,Find the supplies crate;66,Complete the Third Wing","U6_Dungeon","0.11.235","TaskActiveEvent",33,"Condense Atmospheric Water",NA
"3549","5cd7186ae4194c2f5ff98cd5",4,"Development","8d703246-39e0-4ff5-aef9-ec166f84d182","JG8 UX8",187,"2019-05-11 08:32:33","WindowsPlayer",NA,11,"TaskEvent",0,"0.11.235",45.010669708252,-68.6061096191406,3.48000001907349,-0.364879757165909,0.931054651737213,0,"Find Toppo's Posters,Crash Diagnostics - Mountains,U3 - Crash Side Quest P3,Jasper's Discovery","49,poster1;49,poster6;46,jasper;40,Find the supplies crate;66,Complete the Third Wing","U6_Dungeon","0.11.235","TaskCompleteEvent",33,"Condense Atmospheric Water",NA
"3550","5cd7186ae4194c2f5ff98cd6",4,"Development","8d703246-39e0-4ff5-aef9-ec166f84d182","JG8 UX8",187,"2019-05-11 08:32:33","WindowsPlayer",NA,11,"TaskEvent",0,"0.11.235",45.010669708252,-68.6061096191406,3.48000001907349,-0.364879757165909,0.931054651737213,0,"Find Toppo's Posters,Crash Diagnostics - Mountains,U3 - Crash Side Quest P3,Jasper's Discovery","49,poster1;49,poster6;46,jasper;40,Find the supplies crate;66,Complete the Third Wing;66,Enter the Alien Teleporter","U6_Dungeon","0.11.235","TaskProgressEvent",33,"Condense Atmospheric Water",1
"3551","5cd718bae4194c2f5ff98e17",4,"Development","8d703246-39e0-4ff5-aef9-ec166f84d182","JG8 UX8",187,"2019-05-11 08:28:33","WindowsPlayer",NA,11,"TaskEvent",0,"0.11.235",-13.3833599090576,21.6773929595947,3.48000001907349,-0.0488489121198654,-0.998806357383728,0,"Find Toppo's Posters,Crash Diagnostics - Mountains,U3 - Crash Side Quest P3,Jasper's Discovery","49,poster1;49,poster6;46,jasper;40,Find the supplies crate;66,Complete the First Wing","U6_Dungeon","0.11.235","TaskActiveEvent",34,"return to large mart",NA
"3552","5cd718bae4194c2f5ff98e18",4,"Development","8d703246-39e0-4ff5-aef9-ec166f84d182","JG8 UX8",187,"2019-05-11 08:28:33","WindowsPlayer",NA,11,"TaskEvent",0,"0.11.235",-13.3833599090576,21.6773929595947,3.48000001907349,-0.0488489121198654,-0.998806357383728,0,"Find Toppo's Posters,Crash Diagnostics - Mountains,U3 - Crash Side Quest P3,Jasper's Discovery","49,poster1;49,poster6;46,jasper;40,Find the supplies crate;66,Complete the First Wing;66,Complete the Second Wing","U6_Dungeon","0.11.235","TaskCompleteEvent",49,"poster5",NA
"3553","5cd718bbe4194c2f5ff98e25",4,"Development","8d703246-39e0-4ff5-aef9-ec166f84d182","JG8 UX8",187,"2019-05-11 08:28:33","WindowsPlayer",NA,11,"TaskEvent",0,"0.11.235",-13.3833599090576,21.6773929595947,3.48000001907349,-0.0488489121198654,-0.998806357383728,0,"Find Toppo's Posters,Crash Diagnostics - Mountains,U3 - Crash Side Quest P3,Jasper's Discovery","49,poster1;49,poster6;46,jasper;40,Find the supplies crate;66,Complete the First Wing","U6_Dungeon","0.11.235","TaskProgressEvent",49,"poster5",1
"3554","5cd71988e4194c2f5ff9914a",4,"Development","8d703246-39e0-4ff5-aef9-ec166f84d182","JG8 UX8",187,"2019-05-11 08:27:25","WindowsPlayer",NA,11,"TaskEvent",0,"0.11.235",1119.39880371094,930.665832519531,140.506103515625,-0.909236490726471,0.416280210018158,0,"Find Toppo's Posters,Crash Diagnostics - Mountains,U3 - Crash Side Quest P3,Jasper's Discovery","49,poster1;49,poster6;46,jasper;40,Find the supplies crate;66,Gain Entrance to the New Ruins","U2,U2_Collectibles,U2_Quests","0.11.235","TaskActiveEvent",34,"talk to Bill",NA
"3555","5cd71988e4194c2f5ff9914b",4,"Development","8d703246-39e0-4ff5-aef9-ec166f84d182","JG8 UX8",187,"2019-05-11 08:27:25","WindowsPlayer",NA,11,"TaskEvent",0,"0.11.235",1119.39880371094,930.665832519531,140.506103515625,-0.909236490726471,0.416280210018158,0,"Find Toppo's Posters,Crash Diagnostics - Mountains,U3 - Crash Side Quest P3,Jasper's Discovery","49,poster1;49,poster6;46,jasper;40,Find the supplies crate;66,Gain Entrance to the New Ruins","U2,U2_Collectibles,U2_Quests","0.11.235","TaskProgressEvent",34,"return to large mart",1
"3556","5cd71988e4194c2f5ff9914c",4,"Development","8d703246-39e0-4ff5-aef9-ec166f84d182","JG8 UX8",187,"2019-05-11 08:27:25","WindowsPlayer",NA,11,"TaskEvent",0,"0.11.235",1119.39880371094,930.665832519531,140.506103515625,-0.909236490726471,0.416280210018158,0,"Find Toppo's Posters,Crash Diagnostics - Mountains,U3 - Crash Side Quest P3,Jasper's Discovery","49,poster1;49,poster6;46,jasper;40,Find the supplies crate;66,Gain Entrance to the New Ruins;66,Complete the First Wing","U2,U2_Collectibles,U2_Quests","0.11.235","TaskCompleteEvent",34,"return to large mart",NA
"3557","5cd71a7de4194c2f5ff9952e",4,"Development","8d703246-39e0-4ff5-aef9-ec166f84d182","JG8 UX8",187,"2019-05-11 07:43:03","WindowsPlayer",NA,11,"TaskEvent",0,"0.11.235",8.2504186630249,-4.71078538894653,1.85265719890594,0.623944461345673,-0.781469106674194,0,"History of WAT247,Find Toppo's Posters,Crash Diagnostics - Mountains,U3 - Crash Side Quest P3,Water Crisis!","50,watershed;49,poster1;49,poster6;46,jasper;40,Find the supplies crate;32,pan","U5_Cave,U5_Cave_Quests,U5_Cave_Collectibles","0.11.235","TaskProgressEvent",34,"talk to Bill",1
"3558","5cd71a7de4194c2f5ff9952f",4,"Development","8d703246-39e0-4ff5-aef9-ec166f84d182","JG8 UX8",187,"2019-05-11 07:43:03","WindowsPlayer",NA,11,"TaskEvent",0,"0.11.235",8.2504186630249,-4.71078538894653,1.85265719890594,0.623944461345673,-0.781469106674194,0,"History of WAT247,Find Toppo's Posters,Crash Diagnostics - Mountains,U3 - Crash Side Quest P3,Water Crisis!","50,watershed;49,poster1;49,poster6;46,jasper;40,Find the supplies crate;32,pan;32,fill pan","U5_Cave,U5_Cave_Quests,U5_Cave_Collectibles","0.11.235","TaskActiveEvent",34,"go to factory",NA
"3559","5cd71a7de4194c2f5ff99531",4,"Development","8d703246-39e0-4ff5-aef9-ec166f84d182","JG8 UX8",187,"2019-05-11 07:43:03","WindowsPlayer",NA,11,"TaskEvent",0,"0.11.235",8.2504186630249,-4.71078538894653,1.85265719890594,0.623944461345673,-0.781469106674194,0,"History of WAT247,Find Toppo's Posters,Crash Diagnostics - Mountains,U3 - Crash Side Quest P3,Water Crisis!","50,watershed;49,poster1;49,poster6;46,jasper;40,Find the supplies crate;32,pan","U5_Cave,U5_Cave_Quests,U5_Cave_Collectibles","0.11.235","TaskCompleteEvent",34,"talk to Bill",NA
"3560","5cd71c12e4194c2f5ff99b8f",4,"Development","8d703246-39e0-4ff5-aef9-ec166f84d182","JG8 UX8",187,"2019-05-11 07:29:19","WindowsPlayer",NA,11,"TaskEvent",0,"0.11.235",334.445953369141,-6.88385009765625,3.98000001907349,-0.845261454582214,0.534352958202362,0,"History of WAT247,Find Toppo's Posters,Crash Diagnostics - Mountains,U3 - Crash Side Quest P3,Explore the Alien Seaside Facility","50,watershed;49,poster1;49,poster6;46,jasper;40,Find the supplies crate;36,Condense Humidity","U5_Dungeon","0.11.235","TaskCompleteEvent",34,"go to factory",NA
"3561","5cd71c12e4194c2f5ff99b90",4,"Development","8d703246-39e0-4ff5-aef9-ec166f84d182","JG8 UX8",187,"2019-05-11 07:29:19","WindowsPlayer",NA,11,"TaskEvent",0,"0.11.235",334.445953369141,-6.88385009765625,3.98000001907349,-0.845261454582214,0.534352958202362,0,"History of WAT247,Find Toppo's Posters,Crash Diagnostics - Mountains,U3 - Crash Side Quest P3,Explore the Alien Seaside Facility","50,watershed;49,poster1;49,poster6;46,jasper;40,Find the supplies crate;36,Condense Humidity;36,Evaporate Water","U5_Dungeon","0.11.235","TaskProgressEvent",34,"go to factory",1
"3562","5cd71c12e4194c2f5ff99b96",4,"Development","8d703246-39e0-4ff5-aef9-ec166f84d182","JG8 UX8",187,"2019-05-11 07:29:19","WindowsPlayer",NA,11,"TaskEvent",0,"0.11.235",334.445953369141,-6.88385009765625,3.98000001907349,-0.845261454582214,0.534352958202362,0,"History of WAT247,Find Toppo's Posters,Crash Diagnostics - Mountains,U3 - Crash Side Quest P3,Explore the Alien Seaside Facility","50,watershed;49,poster1;49,poster6;46,jasper;40,Find the supplies crate;36,Condense Humidity","U5_Dungeon","0.11.235","TaskActiveEvent",35,"setup first",NA
"3563","5cd71c8fe4194c2f5ff99d85",4,"Development","8d703246-39e0-4ff5-aef9-ec166f84d182","JG8 UX8",187,"2019-05-11 07:44:06","WindowsPlayer",NA,11,"TaskEvent",0,"0.11.235",6.85894536972046,9.25269412994385,1.57492864131927,0.665168106555939,0.746693730354309,0,"History of WAT247,Find Toppo's Posters,Crash Diagnostics - Mountains,U3 - Crash Side Quest P3,Water Crisis!,Convince Bill the Distillery will work","50,watershed;49,poster1;49,poster6;46,jasper;40,Find the supplies crate","U5_Cave,U5_Cave_Quests,U5_Cave_Collectibles","0.11.235","TaskActiveEvent",35,"setup second",NA
"3564","5cd71c8fe4194c2f5ff99d89",4,"Development","8d703246-39e0-4ff5-aef9-ec166f84d182","JG8 UX8",187,"2019-05-11 07:44:06","WindowsPlayer",NA,11,"TaskEvent",0,"0.11.235",6.85894536972046,9.25269412994385,1.57492864131927,0.665168106555939,0.746693730354309,0,"History of WAT247,Find Toppo's Posters,Crash Diagnostics - Mountains,U3 - Crash Side Quest P3,Water Crisis!","50,watershed;49,poster1;49,poster6;46,jasper;40,Find the supplies crate;32,check humidity again","U5_Cave,U5_Cave_Quests,U5_Cave_Collectibles","0.11.235","TaskCompleteEvent",35,"setup first",NA
"3565","5cd71c8fe4194c2f5ff99d8a",4,"Development","8d703246-39e0-4ff5-aef9-ec166f84d182","JG8 UX8",187,"2019-05-11 07:44:06","WindowsPlayer",NA,11,"TaskEvent",0,"0.11.235",6.85894536972046,9.25269412994385,1.57492864131927,0.665168106555939,0.746693730354309,0,"History of WAT247,Find Toppo's Posters,Crash Diagnostics - Mountains,U3 - Crash Side Quest P3,Convince Bill the Distillery will work","50,watershed;49,poster1;49,poster6;46,jasper;40,Find the supplies crate;33,convince bill","U5_Cave,U5_Cave_Quests,U5_Cave_Collectibles","0.11.235","TaskProgressEvent",35,"setup first",1
"3566","5cd71dd5e4194c2f5ff9a29d",4,"Development","8d703246-39e0-4ff5-aef9-ec166f84d182","JG8 UX8",187,"2019-05-11 08:40:13","WindowsPlayer",NA,11,"TaskEvent",0,"0.11.235",-71.3278503417969,-103.784538269043,58.9669380187988,0.990023493766785,0.14090234041214,0,"Find Toppo's Posters,Crash Diagnostics - Mountains,U3 - Crash Side Quest P3,Escape the Moon","49,poster1;49,poster6;46,jasper;40,Find the supplies crate;68,Talk with Toppo","Player_Base","0.11.235","TaskProgressEvent",35,"setup second",1
"3567","5cd71dd5e4194c2f5ff9a2a3",4,"Development","8d703246-39e0-4ff5-aef9-ec166f84d182","JG8 UX8",187,"2019-05-11 08:40:13","WindowsPlayer",NA,11,"TaskEvent",0,"0.11.235",-71.3278503417969,-103.784538269043,58.9669380187988,0.990023493766785,0.14090234041214,0,"Find Toppo's Posters,Crash Diagnostics - Mountains,U3 - Crash Side Quest P3","49,poster1;49,poster6;46,jasper;40,Find the supplies crate","Player_Base","0.11.235","TaskActiveEvent",35,"setup third",NA
"3568","5cd71de9e4194c2f5ff9a2e9",4,"Development","8d703246-39e0-4ff5-aef9-ec166f84d182","JG8 UX8",187,"2019-05-11 08:11:03","WindowsPlayer",NA,11,"TaskEvent",0,"0.11.235",-209.217864990234,205.040512084961,51.8113708496094,0.625242471694946,0.780430555343628,0,"History of WAT247,Find Toppo's Posters,Crash Diagnostics - Mountains,U3 - Crash Side Quest P3,Investigate the Water Shortage","50,watershed;49,poster1;49,poster6;46,jasper;40,Find the supplies crate;88,Check the Seaside Humidity","U5,U5_Quests","0.11.235","TaskCompleteEvent",35,"setup second",NA
"3569","5cd71de9e4194c2f5ff9a2ea",4,"Development","8d703246-39e0-4ff5-aef9-ec166f84d182","JG8 UX8",187,"2019-05-11 08:11:03","WindowsPlayer",NA,11,"TaskEvent",0,"0.11.235",-209.217864990234,205.040512084961,51.8113708496094,0.625242471694946,0.780430555343628,0,"History of WAT247,Find Toppo's Posters,Crash Diagnostics - Mountains,U3 - Crash Side Quest P3,Investigate the Water Shortage","50,watershed;49,poster1;49,poster6;46,jasper;40,Find the supplies crate;88,Check the Seaside Humidity;88,Check the Factory Humidity","U5,U5_Quests","0.11.235","TaskCompleteEvent",35,"setup third",NA
"3570","5cd71de9e4194c2f5ff9a2ef",4,"Development","8d703246-39e0-4ff5-aef9-ec166f84d182","JG8 UX8",187,"2019-05-11 08:11:03","WindowsPlayer",NA,11,"TaskEvent",0,"0.11.235",-209.217864990234,205.040512084961,51.8113708496094,0.625242471694946,0.780430555343628,0,"History of WAT247,Find Toppo's Posters,Crash Diagnostics - Mountains,U3 - Crash Side Quest P3,Investigate the Water Shortage","50,watershed;49,poster1;49,poster6;46,jasper;40,Find the supplies crate;88,Check the Seaside Humidity","U5,U5_Quests","0.11.235","TaskProgressEvent",35,"setup third",1
"3571","5cd71e51e4194c2f5ff9a53b",4,"Development","8d703246-39e0-4ff5-aef9-ec166f84d182","JG8 UX8",187,"2019-05-11 07:47:27","WindowsPlayer",NA,11,"TaskEvent",0,"0.11.235",9.21658420562744,-6.15463781356812,1.97339046001434,0.774997293949127,-0.631964802742004,0,"History of WAT247,Find Toppo's Posters,Crash Diagnostics - Mountains,U3 - Crash Side Quest P3,Convince Bill the Distillery will work","50,watershed;49,poster1;49,poster6;46,jasper;40,Find the supplies crate;33,Condense Atmospheric Water","U5_Cave,U5_Cave_Quests,U5_Cave_Collectibles","0.11.235","TaskActiveEvent",35,"setup fourth",NA
"3572","5cd71e51e4194c2f5ff9a53d",4,"Development","8d703246-39e0-4ff5-aef9-ec166f84d182","JG8 UX8",187,"2019-05-11 07:47:27","WindowsPlayer",NA,11,"TaskEvent",0,"0.11.235",9.21658420562744,-6.15463781356812,1.97339046001434,0.774997293949127,-0.631964802742004,0,"History of WAT247,Find Toppo's Posters,Crash Diagnostics - Mountains,U3 - Crash Side Quest P3,Convince Bill the Distillery will work,Head Back to Large Mart","50,watershed;49,poster1;49,poster6;46,jasper;40,Find the supplies crate","U5_Cave,U5_Cave_Quests,U5_Cave_Collectibles","0.11.235","TaskCompleteEvent",35,"setup fourth",NA
"3573","5cd71e51e4194c2f5ff9a53e",4,"Development","8d703246-39e0-4ff5-aef9-ec166f84d182","JG8 UX8",187,"2019-05-11 07:47:27","WindowsPlayer",NA,11,"TaskEvent",0,"0.11.235",9.21658420562744,-6.15463781356812,1.97339046001434,0.774997293949127,-0.631964802742004,0,"History of WAT247,Find Toppo's Posters,Crash Diagnostics - Mountains,U3 - Crash Side Quest P3,Head Back to Large Mart","50,watershed;49,poster1;49,poster6;46,jasper;40,Find the supplies crate;34,return to large mart","U5_Cave,U5_Cave_Quests,U5_Cave_Collectibles","0.11.235","TaskActiveEvent",69,"Go to Sleep",NA
"3574","5cd71e51e4194c2f5ff9a555",4,"Development","8d703246-39e0-4ff5-aef9-ec166f84d182","JG8 UX8",187,"2019-05-11 07:47:46","WindowsPlayer",NA,11,"TaskEvent",0,"0.11.235",94.4107666015625,66.2544937133789,104.646324157715,0.478692382574081,-0.87798273563385,0,"History of WAT247,Find Toppo's Posters,Crash Diagnostics - Mountains,U3 - Crash Side Quest P3,Head Back to Large Mart","50,watershed;49,poster1;49,poster6;46,jasper;40,Find the supplies crate;34,return to large mart","U5,U5_Quests","0.11.235","TaskProgressEvent",35,"setup fourth",1
"3575","5cd71e51e4194c2f5ff9a556",4,"Development","8d703246-39e0-4ff5-aef9-ec166f84d182","JG8 UX8",187,"2019-05-11 07:47:46","WindowsPlayer",NA,11,"TaskEvent",0,"0.11.235",94.4107666015625,66.2544937133789,104.646324157715,0.478692382574081,-0.87798273563385,0,"History of WAT247,Find Toppo's Posters,Crash Diagnostics - Mountains,U3 - Crash Side Quest P3,Head Back to Large Mart","50,watershed;49,poster1;49,poster6;46,jasper;40,Find the supplies crate;34,return to large mart;34,talk to Bill","U5,U5_Quests","0.11.235","TaskCompleteEvent",69,"Go to Sleep",NA
"3576","5cd71e51e4194c2f5ff9a572",4,"Development","8d703246-39e0-4ff5-aef9-ec166f84d182","JG8 UX8",187,"2019-05-11 07:47:46","WindowsPlayer",NA,11,"TaskEvent",0,"0.11.235",94.4107666015625,66.2544937133789,104.646324157715,0.478692382574081,-0.87798273563385,0,"History of WAT247,Find Toppo's Posters,Crash Diagnostics - Mountains,U3 - Crash Side Quest P3,Head Back to Large Mart","50,watershed;49,poster1;49,poster6;46,jasper;40,Find the supplies crate;34,return to large mart","U5,U5_Quests","0.11.235","TaskProgressEvent",69,"Go to Sleep",1
"3577","5cd71e52e4194c2f5ff9a726",4,"Development","8d703246-39e0-4ff5-aef9-ec166f84d182","JG8 UX8",187,"2019-05-11 07:48:36","WindowsPlayer",NA,11,"TaskEvent",0,"0.11.235",96.4299468994141,52.5552444458008,106.760375976562,0.33380714058876,-0.942641258239746,0,"History of WAT247,Find Toppo's Posters,Crash Diagnostics - Mountains,U3 - Crash Side Quest P3,Head Back to Large Mart","50,watershed;49,poster1;49,poster6;46,jasper;40,Find the supplies crate;34,go to factory","U5,U5_Quests","0.11.235","TaskActiveEvent",63,"Leave your house",NA
"3578","5cd71e52e4194c2f5ff9a727",4,"Development","8d703246-39e0-4ff5-aef9-ec166f84d182","JG8 UX8",187,"2019-05-11 07:48:36","WindowsPlayer",NA,11,"TaskEvent",0,"0.11.235",96.4299468994141,52.5552444458008,106.760375976562,0.33380714058876,-0.942641258239746,0,"History of WAT247,Find Toppo's Posters,Crash Diagnostics - Mountains,U3 - Crash Side Quest P3,Head Back to Large Mart,Construct a Distillery at the Factory","50,watershed;49,poster1;49,poster6;46,jasper;40,Find the supplies crate","U5,U5_Quests","0.11.235","TaskProgressEvent",63,"Leave your house",1
"3579","5cd71e52e4194c2f5ff9a7dc",4,"Development","8d703246-39e0-4ff5-aef9-ec166f84d182","JG8 UX8",187,"2019-05-11 07:48:36","WindowsPlayer",NA,11,"TaskEvent",0,"0.11.235",96.4299468994141,52.5552444458008,106.760375976562,0.33380714058876,-0.942641258239746,0,"History of WAT247,Find Toppo's Posters,Crash Diagnostics - Mountains,U3 - Crash Side Quest P3,Construct a Distillery at the Factory","50,watershed;49,poster1;49,poster6;46,jasper;40,Find the supplies crate;35,setup first","U5,U5_Quests","0.11.235","TaskCompleteEvent",63,"Leave your house",NA
"3580","5cd71e53e4194c2f5ff9a928",4,"Development","8d703246-39e0-4ff5-aef9-ec166f84d182","JG8 UX8",187,"2019-05-11 08:09:01","WindowsPlayer",NA,11,"TaskEvent",0,"0.11.235",62.9133834838867,-445.148193359375,36.3238525390625,0.864419996738434,-0.502432644367218,0.0184335969388485,"History of WAT247,Find Toppo's Posters,Crash Diagnostics - Mountains,U3 - Crash Side Quest P3,Investigate the Water Shortage","50,watershed;49,poster1;49,poster6;46,jasper;40,Find the supplies crate;88,Check the Seaside Humidity","U4,U4_Collectibles,U4_Quests,U4_AlienRuins","0.11.235","TaskActiveEvent",63,"Talk with Toppo",NA
"3581","5cd71e53e4194c2f5ff9a977",4,"Development","8d703246-39e0-4ff5-aef9-ec166f84d182","JG8 UX8",187,"2019-05-11 08:09:01","WindowsPlayer",NA,11,"TaskEvent",0,"0.11.235",62.9133834838867,-445.148193359375,36.3238525390625,0.864419996738434,-0.502432644367218,0.0184335969388485,"History of WAT247,Find Toppo's Posters,Crash Diagnostics - Mountains,U3 - Crash Side Quest P3,Investigate Anderson's Water Shortage","50,watershed;49,poster1;49,poster6;46,jasper;40,Find the supplies crate;65,Check the Ruins Water Table","U4,U4_Collectibles,U4_Quests,U4_AlienRuins","0.11.235","TaskCompleteEvent",63,"Talk with Toppo",NA
"3582","5cd71e53e4194c2f5ff9a978",4,"Development","8d703246-39e0-4ff5-aef9-ec166f84d182","JG8 UX8",187,"2019-05-11 08:09:01","WindowsPlayer",NA,11,"TaskEvent",0,"0.11.235",62.9133834838867,-445.148193359375,36.3238525390625,0.864419996738434,-0.502432644367218,0.0184335969388485,"History of WAT247,Find Toppo's Posters,Crash Diagnostics - Mountains,U3 - Crash Side Quest P3,Investigate Anderson's Water Shortage,Investigate the Water Shortage","50,watershed;49,poster1;49,poster6;46,jasper;40,Find the supplies crate","U4,U4_Collectibles,U4_Quests,U4_AlienRuins","0.11.235","TaskActiveEvent",64,"Check Sam's Garden",NA
"3583","5cd71e54e4194c2f5ff9a9f9",4,"Development","8d703246-39e0-4ff5-aef9-ec166f84d182","JG8 UX8",187,"2019-05-11 07:43:25","WindowsPlayer",NA,11,"TaskEvent",0,"0.11.235",6.46613597869873,0.578945398330688,2.03838300704956,-0.503091812133789,0.864233016967773,0,"History of WAT247,Find Toppo's Posters,Crash Diagnostics - Mountains,U3 - Crash Side Quest P3,Water Crisis!","50,watershed;49,poster1;49,poster6;46,jasper;40,Find the supplies crate;32,Find Rock;32,Drill hole","U5_Cave,U5_Cave_Quests,U5_Cave_Collectibles","0.11.235","TaskProgressEvent",63,"Talk with Toppo",1
"3584","5cd71e54e4194c2f5ff9aaa9",4,"Development","8d703246-39e0-4ff5-aef9-ec166f84d182","JG8 UX8",187,"2019-05-11 07:43:25","WindowsPlayer",NA,11,"TaskEvent",0,"0.11.235",6.46613597869873,0.578945398330688,2.03838300704956,-0.503091812133789,0.864233016967773,0,"History of WAT247,Find Toppo's Posters,Crash Diagnostics - Mountains,U3 - Crash Side Quest P3,Water Crisis!","50,watershed;49,poster1;49,poster6;46,jasper;40,Find the supplies crate;32,Find Rock","U5_Cave,U5_Cave_Quests,U5_Cave_Collectibles","0.11.235","TaskCompleteEvent",64,"Check Sam's Garden",NA
"3585","5cd71e54e4194c2f5ff9aaaa",4,"Development","8d703246-39e0-4ff5-aef9-ec166f84d182","JG8 UX8",187,"2019-05-11 07:43:25","WindowsPlayer",NA,11,"TaskEvent",0,"0.11.235",6.46613597869873,0.578945398330688,2.03838300704956,-0.503091812133789,0.864233016967773,0,"History of WAT247,Find Toppo's Posters,Crash Diagnostics - Mountains,U3 - Crash Side Quest P3,Water Crisis!","50,watershed;49,poster1;49,poster6;46,jasper;40,Find the supplies crate;32,Find Rock","U5_Cave,U5_Cave_Quests,U5_Cave_Collectibles","0.11.235","TaskProgressEvent",64,"Check Sam's Garden",1
"3586","5cd71e54e4194c2f5ff9aafd",4,"Development","8d703246-39e0-4ff5-aef9-ec166f84d182","JG8 UX8",187,"2019-05-11 07:52:02","WindowsPlayer",NA,11,"TaskEvent",0,"0.11.235",-13.7226133346558,63.6357154846191,20.976598739624,0.98796021938324,0.154708504676819,0,"History of WAT247,Find Toppo's Posters,Crash Diagnostics - Mountains,U3 - Crash Side Quest P3,Construct a Distillery at the Factory","50,watershed;49,poster1;49,poster6;46,jasper;40,Find the supplies crate;35,setup third","U5_Largemart_Factory,U5_Largemart_Factory_Quests","0.11.235","TaskActiveEvent",64,"Measure the East River Levels",NA
"3587","5cd71e54e4194c2f5ff9aafe",4,"Development","8d703246-39e0-4ff5-aef9-ec166f84d182","JG8 UX8",187,"2019-05-11 07:52:02","WindowsPlayer",NA,11,"TaskEvent",0,"0.11.235",-13.7226133346558,63.6357154846191,20.976598739624,0.98796021938324,0.154708504676819,0,"History of WAT247,Find Toppo's Posters,Crash Diagnostics - Mountains,U3 - Crash Side Quest P3,Construct a Distillery at the Factory","50,watershed;49,poster1;49,poster6;46,jasper;40,Find the supplies crate;35,setup third;35,setup fourth","U5_Largemart_Factory,U5_Largemart_Factory_Quests","0.11.235","TaskProgressEvent",64,"Measure the East River Levels",1
"3588","5cd71e55e4194c2f5ff9abb0",4,"Development","8d703246-39e0-4ff5-aef9-ec166f84d182","JG8 UX8",187,"2019-05-11 07:52:02","WindowsPlayer",NA,11,"TaskEvent",0,"0.11.235",-13.7226133346558,63.6357154846191,20.976598739624,0.98796021938324,0.154708504676819,0,"History of WAT247,Find Toppo's Posters,Crash Diagnostics - Mountains,U3 - Crash Side Quest P3,Construct a Distillery at the Factory","50,watershed;49,poster1;49,poster6;46,jasper;40,Find the supplies crate;35,setup third","U5_Largemart_Factory,U5_Largemart_Factory_Quests","0.11.235","TaskActiveEvent",64,"Measure the West River Levels",NA
"3589","5cd88d5fe4194c2f5ff9b40d",4,"Development","8d703246-39e0-4ff5-aef9-ec166f84d182","JG8 UX8",187,"2019-05-11 08:09:01","WindowsPlayer",NA,11,"TaskEvent",0,"0.11.235",62.9133834838867,-445.148193359375,36.3238525390625,0.864419996738434,-0.502432644367218,0.0184335969388485,"History of WAT247,Find Toppo's Posters,Crash Diagnostics - Mountains,U3 - Crash Side Quest P3,Investigate Anderson's Water Shortage,Investigate the Water Shortage","50,watershed;49,poster1;49,poster6;46,jasper;40,Find the supplies crate","U4,U4_Collectibles,U4_Quests,U4_AlienRuins","0.11.235","TaskCompleteEvent",64,"Measure the East River Levels",NA
"3590","5cd88d5fe4194c2f5ff9b41c",4,"Development","8d703246-39e0-4ff5-aef9-ec166f84d182","JG8 UX8",187,"2019-05-11 08:09:01","WindowsPlayer",NA,11,"TaskEvent",0,"0.11.235",62.9133834838867,-445.148193359375,36.3238525390625,0.864419996738434,-0.502432644367218,0.0184335969388485,"History of WAT247,Find Toppo's Posters,Crash Diagnostics - Mountains,U3 - Crash Side Quest P3,Investigate the Water Shortage","50,watershed;49,poster1;49,poster6;46,jasper;40,Find the supplies crate;88,Check the Seaside Humidity","U4,U4_Collectibles,U4_Quests,U4_AlienRuins","0.11.235","TaskProgressEvent",65,"Check the Bunker Water Table",1
"3591","5cd88d5fe4194c2f5ff9b450",4,"Development","8d703246-39e0-4ff5-aef9-ec166f84d182","JG8 UX8",187,"2019-05-11 08:09:01","WindowsPlayer",NA,11,"TaskEvent",0,"0.11.235",62.9133834838867,-445.148193359375,36.3238525390625,0.864419996738434,-0.502432644367218,0.0184335969388485,"History of WAT247,Find Toppo's Posters,Crash Diagnostics - Mountains,U3 - Crash Side Quest P3,Investigate Anderson's Water Shortage","50,watershed;49,poster1;49,poster6;46,jasper;40,Find the supplies crate;65,Check the Ruins Water Table","U4,U4_Collectibles,U4_Quests,U4_AlienRuins","0.11.235","TaskActiveEvent",65,"Check the Ruins Water Table",NA
"3592","5cd88d60e4194c2f5ff9b58d",4,"Development","8d703246-39e0-4ff5-aef9-ec166f84d182","JG8 UX8",187,"2019-05-11 07:43:25","WindowsPlayer",NA,11,"TaskEvent",0,"0.11.235",6.46613597869873,0.578945398330688,2.03838300704956,-0.503091812133789,0.864233016967773,0,"History of WAT247,Find Toppo's Posters,Crash Diagnostics - Mountains,U3 - Crash Side Quest P3,Water Crisis!","50,watershed;49,poster1;49,poster6;46,jasper;40,Find the supplies crate;32,Find Rock","U5_Cave,U5_Cave_Quests,U5_Cave_Collectibles","0.11.235","TaskCompleteEvent",65,"Check the Bunker Water Table",NA
"3593","5cd88d60e4194c2f5ff9b58e",4,"Development","8d703246-39e0-4ff5-aef9-ec166f84d182","JG8 UX8",187,"2019-05-11 07:43:25","WindowsPlayer",NA,11,"TaskEvent",0,"0.11.235",6.46613597869873,0.578945398330688,2.03838300704956,-0.503091812133789,0.864233016967773,0,"History of WAT247,Find Toppo's Posters,Crash Diagnostics - Mountains,U3 - Crash Side Quest P3,Water Crisis!","50,watershed;49,poster1;49,poster6;46,jasper;40,Find the supplies crate;32,Find Rock;32,Drill hole","U5_Cave,U5_Cave_Quests,U5_Cave_Collectibles","0.11.235","TaskProgressEvent",65,"Check Anderson's Water Supply",1
"3594","5cd88d60e4194c2f5ff9b5e6",4,"Development","8d703246-39e0-4ff5-aef9-ec166f84d182","JG8 UX8",187,"2019-05-11 07:52:02","WindowsPlayer",NA,11,"TaskEvent",0,"0.11.235",-13.7226133346558,63.6357154846191,20.976598739624,0.98796021938324,0.154708504676819,0,"History of WAT247,Find Toppo's Posters,Crash Diagnostics - Mountains,U3 - Crash Side Quest P3,Construct a Distillery at the Factory","50,watershed;49,poster1;49,poster6;46,jasper;40,Find the supplies crate;35,setup third","U5_Largemart_Factory,U5_Largemart_Factory_Quests","0.11.235","TaskCompleteEvent",65,"Check Anderson's Water Supply",NA
"3595","5cd88d60e4194c2f5ff9b631",4,"Development","8d703246-39e0-4ff5-aef9-ec166f84d182","JG8 UX8",187,"2019-05-11 07:43:25","WindowsPlayer",NA,11,"TaskEvent",0,"0.11.235",6.46613597869873,0.578945398330688,2.03838300704956,-0.503091812133789,0.864233016967773,0,"History of WAT247,Find Toppo's Posters,Crash Diagnostics - Mountains,U3 - Crash Side Quest P3,Water Crisis!","50,watershed;49,poster1;49,poster6;46,jasper;40,Find the supplies crate;32,Find Rock","U5_Cave,U5_Cave_Quests,U5_Cave_Collectibles","0.11.235","TaskActiveEvent",65,"Check the Bunker Water Table",NA
"3596","5cd88d60e4194c2f5ff9b652",4,"Development","8d703246-39e0-4ff5-aef9-ec166f84d182","JG8 UX8",187,"2019-05-11 07:52:02","WindowsPlayer",NA,11,"TaskEvent",0,"0.11.235",-13.7226133346558,63.6357154846191,20.976598739624,0.98796021938324,0.154708504676819,0,"History of WAT247,Find Toppo's Posters,Crash Diagnostics - Mountains,U3 - Crash Side Quest P3,Construct a Distillery at the Factory","50,watershed;49,poster1;49,poster6;46,jasper;40,Find the supplies crate;35,setup third","U5_Largemart_Factory,U5_Largemart_Factory_Quests","0.11.235","TaskCompleteEvent",64,"Measure the West River Levels",NA
"3597","5cd88d60e4194c2f5ff9b653",4,"Development","8d703246-39e0-4ff5-aef9-ec166f84d182","JG8 UX8",187,"2019-05-11 07:52:02","WindowsPlayer",NA,11,"TaskEvent",0,"0.11.235",-13.7226133346558,63.6357154846191,20.976598739624,0.98796021938324,0.154708504676819,0,"History of WAT247,Find Toppo's Posters,Crash Diagnostics - Mountains,U3 - Crash Side Quest P3,Construct a Distillery at the Factory","50,watershed;49,poster1;49,poster6;46,jasper;40,Find the supplies crate;35,setup third;35,setup fourth","U5_Largemart_Factory,U5_Largemart_Factory_Quests","0.11.235","TaskActiveEvent",65,"Check Anderson's Water Supply",NA
"3598","5cd88d64e4194c2f5ff9bdce",4,"Development","8d703246-39e0-4ff5-aef9-ec166f84d182","JG8 UX8",187,"2019-05-11 08:29:33","WindowsPlayer",NA,11,"TaskEvent",0,"0.11.235",67.9299926757812,11.5768270492554,3.47999978065491,-0.911403238773346,-0.411514759063721,0,"Find Toppo's Posters,Crash Diagnostics - Mountains,U3 - Crash Side Quest P3,Jasper's Discovery","49,poster1;49,poster6;46,jasper;40,Find the supplies crate;66,Complete the Second Wing","U6_Dungeon","0.11.235","TaskProgressEvent",64,"Measure the West River Levels",1
"3599","5cd88d64e4194c2f5ff9be18",4,"Development","8d703246-39e0-4ff5-aef9-ec166f84d182","JG8 UX8",187,"2019-05-11 08:29:33","WindowsPlayer",NA,11,"TaskEvent",0,"0.11.235",67.9299926757812,11.5768270492554,3.47999978065491,-0.911403238773346,-0.411514759063721,0,"Find Toppo's Posters,Crash Diagnostics - Mountains,U3 - Crash Side Quest P3,Jasper's Discovery","49,poster1;49,poster6;46,jasper;40,Find the supplies crate;66,Complete the Second Wing;66,Complete the Third Wing","U6_Dungeon","0.11.235","TaskActiveEvent",88,"Check the Cave Humidity",NA
"3600","5cd88d64e4194c2f5ff9beb7",4,"Development","8d703246-39e0-4ff5-aef9-ec166f84d182","JG8 UX8",187,"2019-05-11 08:29:33","WindowsPlayer",NA,11,"TaskEvent",0,"0.11.235",67.9299926757812,11.5768270492554,3.47999978065491,-0.911403238773346,-0.411514759063721,0,"Find Toppo's Posters,Crash Diagnostics - Mountains,U3 - Crash Side Quest P3,Jasper's Discovery","49,poster1;49,poster6;46,jasper;40,Find the supplies crate;66,Complete the Second Wing","U6_Dungeon","0.11.235","TaskCompleteEvent",88,"Check the Factory Humidity",NA
"3601","5c65e92ae4194c47a15804a0",4,"Development","e0e8ba1d-a1a8-492c-a490-549b4a24c221","JG9 UX9",188,"2019-02-14 10:18:17","WindowsPlayer",NA,11,"TaskEvent",0,"0.11.141",0.12489853054285,-54.343936920166,0.984734356403351,-0.041875921189785,-0.999122738838196,0,"U1 - Welcome to WAT247,U1 - An Amazing AI",NA,"U1,U1_Quest","0.11.141","TaskProgressEvent",88,"Check the Factory Humidity",1
"3602","5c65e92ae4194c47a15804a4",4,"Development","e0e8ba1d-a1a8-492c-a490-549b4a24c221","JG9 UX9",188,"2019-02-14 10:18:17","WindowsPlayer",NA,11,"TaskEvent",0,"0.11.141",0.12489853054285,-54.343936920166,0.984734356403351,-0.041875921189785,-0.999122738838196,0,"U1 - Welcome to WAT247","74,arfRoom","U1,U1_Quest","0.11.141","TaskProgressEvent",88,"Check the Seaside Humidity",1
"3603","5c65e92ae4194c47a15804a8",4,"Development","e0e8ba1d-a1a8-492c-a490-549b4a24c221","JG9 UX9",188,"2019-02-14 10:18:17","WindowsPlayer",NA,11,"TaskEvent",0,"0.11.141",0.12489853054285,-54.343936920166,0.984734356403351,-0.041875921189785,-0.999122738838196,0,"U1 - An Amazing AI","77,collectARF","U1,U1_Quest","0.11.141","TaskActiveEvent",88,"Check the Factory Humidity",NA
"3604","5c65e989e4194c47a158061f",4,"Development","e0e8ba1d-a1a8-492c-a490-549b4a24c221","JG9 UX9",188,"2019-02-14 10:19:48","WindowsPlayer",NA,11,"TaskEvent",0,"0.11.141",-0.0948629528284073,-58.9816818237305,0.777678310871124,0.0993194952607155,-0.995055675506592,0,"U1 - An Amazing AI","77,collectARF","U1,U1_Quest","0.11.141","TaskCompleteEvent",88,"Check the Seaside Humidity",NA
"3605","5c65e989e4194c47a1580620",4,"Development","e0e8ba1d-a1a8-492c-a490-549b4a24c221","JG9 UX9",188,"2019-02-14 10:19:48","WindowsPlayer",NA,11,"TaskEvent",0,"0.11.141",-0.0948629528284073,-58.9816818237305,0.777678310871124,0.0993194952607155,-0.995055675506592,0,"U1 - An Amazing AI","77,collectARF;77,checkPoster","U1,U1_Quest","0.11.141","TaskCompleteEvent",88,"Check the Base Humidity",NA
"3606","5c65e989e4194c47a158062b",4,"Development","e0e8ba1d-a1a8-492c-a490-549b4a24c221","JG9 UX9",188,"2019-02-14 10:19:48","WindowsPlayer",NA,11,"TaskEvent",0,"0.11.141",-0.0948629528284073,-58.9816818237305,0.777678310871124,0.0993194952607155,-0.995055675506592,0,"U1 - An Amazing AI","77,collectARF","U1,U1_Quest","0.11.141","TaskActiveEvent",89,"Update the Team",NA
"3607","5c65e9d9e4194c47a1580766",4,"Development","e0e8ba1d-a1a8-492c-a490-549b4a24c221","JG9 UX9",188,"2019-02-14 10:21:12","WindowsPlayer",NA,11,"TaskEvent",0,"0.11.141",-1.782470703125,-61.3602409362793,0.777678310871124,-0.984503388404846,-0.175366520881653,0,"U1 - An Amazing AI","77,checkPoster","U1,U1_Quest","0.11.141","TaskProgressEvent",88,"Check the Base Humidity",1
"3608","5c65e9d9e4194c47a158076a",4,"Development","e0e8ba1d-a1a8-492c-a490-549b4a24c221","JG9 UX9",188,"2019-02-14 10:21:12","WindowsPlayer",NA,11,"TaskEvent",0,"0.11.141",-1.782470703125,-61.3602409362793,0.777678310871124,-0.984503388404846,-0.175366520881653,0,"U1 - An Amazing AI","77,checkPoster","U1,U1_Quest","0.11.141","TaskActiveEvent",89,"Sort this Out",NA
"3609","5c65e9d9e4194c47a158076c",4,"Development","e0e8ba1d-a1a8-492c-a490-549b4a24c221","JG9 UX9",188,"2019-02-14 10:21:12","WindowsPlayer",NA,11,"TaskEvent",0,"0.11.141",-1.782470703125,-61.3602409362793,0.777678310871124,-0.984503388404846,-0.175366520881653,0,"U1 - An Amazing AI","77,checkPoster;77,trialArg","U1,U1_Quest","0.11.141","TaskCompleteEvent",89,"Update the Team",NA
"3610","5c65ea15e4194c47a158084d",4,"Development","e0e8ba1d-a1a8-492c-a490-549b4a24c221","JG9 UX9",188,"2019-02-14 10:22:04","WindowsPlayer",NA,11,"TaskEvent",0,"0.11.141",-1.782470703125,-61.3602409362793,0.777678310871124,-0.984503388404846,-0.175366520881653,0,"U1 - An Amazing AI","77,trialArg","U1,U1_Quest","0.11.141","TaskProgressEvent",89,"Update the Team",1
"3611","5c65ea15e4194c47a1580850",4,"Development","e0e8ba1d-a1a8-492c-a490-549b4a24c221","JG9 UX9",188,"2019-02-14 10:22:04","WindowsPlayer",NA,11,"TaskEvent",0,"0.11.141",-1.782470703125,-61.3602409362793,0.777678310871124,-0.984503388404846,-0.175366520881653,0,"U1 - Time to Argue!","78,toppoTalk","U1,U1_Quest","0.11.141","TaskProgressEvent",88,"Check the Cave Humidity",1
"3612","5c65ea15e4194c47a1580857",4,"Development","e0e8ba1d-a1a8-492c-a490-549b4a24c221","JG9 UX9",188,"2019-02-14 10:22:04","WindowsPlayer",NA,11,"TaskEvent",0,"0.11.141",-1.782470703125,-61.3602409362793,0.777678310871124,-0.984503388404846,-0.175366520881653,0,"U1 - An Amazing AI,U1 - Time to Argue!",NA,"U1,U1_Quest","0.11.141","TaskActiveEvent",88,"Check the Base Humidity",NA
"3613","5c65ea6fe4194c47a15809bc",4,"Development","e0e8ba1d-a1a8-492c-a490-549b4a24c221","JG9 UX9",188,"2019-02-14 10:23:39","WindowsPlayer",NA,11,"TaskEvent",0,"0.11.141",-65.9317016601562,0.503774046897888,0.792359113693237,-0.998889863491058,0.0471069812774658,0,"U1 - Time to Argue!","78,toppoTalk","U1,U1_Quest","0.11.141","TaskCompleteEvent",88,"Check the Cave Humidity",NA
"3614","5c65ea6fe4194c47a15809bd",4,"Development","e0e8ba1d-a1a8-492c-a490-549b4a24c221","JG9 UX9",188,"2019-02-14 10:23:39","WindowsPlayer",NA,11,"TaskEvent",0,"0.11.141",-65.9317016601562,0.503774046897888,0.792359113693237,-0.998889863491058,0.0471069812774658,0,"U1 - Time to Argue!","78,toppoTalk","U1,U1_Quest","0.11.141","TaskProgressEvent",89,"Sort this Out",1
"3615","5c65ea6fe4194c47a15809c1",4,"Development","e0e8ba1d-a1a8-492c-a490-549b4a24c221","JG9 UX9",188,"2019-02-14 10:23:39","WindowsPlayer",NA,11,"TaskEvent",0,"0.11.141",-65.9317016601562,0.503774046897888,0.792359113693237,-0.998889863491058,0.0471069812774658,0,"U1 - Time to Argue!","78,toppoTalk;78,completeArg","U1,U1_Quest","0.11.141","TaskActiveEvent",89,"Counter Him Cadet",NA
"3616","5c65eaa6e4194c47a1580a95",4,"Development","e0e8ba1d-a1a8-492c-a490-549b4a24c221","JG9 UX9",188,"2019-02-14 10:17:38","WindowsPlayer",NA,11,"TaskEvent",0,"0.11.141",66.7399978637695,-2.96000003814697,0.792359113693237,0.998970568180084,-0.0453624725341797,0,"U1 - Welcome to WAT247","74,wakeup","U1,U1_Quest","0.11.141","TaskCompleteEvent",89,"Sort this Out",NA
"3617","5c65eaa6e4194c47a1580a96",4,"Development","e0e8ba1d-a1a8-492c-a490-549b4a24c221","JG9 UX9",188,"2019-02-14 10:17:38","WindowsPlayer",NA,11,"TaskEvent",0,"0.11.141",66.7399978637695,-2.96000003814697,0.792359113693237,0.998970568180084,-0.0453624725341797,0,"U1 - Welcome to WAT247","74,wakeup;74,arfRoom","U1,U1_Quest","0.11.141","TaskProgressEvent",89,"Counter Him Cadet",1
"3618","5c65eaa6e4194c47a1580a9a",4,"Development","e0e8ba1d-a1a8-492c-a490-549b4a24c221","JG9 UX9",188,"2019-02-14 10:17:38","WindowsPlayer",NA,11,"TaskEvent",0,"0.11.141",66.7399978637695,-2.96000003814697,0.792359113693237,0.998970568180084,-0.0453624725341797,0,"U1 - Welcome to WAT247","74,wakeup","U1,U1_Quest","0.11.141","TaskCompleteEvent",89,"Counter Him Cadet",NA
"3619","5c65eb64e4194c47a1580d9f",4,"Development","e0e8ba1d-a1a8-492c-a490-549b4a24c221","JG9 UX9",188,"2019-02-14 10:27:39","WindowsPlayer",NA,11,"TaskEvent",0,"0.11.141",22.3610668182373,1.55607390403748,0.787625193595886,0.988228380680084,-0.152987003326416,0,"U1 - Meet up with Jasper","79,meetJasper","U1,U1_Quest","0.11.141","TaskActiveEvent",89,"Is the Water Missing?",NA
"3620","5c65eb64e4194c47a1580da0",4,"Development","e0e8ba1d-a1a8-492c-a490-549b4a24c221","JG9 UX9",188,"2019-02-14 10:27:39","WindowsPlayer",NA,11,"TaskEvent",0,"0.11.141",22.3610668182373,1.55607390403748,0.787625193595886,0.988228380680084,-0.152987003326416,0,"U1 - Meet up with Jasper","79,meetJasper;79,followJasper","U1,U1_Quest","0.11.141","TaskCompleteEvent",65,"Check the Ruins Water Table",NA
"3621","5c65eb65e4194c47a1580da5",4,"Development","e0e8ba1d-a1a8-492c-a490-549b4a24c221","JG9 UX9",188,"2019-02-14 10:27:39","WindowsPlayer",NA,11,"TaskEvent",0,"0.11.141",22.3610668182373,1.55607390403748,0.787625193595886,0.988228380680084,-0.152987003326416,0,"U1 - Meet up with Jasper","79,meetJasper","U1,U1_Quest","0.11.141","TaskActiveEvent",88,"Check the Seaside Humidity",NA
"3622","5c65eb6ee4194c47a1580dc1",4,"Development","e0e8ba1d-a1a8-492c-a490-549b4a24c221","JG9 UX9",188,"2019-02-14 10:27:52","WindowsPlayer",NA,11,"TaskEvent",0,"0.11.141",35.3418312072754,23.7373371124268,0.979737639427185,-0.503018915653229,0.864275395870209,0,"U1 - Meet up with Jasper","79,followJasper","U1,U1_Quest","0.11.141","TaskProgressEvent",65,"Check the Ruins Water Table",1
"3623","5c65eb6ee4194c47a1580dc2",4,"Development","e0e8ba1d-a1a8-492c-a490-549b4a24c221","JG9 UX9",188,"2019-02-14 10:27:52","WindowsPlayer",NA,11,"TaskEvent",0,"0.11.141",35.3418312072754,23.7373371124268,0.979737639427185,-0.503018915653229,0.864275395870209,0,"U1 - Meet up with Jasper","79,followJasper","U1,U1_Quest","0.11.141","TaskActiveEvent",66,"Follow Jasper",NA
"3624","5c65eb6ee4194c47a1580dc3",4,"Development","e0e8ba1d-a1a8-492c-a490-549b4a24c221","JG9 UX9",188,"2019-02-14 10:27:52","WindowsPlayer",NA,11,"TaskEvent",0,"0.11.141",35.3418312072754,23.7373371124268,0.979737639427185,-0.503018915653229,0.864275395870209,0,"U1 - Meet up with Jasper","79,followJasper;79,jumpDebris","U1,U1_Quest","0.11.141","TaskCompleteEvent",89,"Is the Water Missing?",NA
"3625","5c65eb8ce4194c47a1580e37",4,"Development","e0e8ba1d-a1a8-492c-a490-549b4a24c221","JG9 UX9",188,"2019-02-14 10:28:17","WindowsPlayer",NA,11,"TaskEvent",0,"0.11.141",-0.0356928668916225,55.7058601379395,0.980474531650543,-0.00697941007092595,0.999975621700287,0,"U1 - Meet up with Jasper","79,escapePods","U1,U1_Quest","0.11.141","TaskProgressEvent",89,"Is the Water Missing?",1
"3626","5c65eb8ce4194c47a1580e38",4,"Development","e0e8ba1d-a1a8-492c-a490-549b4a24c221","JG9 UX9",188,"2019-02-14 10:28:17","WindowsPlayer",NA,11,"TaskEvent",0,"0.11.141",-0.0356928668916225,55.7058601379395,0.980474531650543,-0.00697941007092595,0.999975621700287,0,"U1 - Meet up with Jasper","79,escapePods;79,enterPod","U1,U1_Quest","0.11.141","TaskProgressEvent",66,"Follow Jasper",1
"3627","5c65eb8ce4194c47a1580e39",4,"Development","e0e8ba1d-a1a8-492c-a490-549b4a24c221","JG9 UX9",188,"2019-02-14 10:28:17","WindowsPlayer",NA,11,"TaskEvent",0,"0.11.141",-0.0356928668916225,55.7058601379395,0.980474531650543,-0.00697941007092595,0.999975621700287,0,"U1 - Meet up with Jasper","79,escapePods","U1,U1_Quest","0.11.141","TaskActiveEvent",66,"Gain Entrance to the New Ruins",NA
"3628","5c65eb91e4194c47a1580e4f",4,"Development","e0e8ba1d-a1a8-492c-a490-549b4a24c221","JG9 UX9",188,"2019-02-14 10:28:33","WindowsPlayer",NA,11,"TaskEvent",0,"0.11.141",-0.0454249493777752,70.7050094604492,0.979999959468842,0.0122188497334719,0.999925374984741,0,"U1 - Meet up with Jasper","79,enterPod","U1,U1_Quest","0.11.141","TaskCompleteEvent",66,"Follow Jasper",NA
"3629","5c65eb92e4194c47a1580e5d",4,"Development","e0e8ba1d-a1a8-492c-a490-549b4a24c221","JG9 UX9",188,"2019-02-14 10:28:33","WindowsPlayer",NA,11,"TaskEvent",0,"0.11.141",-0.0454249493777752,70.7050094604492,0.979999959468842,0.0122188497334719,0.999925374984741,0,"",NA,"U1,U1_Quest","0.11.141","TaskProgressEvent",50,"watershed",1
"3630","5c65ebb7e4194c47a1580ec5",4,"Development","e0e8ba1d-a1a8-492c-a490-549b4a24c221","JG9 UX9",188,"2019-02-14 10:29:01","WindowsPlayer",NA,11,"TaskEvent",0,"0.11.141",675.669982910156,1129.66003417969,98.5059509277344,-0.0337118096649647,-0.999431610107422,0,"Find Toppo's Posters","49,poster1;49,poster2;49,poster3;49,poster4","U2,U2_Collectibles,U2_Quests","0.11.141","TaskCompleteEvent",50,"watershed",NA
"3631","5c65ebb7e4194c47a1580ec8",4,"Development","e0e8ba1d-a1a8-492c-a490-549b4a24c221","JG9 UX9",188,"2019-02-14 10:29:01","WindowsPlayer",NA,11,"TaskEvent",0,"0.11.141",675.669982910156,1129.66003417969,98.5059509277344,-0.0337118096649647,-0.999431610107422,0,"Find Toppo's Posters","49,poster1;49,poster2","U2,U2_Collectibles,U2_Quests","0.11.141","TaskActiveEvent",66,"Complete the First Wing",NA
"3632","5c65ebb7e4194c47a1580ec9",4,"Development","e0e8ba1d-a1a8-492c-a490-549b4a24c221","JG9 UX9",188,"2019-02-14 10:29:01","WindowsPlayer",NA,11,"TaskEvent",0,"0.11.141",675.669982910156,1129.66003417969,98.5059509277344,-0.0337118096649647,-0.999431610107422,0,"Find Toppo's Posters","49,poster1;49,poster2;49,poster3","U2,U2_Collectibles,U2_Quests","0.11.141","TaskProgressEvent",66,"Gain Entrance to the New Ruins",1
"3633","5c65ebb7e4194c47a1580ed0",4,"Development","e0e8ba1d-a1a8-492c-a490-549b4a24c221","JG9 UX9",188,"2019-02-14 10:29:01","WindowsPlayer",NA,11,"TaskEvent",0,"0.11.141",675.669982910156,1129.66003417969,98.5059509277344,-0.0337118096649647,-0.999431610107422,0,"Find Toppo's Posters",NA,"U2,U2_Collectibles,U2_Quests","0.11.141","TaskCompleteEvent",66,"Gain Entrance to the New Ruins",NA
"3634","5c65ebb8e4194c47a1580ed1",4,"Development","e0e8ba1d-a1a8-492c-a490-549b4a24c221","JG9 UX9",188,"2019-02-14 10:29:01","WindowsPlayer",NA,11,"TaskEvent",0,"0.11.141",675.669982910156,1129.66003417969,98.5059509277344,-0.0337118096649647,-0.999431610107422,0,"Find Toppo's Posters","49,poster1","U2,U2_Collectibles,U2_Quests","0.11.141","TaskCompleteEvent",66,"Complete the First Wing",NA
"3635","5c65ebb8e4194c47a1580ed2",4,"Development","e0e8ba1d-a1a8-492c-a490-549b4a24c221","JG9 UX9",188,"2019-02-14 10:29:01","WindowsPlayer",NA,11,"TaskEvent",0,"0.11.141",675.669982910156,1129.66003417969,98.5059509277344,-0.0337118096649647,-0.999431610107422,0,"Find Toppo's Posters","49,poster1;49,poster2;49,poster3;49,poster4;49,poster5","U2,U2_Collectibles,U2_Quests","0.11.141","TaskProgressEvent",66,"Complete the First Wing",1
"3636","5c65ebf4e4194c47a1580fbf",4,"Development","e0e8ba1d-a1a8-492c-a490-549b4a24c221","JG9 UX9",188,"2019-02-14 10:30:10","WindowsPlayer",NA,11,"TaskEvent",0,"0.11.141",668.749877929688,1133.20812988281,100.058479309082,-0.996446192264557,0.0842329859733582,0,"Find Toppo's Posters,What just happened?","49,poster1;49,poster2;49,poster3;49,poster4;49,poster5;49,poster6","U2,U2_Collectibles,U2_Quests","0.11.141","TaskActiveEvent",66,"Complete the Second Wing",NA
"3637","5c65ec44e4194c47a15810fa",4,"Development","e0e8ba1d-a1a8-492c-a490-549b4a24c221","JG9 UX9",188,"2019-02-14 10:31:22","WindowsPlayer",NA,11,"TaskEvent",0,"0.11.141",641.846862792969,1206.23315429688,107.767517089844,0.194781616330147,0.980846643447876,0,"Find Toppo's Posters,What just happened?","49,poster1;49,poster2;49,poster3;49,poster4;49,poster5;49,poster6;51,scrap","U2,U2_Collectibles,U2_Quests","0.11.141","TaskProgressEvent",66,"Complete the Second Wing",1
"3638","5c65ec4ee4194c47a158112a",4,"Development","e0e8ba1d-a1a8-492c-a490-549b4a24c221","JG9 UX9",188,"2019-02-14 10:31:32","WindowsPlayer",NA,11,"TaskEvent",0,"0.11.141",656.734008789062,1240.17712402344,107.767524719238,-0.0761623382568359,0.99709540605545,0,"Find Toppo's Posters,What just happened?","49,poster1;49,poster2;49,poster3;49,poster4;49,poster5;49,poster6;51,scrap","U2,U2_Collectibles,U2_Quests","0.11.141","TaskCompleteEvent",66,"Complete the Second Wing",NA
"3639","5c65ec53e4194c47a1581140",4,"Development","e0e8ba1d-a1a8-492c-a490-549b4a24c221","JG9 UX9",188,"2019-02-14 10:31:45","WindowsPlayer",NA,11,"TaskEvent",0,"0.11.141",710.983154296875,1218.43725585938,107.252220153809,0.922322511672974,-0.386421084403992,0,"Find Toppo's Posters,What just happened?","49,poster1;49,poster2;49,poster3;49,poster4;49,poster5;49,poster6;51,scrap","U2,U2_Collectibles,U2_Quests","0.11.141","TaskActiveEvent",66,"Complete the Third Wing",NA
"3640","5c65ec53e4194c47a1581141",4,"Development","e0e8ba1d-a1a8-492c-a490-549b4a24c221","JG9 UX9",188,"2019-02-14 10:31:45","WindowsPlayer",NA,11,"TaskEvent",0,"0.11.141",710.983154296875,1218.43725585938,107.252220153809,0.922322511672974,-0.386421084403992,0,"Find Toppo's Posters,What just happened?","49,poster1;49,poster2;49,poster3;49,poster4;49,poster5;49,poster6;51,scrap","U2,U2_Collectibles,U2_Quests","0.11.141","TaskProgressEvent",66,"Complete the Third Wing",1
"3641","5c65ec53e4194c47a1581144",4,"Development","e0e8ba1d-a1a8-492c-a490-549b4a24c221","JG9 UX9",188,"2019-02-14 10:31:45","WindowsPlayer",NA,11,"TaskEvent",0,"0.11.141",710.983154296875,1218.43725585938,107.252220153809,0.922322511672974,-0.386421084403992,0,"Find Toppo's Posters,What just happened?","49,poster1;49,poster2;49,poster3;49,poster4;49,poster5;49,poster6;51,scrap;51,hoverboard","U2,U2_Collectibles,U2_Quests","0.11.141","TaskCompleteEvent",66,"Complete the Third Wing",NA
"3642","5c65ecf3e4194c47a15813bd",4,"Development","e0e8ba1d-a1a8-492c-a490-549b4a24c221","JG9 UX9",188,"2019-02-14 10:34:20","WindowsPlayer",NA,11,"TaskEvent",0,"0.11.141",725.75634765625,1512.19262695312,125.656669616699,0.870631456375122,0.491936028003693,0,"Find Toppo's Posters,What just happened?","49,poster1;49,poster3;49,poster4;49,poster5;49,poster6;51,communications","U2,U2_Collectibles,U2_Quests","0.11.141","TaskActiveEvent",66,"Enter the Alien Teleporter",NA
"3643","5c65ecf3e4194c47a15813bf",4,"Development","e0e8ba1d-a1a8-492c-a490-549b4a24c221","JG9 UX9",188,"2019-02-14 10:34:20","WindowsPlayer",NA,11,"TaskEvent",0,"0.11.141",725.75634765625,1512.19262695312,125.656669616699,0.870631456375122,0.491936028003693,0,"Find Toppo's Posters,What just happened?,Find the Team","49,poster1;49,poster3;49,poster4;49,poster5;49,poster6","U2,U2_Collectibles,U2_Quests","0.11.141","TaskCompleteEvent",66,"Enter the Alien Teleporter",NA
"3644","5c65ecf3e4194c47a15813c3",4,"Development","e0e8ba1d-a1a8-492c-a490-549b4a24c221","JG9 UX9",188,"2019-02-14 10:34:20","WindowsPlayer",NA,11,"TaskEvent",0,"0.11.141",725.75634765625,1512.19262695312,125.656669616699,0.870631456375122,0.491936028003693,0,"Find Toppo's Posters,Find the Team","49,poster1;49,poster3;49,poster4;49,poster5;49,poster6;20,Find the team","U2,U2_Collectibles,U2_Quests","0.11.141","TaskActiveEvent",90,"Enter the Alien Base",NA
"3645","5c65ecfde4194c47a15813e5",4,"Development","e0e8ba1d-a1a8-492c-a490-549b4a24c221","JG9 UX9",188,"2019-02-14 10:33:56","WindowsPlayer",NA,11,"TaskEvent",0,"0.11.141",726.718811035156,1512.85632324219,125.466102600098,0.518505454063416,0.855074346065521,0,"Find Toppo's Posters,What just happened?","49,poster1;49,poster2;49,poster3;49,poster4;49,poster5;49,poster6;51,communications","U2,U2_Collectibles,U2_Quests","0.11.141","TaskProgressEvent",66,"Enter the Alien Teleporter",1
"3646","5c65ecfde4194c47a15813ed",4,"Development","e0e8ba1d-a1a8-492c-a490-549b4a24c221","JG9 UX9",188,"2019-02-14 10:33:56","WindowsPlayer",NA,11,"TaskEvent",0,"0.11.141",726.718811035156,1512.85632324219,125.466102600098,0.518505454063416,0.855074346065521,0,"Find Toppo's Posters,What just happened?","49,poster1;49,poster2;49,poster3;49,poster4;49,poster5;49,poster6;51,communications","U2,U2_Collectibles,U2_Quests","0.11.141","TaskProgressEvent",90,"Enter the Alien Base",1
"3647","5c65ed39e4194c47a15814db",4,"Development","e0e8ba1d-a1a8-492c-a490-549b4a24c221","JG9 UX9",188,"2019-02-14 10:35:36","WindowsPlayer",NA,11,"TaskEvent",0,"0.11.141",1060.92822265625,1759.0908203125,105.607482910156,0.450379401445389,-0.892837405204773,0,"Find Toppo's Posters,Find the Team","49,poster1;49,poster3;49,poster4;49,poster5;49,poster6;20,Talk with Dr. Topo","U2,U2_Collectibles,U2_Quests","0.11.141","TaskActiveEvent",90,"Operate the Alien Console",NA
"3648","5c65ed39e4194c47a15814e1",4,"Development","e0e8ba1d-a1a8-492c-a490-549b4a24c221","JG9 UX9",188,"2019-02-14 10:35:36","WindowsPlayer",NA,11,"TaskEvent",0,"0.11.141",1060.92822265625,1759.0908203125,105.607482910156,0.450379401445389,-0.892837405204773,0,"Find Toppo's Posters,Find the Team,Settling WAT247","49,poster1;49,poster3;49,poster4;49,poster5;49,poster6","U2,U2_Collectibles,U2_Quests","0.11.141","TaskCompleteEvent",90,"Enter the Alien Base",NA
"3649","5c65ed39e4194c47a15814e3",4,"Development","e0e8ba1d-a1a8-492c-a490-549b4a24c221","JG9 UX9",188,"2019-02-14 10:35:36","WindowsPlayer",NA,11,"TaskEvent",0,"0.11.141",1060.92822265625,1759.0908203125,105.607482910156,0.450379401445389,-0.892837405204773,0,"Find Toppo's Posters,Settling WAT247","49,poster1;49,poster3;49,poster4;49,poster5;49,poster6;22,Talk to Anderson","U2,U2_Collectibles,U2_Quests","0.11.141","TaskActiveEvent",67,"Reverse the Water",NA
"3650","5c65ed3ee4194c47a15814f0",4,"Development","e0e8ba1d-a1a8-492c-a490-549b4a24c221","JG9 UX9",188,"2019-02-14 10:35:30","WindowsPlayer",NA,11,"TaskEvent",0,"0.11.141",1006.60791015625,1762.08984375,122.90705871582,0.935863018035889,-0.352364063262939,0,"Find Toppo's Posters,Find the Team","49,poster1;49,poster3;49,poster4;49,poster5;49,poster6;20,Find the team","U2,U2_Collectibles,U2_Quests","0.11.141","TaskProgressEvent",90,"Operate the Alien Console",1
"3651","5c65ed3ee4194c47a15814f1",4,"Development","e0e8ba1d-a1a8-492c-a490-549b4a24c221","JG9 UX9",188,"2019-02-14 10:35:30","WindowsPlayer",NA,11,"TaskEvent",0,"0.11.141",1006.60791015625,1762.08984375,122.90705871582,0.935863018035889,-0.352364063262939,0,"Find Toppo's Posters,Find the Team","49,poster1;49,poster3;49,poster4;49,poster5;49,poster6;20,Find the team","U2,U2_Collectibles,U2_Quests","0.11.141","TaskCompleteEvent",90,"Operate the Alien Console",NA
"3652","5c65ed3fe4194c47a15814f5",4,"Development","e0e8ba1d-a1a8-492c-a490-549b4a24c221","JG9 UX9",188,"2019-02-14 10:35:30","WindowsPlayer",NA,11,"TaskEvent",0,"0.11.141",1006.60791015625,1762.08984375,122.90705871582,0.935863018035889,-0.352364063262939,0,"Find Toppo's Posters,Find the Team","49,poster1;49,poster3;49,poster4;49,poster5;49,poster6;20,Find the team;20,Talk with Dr. Topo","U2,U2_Collectibles,U2_Quests","0.11.141","TaskProgressEvent",67,"Reverse the Water",1
"3653","5c65ed52e4194c47a1581548",4,"Development","e0e8ba1d-a1a8-492c-a490-549b4a24c221","JG9 UX9",188,"2019-02-14 10:35:53","WindowsPlayer",NA,11,"TaskEvent",0,"0.11.141",1060.92822265625,1759.0908203125,105.607482910156,0.450379401445389,-0.892837405204773,0,"Find Toppo's Posters,Settling WAT247,Crash Diagnostics - Mountains","49,poster1;49,poster3;49,poster4;49,poster5;49,poster6;22,Talk to Anderson","U2,U2_Collectibles,U2_Quests","0.11.141","TaskActiveEvent",67,"Open the 2nd Blast Door",NA
"3654","5c65edc6e4194c47a1581722",4,"Development","e0e8ba1d-a1a8-492c-a490-549b4a24c221","JG9 UX9",188,"2019-02-14 10:37:51","WindowsPlayer",NA,11,"TaskEvent",0,"0.11.141",1042.25280761719,1738.56665039062,104.374092102051,0.850186884403229,0.526481032371521,0,"Find Toppo's Posters,Settling WAT247,Crash Diagnostics - Mountains","49,poster1;49,poster3;49,poster4;49,poster5;49,poster6;22,Talk to Anderson;46,jasper","U2,U2_Collectibles,U2_Quests","0.11.141","TaskCompleteEvent",67,"Reverse the Water",NA
"3655","5c65edc6e4194c47a1581728",4,"Development","e0e8ba1d-a1a8-492c-a490-549b4a24c221","JG9 UX9",188,"2019-02-14 10:37:51","WindowsPlayer",NA,11,"TaskEvent",0,"0.11.141",1042.25280761719,1738.56665039062,104.374092102051,0.850186884403229,0.526481032371521,0,"Find Toppo's Posters,Settling WAT247,Crash Diagnostics - Mountains","49,poster1;49,poster3;49,poster4;49,poster5;49,poster6;22,Talk to Anderson;46,jasper","U2,U2_Collectibles,U2_Quests","0.11.141","TaskProgressEvent",67,"Open the 2nd Blast Door",1
"3656","5c65edc6e4194c47a1581729",4,"Development","e0e8ba1d-a1a8-492c-a490-549b4a24c221","JG9 UX9",188,"2019-02-14 10:37:51","WindowsPlayer",NA,11,"TaskEvent",0,"0.11.141",1042.25280761719,1738.56665039062,104.374092102051,0.850186884403229,0.526481032371521,0,"Find Toppo's Posters,Settling WAT247,Crash Diagnostics - Mountains","49,poster1;49,poster3;49,poster4;49,poster5;49,poster6;22,Talk to Anderson;46,jasper;22,Talk to Sam","U2,U2_Collectibles,U2_Quests","0.11.141","TaskCompleteEvent",67,"Open the 2nd Blast Door",NA
"3657","5c65eddae4194c47a1581770",4,"Development","e0e8ba1d-a1a8-492c-a490-549b4a24c221","JG9 UX9",188,"2019-02-14 10:38:10","WindowsPlayer",NA,11,"TaskEvent",0,"0.11.141",1058.61157226562,1733.9130859375,99.9332733154297,0.974885940551758,0.22270542383194,0,"Find Toppo's Posters,Settling WAT247,Crash Diagnostics - Mountains","49,poster1;49,poster3;49,poster4;49,poster5;49,poster6;46,jasper;22,Talk to Sam","U2,U2_Collectibles,U2_Quests","0.11.141","TaskActiveEvent",67,"Open the 3rd Blast Door",NA
"3658","5c65eddae4194c47a1581772",4,"Development","e0e8ba1d-a1a8-492c-a490-549b4a24c221","JG9 UX9",188,"2019-02-14 10:38:10","WindowsPlayer",NA,11,"TaskEvent",0,"0.11.141",1058.61157226562,1733.9130859375,99.9332733154297,0.974885940551758,0.22270542383194,0,"Find Toppo's Posters,Settling WAT247,Crash Diagnostics - Mountains","49,poster1;49,poster3;49,poster4;49,poster5;49,poster6;46,jasper;22,Talk to Sam","U2,U2_Collectibles,U2_Quests","0.11.141","TaskProgressEvent",67,"Open the 3rd Blast Door",1
"3659","5c65eddae4194c47a1581773",4,"Development","e0e8ba1d-a1a8-492c-a490-549b4a24c221","JG9 UX9",188,"2019-02-14 10:38:10","WindowsPlayer",NA,11,"TaskEvent",0,"0.11.141",1058.61157226562,1733.9130859375,99.9332733154297,0.974885940551758,0.22270542383194,0,"Find Toppo's Posters,Settling WAT247,Crash Diagnostics - Mountains","49,poster1;49,poster3;49,poster4;49,poster5;49,poster6;46,jasper;22,Talk to Sam;22,Talk to Bill","U2,U2_Collectibles,U2_Quests","0.11.141","TaskActiveEvent",67,"Thaw the Ice",NA
"3660","5c65ede9e4194c47a15817ba",4,"Development","e0e8ba1d-a1a8-492c-a490-549b4a24c221","JG9 UX9",188,"2019-02-14 10:38:32","WindowsPlayer",NA,11,"TaskEvent",0,"0.11.141",1050.05456542969,1728.80041503906,100.373321533203,0.946266412734985,0.323388159275055,0,"Find Toppo's Posters,Settling WAT247,Crash Diagnostics - Mountains","49,poster1;49,poster3;49,poster4;49,poster5;49,poster6;46,jasper;22,Talk to Bill","U2,U2_Collectibles,U2_Quests","0.11.141","TaskProgressEvent",67,"Thaw the Ice",1
"3661","5c65ede9e4194c47a15817bd",4,"Development","e0e8ba1d-a1a8-492c-a490-549b4a24c221","JG9 UX9",188,"2019-02-14 10:38:32","WindowsPlayer",NA,11,"TaskEvent",0,"0.11.141",1050.05456542969,1728.80041503906,100.373321533203,0.946266412734985,0.323388159275055,0,"Find Toppo's Posters,Settling WAT247,Crash Diagnostics - Mountains","49,poster1;49,poster3;49,poster4;49,poster5;49,poster6;46,jasper;22,Talk to Bill","U2,U2_Collectibles,U2_Quests","0.11.141","TaskCompleteEvent",67,"Open the 3rd Blast Door",NA
"3662","5c65ede9e4194c47a15817be",4,"Development","e0e8ba1d-a1a8-492c-a490-549b4a24c221","JG9 UX9",188,"2019-02-14 10:38:32","WindowsPlayer",NA,11,"TaskEvent",0,"0.11.141",1050.05456542969,1728.80041503906,100.373321533203,0.946266412734985,0.323388159275055,0,"Find Toppo's Posters,Settling WAT247,Crash Diagnostics - Mountains","49,poster1;49,poster3;49,poster4;49,poster5;49,poster6;46,jasper;22,Talk to Bill;22,Sample the east waterfall","U2,U2_Collectibles,U2_Quests","0.11.141","TaskActiveEvent",67,"Open the 4th Blast Door",NA
"3663","5c65ee6be4194c47a15819bb",4,"Development","e0e8ba1d-a1a8-492c-a490-549b4a24c221","JG9 UX9",188,"2019-02-14 10:40:41","WindowsPlayer",NA,11,"TaskEvent",0,"0.11.141",1275.48364257812,844.889099121094,104.137252807617,-0.743938028812408,0.668248653411865,0,"Find Toppo's Posters,Settling WAT247,Crash Diagnostics - Mountains,History of WAT247","49,poster1;49,poster3;49,poster4;49,poster5;49,poster6;46,jasper;22,Sample the east waterfall;50,watershed;50,dissolved materials","U2,U2_Collectibles,U2_Quests","0.11.141","TaskCompleteEvent",67,"Thaw the Ice",NA
"3664","5c65ee6be4194c47a15819bc",4,"Development","e0e8ba1d-a1a8-492c-a490-549b4a24c221","JG9 UX9",188,"2019-02-14 10:40:41","WindowsPlayer",NA,11,"TaskEvent",0,"0.11.141",1275.48364257812,844.889099121094,104.137252807617,-0.743938028812408,0.668248653411865,0,"Find Toppo's Posters,Settling WAT247,Crash Diagnostics - Mountains,History of WAT247","49,poster1;49,poster3;49,poster4;49,poster5;49,poster6;46,jasper;22,Sample the east waterfall;50,watershed;50,dissolved materials;50,infiltration","U2,U2_Collectibles,U2_Quests","0.11.141","TaskProgressEvent",67,"Open the 4th Blast Door",1
"3665","5c65ee6ce4194c47a15819c6",4,"Development","e0e8ba1d-a1a8-492c-a490-549b4a24c221","JG9 UX9",188,"2019-02-14 10:40:41","WindowsPlayer",NA,11,"TaskEvent",0,"0.11.141",1275.48364257812,844.889099121094,104.137252807617,-0.743938028812408,0.668248653411865,0,"Find Toppo's Posters,Settling WAT247,Crash Diagnostics - Mountains,History of WAT247","49,poster1;49,poster3;49,poster4;49,poster5;49,poster6;46,jasper;22,Sample the east waterfall","U2,U2_Collectibles,U2_Quests","0.11.141","TaskActiveEvent",67,"Condense the Water",NA
"3666","5c65ee6ce4194c47a15819c7",4,"Development","e0e8ba1d-a1a8-492c-a490-549b4a24c221","JG9 UX9",188,"2019-02-14 10:40:41","WindowsPlayer",NA,11,"TaskEvent",0,"0.11.141",1275.48364257812,844.889099121094,104.137252807617,-0.743938028812408,0.668248653411865,0,"Find Toppo's Posters,Settling WAT247,Crash Diagnostics - Mountains,History of WAT247","49,poster1;49,poster3;49,poster4;49,poster5;49,poster6;46,jasper;22,Sample the east waterfall;50,watershed","U2,U2_Collectibles,U2_Quests","0.11.141","TaskCompleteEvent",67,"Close the 4th Blast Door",NA
"3667","5c65ee9de4194c47a1581a84",4,"Development","e0e8ba1d-a1a8-492c-a490-549b4a24c221","JG9 UX9",188,"2019-02-14 10:41:26","WindowsPlayer",NA,11,"TaskEvent",0,"0.11.141",1118.64453125,922.298828125,140.453842163086,-0.609702050685883,0.792630672454834,0,"Find Toppo's Posters,Settling WAT247,Crash Diagnostics - Mountains,History of WAT247","49,poster1;49,poster3;49,poster4;49,poster5;49,poster6;46,jasper;22,Sample the east waterfall;50,watershed;50,dissolved materials;50,infiltration;50,energy","U2,U2_Collectibles,U2_Quests","0.11.141","TaskCompleteEvent",67,"Condense the Water",NA
"3668","5c65ee9de4194c47a1581a8e",4,"Development","e0e8ba1d-a1a8-492c-a490-549b4a24c221","JG9 UX9",188,"2019-02-14 10:41:26","WindowsPlayer",NA,11,"TaskEvent",0,"0.11.141",1118.64453125,922.298828125,140.453842163086,-0.609702050685883,0.792630672454834,0,"Find Toppo's Posters,Settling WAT247,Crash Diagnostics - Mountains,History of WAT247","49,poster1;49,poster3;49,poster4;49,poster5;49,poster6;46,jasper;22,Sample the east waterfall;50,watershed;50,dissolved materials;50,infiltration;50,energy","U2,U2_Collectibles,U2_Quests","0.11.141","TaskCompleteEvent",67,"Re-open the 4th Blast Door",NA
"3669","5c65eec0e4194c47a1581b0d",4,"Development","e0e8ba1d-a1a8-492c-a490-549b4a24c221","JG9 UX9",188,"2019-02-14 10:42:06","WindowsPlayer",NA,11,"TaskEvent",0,"0.11.141",1201.10559082031,878.915161132812,149.853820800781,0.00816841796040535,-0.999966621398926,0,"Find Toppo's Posters,Settling WAT247,Crash Diagnostics - Mountains,History of WAT247","49,poster1;49,poster3;49,poster4;49,poster5;49,poster6;46,jasper;22,Sample the east waterfall;50,dissolved materials;50,infiltration;50,energy","U2,U2_Collectibles,U2_Quests","0.11.141","TaskActiveEvent",68,"Return to the Teleporter",NA
"3670","5c65eec0e4194c47a1581b13",4,"Development","e0e8ba1d-a1a8-492c-a490-549b4a24c221","JG9 UX9",188,"2019-02-14 10:42:06","WindowsPlayer",NA,11,"TaskEvent",0,"0.11.141",1201.10559082031,878.915161132812,149.853820800781,0.00816841796040535,-0.999966621398926,0,"Find Toppo's Posters,Settling WAT247,History of WAT247","49,poster1;49,poster3;49,poster4;49,poster5;49,poster6;22,Sample the east waterfall;50,dissolved materials;50,infiltration;50,energy","U2,U2_Collectibles,U2_Quests","0.11.141","TaskProgressEvent",67,"Close the 4th Blast Door",1
"3671","5c65ef07e4194c47a1581c28",4,"Development","e0e8ba1d-a1a8-492c-a490-549b4a24c221","JG9 UX9",188,"2019-02-14 10:43:15","WindowsPlayer",NA,11,"TaskEvent",0,"0.11.141",1666.31201171875,288.1181640625,52.1005516052246,0.481264263391495,-0.876575469970703,0,"Find Toppo's Posters,Settling WAT247,History of WAT247","49,poster1;49,poster3;49,poster4;49,poster5;49,poster6;22,Sample the east waterfall;50,dissolved materials;50,infiltration;50,energy","U2,U2_Collectibles,U2_Quests,U2_LeftWaterfall","0.11.141","TaskProgressEvent",67,"Re-open the 4th Blast Door",1
"3672","5c65ef07e4194c47a1581c2e",4,"Development","e0e8ba1d-a1a8-492c-a490-549b4a24c221","JG9 UX9",188,"2019-02-14 10:43:15","WindowsPlayer",NA,11,"TaskEvent",0,"0.11.141",1666.31201171875,288.1181640625,52.1005516052246,0.481264263391495,-0.876575469970703,0,"Find Toppo's Posters,Settling WAT247,History of WAT247","49,poster1;49,poster3;49,poster4;49,poster5;49,poster6;22,Sample the east waterfall;50,dissolved materials;50,infiltration;50,energy","U2,U2_Collectibles,U2_Quests,U2_LeftWaterfall","0.11.141","TaskActiveEvent",67,"Close the 4th Blast Door",NA
"3673","5c65ef07e4194c47a1581c2f",4,"Development","e0e8ba1d-a1a8-492c-a490-549b4a24c221","JG9 UX9",188,"2019-02-14 10:43:15","WindowsPlayer",NA,11,"TaskEvent",0,"0.11.141",1666.31201171875,288.1181640625,52.1005516052246,0.481264263391495,-0.876575469970703,0,"Find Toppo's Posters,Settling WAT247,History of WAT247","49,poster1;49,poster3;49,poster4;49,poster5;49,poster6;22,Sample the east waterfall;50,dissolved materials;50,infiltration;50,energy;22,Sample the west waterfall","U2,U2_Collectibles,U2_Quests,U2_LeftWaterfall","0.11.141","TaskCompleteEvent",67,"Open the 4th Blast Door",NA
"3674","5c65ef2ae4194c47a1581cb3",4,"Development","e0e8ba1d-a1a8-492c-a490-549b4a24c221","JG9 UX9",188,"2019-02-14 10:30:26","WindowsPlayer",NA,11,"TaskEvent",0,"0.11.141",673.927490234375,1125.29870605469,98.1667251586914,0.34968501329422,-0.936867356300354,0,"Find Toppo's Posters,What just happened?","49,poster1;49,poster2;49,poster3;49,poster4;49,poster5;49,poster6;51,pod","U2,U2_Collectibles,U2_Quests","0.11.141","TaskProgressEvent",67,"Condense the Water",1
"3675","5c65ef2ae4194c47a1581cb6",4,"Development","e0e8ba1d-a1a8-492c-a490-549b4a24c221","JG9 UX9",188,"2019-02-14 10:30:26","WindowsPlayer",NA,11,"TaskEvent",0,"0.11.141",673.927490234375,1125.29870605469,98.1667251586914,0.34968501329422,-0.936867356300354,0,"Find Toppo's Posters,What just happened?,Crash Diagnostics - Mountains","49,poster1;49,poster2;49,poster3;49,poster4;49,poster5;49,poster6;51,pod;44,your pod","U2,U2_Collectibles,U2_Quests","0.11.141","TaskActiveEvent",67,"Re-open the 4th Blast Door",NA
"3676","5c65ef43e4194c47a1581d26",4,"Development","e0e8ba1d-a1a8-492c-a490-549b4a24c221","JG9 UX9",188,"2019-02-14 10:44:19","WindowsPlayer",NA,11,"TaskEvent",0,"0.11.141",0.232845351099968,-48.4172019958496,0.980000019073486,0.125333249568939,0.992114722728729,0,"Find Toppo's Posters,Settling WAT247,History of WAT247,Welcome to CREi","49,poster1;49,poster3;49,poster4;49,poster5;49,poster6;50,dissolved materials;50,infiltration;50,energy;22,Sample the west waterfall","CREi","0.11.141","TaskProgressEvent",68,"Return to the Teleporter",1
"3677","5c65ef66e4194c47a1581dae",4,"Development","e0e8ba1d-a1a8-492c-a490-549b4a24c221","JG9 UX9",188,"2019-02-14 10:44:51","WindowsPlayer",NA,11,"TaskEvent",0,"0.11.141",0.927727937698364,-38.5902824401855,0.979999959468842,0.601815223693848,0.798635363578796,0,"Find Toppo's Posters,Settling WAT247,History of WAT247,Welcome to CREi","49,poster1;49,poster3;49,poster4;49,poster5;49,poster6;50,dissolved materials;50,infiltration;50,energy;22,Sample the west waterfall;84,Spawn a Component","CREi","0.11.141","TaskActiveEvent",68,"Talk with Toppo",NA
"3678","5c65ef66e4194c47a1581db2",4,"Development","e0e8ba1d-a1a8-492c-a490-549b4a24c221","JG9 UX9",188,"2019-02-14 10:44:51","WindowsPlayer",NA,11,"TaskEvent",0,"0.11.141",0.927727937698364,-38.5902824401855,0.979999959468842,0.601815223693848,0.798635363578796,0,"Find Toppo's Posters,Settling WAT247,History of WAT247,Welcome to CREi","49,poster1;49,poster3;49,poster4;49,poster5;49,poster6;50,dissolved materials;50,infiltration;50,energy;22,Sample the west waterfall;84,Spawn a Component","CREi","0.11.141","TaskCompleteEvent",68,"Return to the Teleporter",NA
"3679","5c65ef66e4194c47a1581db3",4,"Development","e0e8ba1d-a1a8-492c-a490-549b4a24c221","JG9 UX9",188,"2019-02-14 10:44:51","WindowsPlayer",NA,11,"TaskEvent",0,"0.11.141",0.927727937698364,-38.5902824401855,0.979999959468842,0.601815223693848,0.798635363578796,0,"Find Toppo's Posters,Settling WAT247,History of WAT247,Welcome to CREi","49,poster1;49,poster3;49,poster4;49,poster5;49,poster6;50,dissolved materials;50,infiltration;50,energy;22,Sample the west waterfall;84,Spawn a Component;84,Identify a Component","CREi","0.11.141","TaskCompleteEvent",68,"Talk with Toppo",NA
"3680","5c65f07ae4194c47a1582204",4,"Development","e0e8ba1d-a1a8-492c-a490-549b4a24c221","JG9 UX9",188,"2019-02-14 10:49:27","WindowsPlayer",NA,11,"TaskEvent",0,"0.11.141",0.170000001788139,-38.7799987792969,0.980000019073486,-0.00872520077973604,0.999961912631989,0,"Find Toppo's Posters,Settling WAT247,History of WAT247,Welcome to CREi","49,poster1;49,poster3;49,poster4;49,poster5;49,poster6;50,dissolved materials;50,infiltration;50,energy;22,Sample the west waterfall;84,Identify a Component","CREi","0.11.141","TaskProgressEvent",68,"Talk with Toppo",1
"3681","5c65f07ae4194c47a1582205",4,"Development","e0e8ba1d-a1a8-492c-a490-549b4a24c221","JG9 UX9",188,"2019-02-14 10:49:27","WindowsPlayer",NA,11,"TaskEvent",0,"0.11.141",0.170000001788139,-38.7799987792969,0.980000019073486,-0.00872520077973604,0.999961912631989,0,"Find Toppo's Posters,Settling WAT247,History of WAT247,Welcome to CREi","49,poster1;49,poster3;49,poster4;49,poster5;49,poster6;50,dissolved materials;50,infiltration;50,energy;22,Sample the west waterfall;84,Identify a Component","CREi","0.11.141","TaskActiveEvent",74,"wakeup",NA
"3682","5c65f07ae4194c47a158220f",4,"Development","e0e8ba1d-a1a8-492c-a490-549b4a24c221","JG9 UX9",188,"2019-02-14 10:49:27","WindowsPlayer",NA,11,"TaskEvent",0,"0.11.141",0.170000001788139,-38.7799987792969,0.980000019073486,-0.00872520077973604,0.999961912631989,0,"Find Toppo's Posters,Settling WAT247,History of WAT247,Welcome to CREi","49,poster1;49,poster3;49,poster4;49,poster5;49,poster6;50,dissolved materials;50,infiltration;50,energy;22,Sample the west waterfall;84,Identify a Component;84,And all the rest","CREi","0.11.141","TaskProgressEvent",74,"wakeup",1
"3683","5c65f09de4194c47a158229b",4,"Development","e0e8ba1d-a1a8-492c-a490-549b4a24c221","JG9 UX9",188,"2019-02-14 10:49:59","WindowsPlayer",NA,11,"TaskEvent",0,"0.11.141",0.170000001788139,-38.7799987792969,0.980000019073486,-0.109732963144779,0.993961095809937,0,"Find Toppo's Posters,Settling WAT247,History of WAT247,Welcome to CREi","49,poster1;49,poster3;49,poster4;49,poster5;49,poster6;50,dissolved materials;50,infiltration;50,energy;22,Sample the west waterfall;84,And all the rest","CREi","0.11.141","TaskActiveEvent",74,"arfRoom",NA
"3684","5c65f09de4194c47a15822a4",4,"Development","e0e8ba1d-a1a8-492c-a490-549b4a24c221","JG9 UX9",188,"2019-02-14 10:49:59","WindowsPlayer",NA,11,"TaskEvent",0,"0.11.141",0.170000001788139,-38.7799987792969,0.980000019073486,-0.109732963144779,0.993961095809937,0,"Find Toppo's Posters,Settling WAT247,History of WAT247,Welcome to CREi","49,poster1;49,poster3;49,poster4;49,poster5;49,poster6;50,dissolved materials;50,infiltration;50,energy;22,Sample the west waterfall;84,And all the rest","CREi","0.11.141","TaskCompleteEvent",74,"wakeup",NA
"3685","5c65f09de4194c47a15822a5",4,"Development","e0e8ba1d-a1a8-492c-a490-549b4a24c221","JG9 UX9",188,"2019-02-14 10:49:59","WindowsPlayer",NA,11,"TaskEvent",0,"0.11.141",0.170000001788139,-38.7799987792969,0.980000019073486,-0.109732963144779,0.993961095809937,0,"Find Toppo's Posters,Settling WAT247,History of WAT247,Welcome to CREi","49,poster1;49,poster3;49,poster4;49,poster5;49,poster6;50,dissolved materials;50,infiltration;50,energy;22,Sample the west waterfall;84,And all the rest;84,Finish fixing ARF","CREi","0.11.141","TaskCompleteEvent",74,"arfRoom",NA
"3686","5c65f0b1e4194c47a15822f0",4,"Development","e0e8ba1d-a1a8-492c-a490-549b4a24c221","JG9 UX9",188,"2019-02-14 10:25:51","WindowsPlayer",NA,11,"TaskEvent",0,"0.11.141",-65.9317016601562,0.503774046897888,0.792359113693237,0.640109419822693,-0.768284201622009,0,"U1 - Time to Argue!","78,completeArg","U1,U1_Quest","0.11.141","TaskActiveEvent",77,"collectARF",NA
"3687","5c65f0b1e4194c47a15822f2",4,"Development","e0e8ba1d-a1a8-492c-a490-549b4a24c221","JG9 UX9",188,"2019-02-14 10:25:51","WindowsPlayer",NA,11,"TaskEvent",0,"0.11.141",-65.9317016601562,0.503774046897888,0.792359113693237,0.640109419822693,-0.768284201622009,0,"U1 - Time to Argue!,U1 - Meet up with Jasper",NA,"U1,U1_Quest","0.11.141","TaskProgressEvent",74,"arfRoom",1
"3688","5c65f0b1e4194c47a15822f3",4,"Development","e0e8ba1d-a1a8-492c-a490-549b4a24c221","JG9 UX9",188,"2019-02-14 10:25:51","WindowsPlayer",NA,11,"TaskEvent",0,"0.11.141",-65.9317016601562,0.503774046897888,0.792359113693237,0.640109419822693,-0.768284201622009,0,"U1 - Meet up with Jasper","79,meetJasper","U1,U1_Quest","0.11.141","TaskCompleteEvent",85,"teleport island",NA
"3689","5c65f18de4194c47a1582666",4,"Development","e0e8ba1d-a1a8-492c-a490-549b4a24c221","JG9 UX9",188,"2019-02-14 10:54:02","WindowsPlayer",NA,11,"TaskEvent",0,"0.11.141",0.170000001788139,-38.7799987792969,0.980000019073486,-0.0261758174747229,0.999657332897186,0,"Find Toppo's Posters,Settling WAT247,History of WAT247,Welcome to CREi","49,poster1;49,poster3;49,poster4;49,poster5;49,poster6;50,dissolved materials;50,infiltration;50,energy;22,Sample the west waterfall;84,Finish fixing ARF","CREi","0.11.141","TaskActiveEvent",29,"meet",NA
"3690","5c65f18de4194c47a1582667",4,"Development","e0e8ba1d-a1a8-492c-a490-549b4a24c221","JG9 UX9",188,"2019-02-14 10:54:02","WindowsPlayer",NA,11,"TaskEvent",0,"0.11.141",0.170000001788139,-38.7799987792969,0.980000019073486,-0.0261758174747229,0.999657332897186,0,"Find Toppo's Posters,Settling WAT247,History of WAT247","49,poster1;49,poster3;49,poster4;49,poster5;49,poster6;50,dissolved materials;50,infiltration;50,energy;22,Sample the west waterfall","CREi","0.11.141","TaskCompleteEvent",29,"meet",NA
"3691","5c65f319e4194c47a1582c7a",4,"Development","e0e8ba1d-a1a8-492c-a490-549b4a24c221","JG9 UX9",188,"2019-02-14 11:00:36","WindowsPlayer",NA,11,"TaskEvent",0,"0.11.141",263.051300048828,308.114471435547,51.224609375,-0.934205591678619,0.356735050678253,0,"Find Toppo's Posters,History of WAT247,The Largest Watershed,Welcome home","49,poster1;49,poster3;49,poster4;49,poster5;49,poster6;50,dissolved materials;50,infiltration;50,energy","U2,U2_Collectibles,U2_Quests,U2_RightWaterfall","0.11.141","TaskProgressEvent",29,"meet",1
"3692","5c65f319e4194c47a1582c7e",4,"Development","e0e8ba1d-a1a8-492c-a490-549b4a24c221","JG9 UX9",188,"2019-02-14 11:00:36","WindowsPlayer",NA,11,"TaskEvent",0,"0.11.141",263.051300048828,308.114471435547,51.224609375,-0.934205591678619,0.356735050678253,0,"Find Toppo's Posters,History of WAT247,The Largest Watershed","49,poster1;49,poster3;49,poster4;49,poster5;49,poster6;50,dissolved materials;50,infiltration;50,energy;28,Argue which watershed is bigger","U2,U2_Collectibles,U2_Quests,U2_RightWaterfall","0.11.141","TaskActiveEvent",29,"talk",NA
"3693","5c65f31ae4194c47a1582c7f",4,"Development","e0e8ba1d-a1a8-492c-a490-549b4a24c221","JG9 UX9",188,"2019-02-14 11:00:36","WindowsPlayer",NA,11,"TaskEvent",0,"0.11.141",263.051300048828,308.114471435547,51.224609375,-0.934205591678619,0.356735050678253,0,"Find Toppo's Posters,History of WAT247,Welcome home","49,poster1;49,poster3;49,poster4;49,poster5;49,poster6;50,dissolved materials;50,infiltration;50,energy;58,Speak with Toppo","U2,U2_Collectibles,U2_Quests,U2_RightWaterfall","0.11.141","TaskProgressEvent",61,"Head to Bed",1
"3694","5c65f31ee4194c47a1582c8d",4,"Development","e0e8ba1d-a1a8-492c-a490-549b4a24c221","JG9 UX9",188,"2019-02-14 10:59:41","WindowsPlayer",NA,11,"TaskEvent",0,"0.11.141",262.359069824219,295.294311523438,54.0105438232422,-0.93728107213974,-0.348574638366699,0,"Find Toppo's Posters,History of WAT247,The Largest Watershed","49,poster1;49,poster3;49,poster4;49,poster5;49,poster6;50,dissolved materials;50,infiltration;50,energy;28,Talk to Holo-Toppo","U2,U2_Collectibles,U2_Quests,U2_RightWaterfall","0.11.141","TaskCompleteEvent",61,"Head to Bed",NA
"3695","5c65f31ee4194c47a1582c90",4,"Development","e0e8ba1d-a1a8-492c-a490-549b4a24c221","JG9 UX9",188,"2019-02-14 10:59:41","WindowsPlayer",NA,11,"TaskEvent",0,"0.11.141",262.359069824219,295.294311523438,54.0105438232422,-0.93728107213974,-0.348574638366699,0,"Find Toppo's Posters,History of WAT247,The Largest Watershed","49,poster1;49,poster3;49,poster4;49,poster5;49,poster6;50,dissolved materials;50,infiltration;50,energy;28,Talk to Holo-Toppo","U2,U2_Collectibles,U2_Quests,U2_RightWaterfall","0.11.141","TaskActiveEvent",85,"teleport island",NA
"3696","5c65f31ee4194c47a1582c92",4,"Development","e0e8ba1d-a1a8-492c-a490-549b4a24c221","JG9 UX9",188,"2019-02-14 10:59:41","WindowsPlayer",NA,11,"TaskEvent",0,"0.11.141",262.359069824219,295.294311523438,54.0105438232422,-0.93728107213974,-0.348574638366699,0,"Find Toppo's Posters,History of WAT247,The Largest Watershed","49,poster1;49,poster3;49,poster4;49,poster5;49,poster6;50,dissolved materials;50,infiltration;50,energy;28,Talk to Holo-Toppo;28,Argue which watershed is bigger","U2,U2_Collectibles,U2_Quests,U2_RightWaterfall","0.11.141","TaskProgressEvent",29,"talk",1
"3697","5c65f398e4194c47a1582e55",4,"Development","e0e8ba1d-a1a8-492c-a490-549b4a24c221","JG9 UX9",188,"2019-02-14 11:02:10","WindowsPlayer",NA,11,"TaskEvent",0,"0.11.141",82.6955032348633,90.4269866943359,77.9805526733398,0.322266191244125,0.946649074554443,0,"Find Toppo's Posters,History of WAT247,Welcome home","49,poster1;49,poster3;49,poster4;49,poster5;49,poster6;50,dissolved materials;50,infiltration;50,energy;58,Speak with Toppo","Player_Base","0.11.141","TaskActiveEvent",29,"unlock",NA
"3698","5c65f398e4194c47a1582e56",4,"Development","e0e8ba1d-a1a8-492c-a490-549b4a24c221","JG9 UX9",188,"2019-02-14 11:02:10","WindowsPlayer",NA,11,"TaskEvent",0,"0.11.141",82.6955032348633,90.4269866943359,77.9805526733398,0.322266191244125,0.946649074554443,0,"Find Toppo's Posters,History of WAT247,Welcome home","49,poster1;49,poster3;49,poster4;49,poster5;49,poster6;50,dissolved materials;50,infiltration;50,energy;58,Speak with Toppo","Player_Base","0.11.141","TaskCompleteEvent",29,"talk",NA
"3699","5c65f398e4194c47a1582e57",4,"Development","e0e8ba1d-a1a8-492c-a490-549b4a24c221","JG9 UX9",188,"2019-02-14 11:02:10","WindowsPlayer",NA,11,"TaskEvent",0,"0.11.141",82.6955032348633,90.4269866943359,77.9805526733398,0.322266191244125,0.946649074554443,0,"Find Toppo's Posters,History of WAT247,Welcome home","49,poster1;49,poster3;49,poster4;49,poster5;49,poster6;50,dissolved materials;50,infiltration;50,energy;58,Speak with Toppo;58,Jasper's Proposal","Player_Base","0.11.141","TaskCompleteEvent",50,"energy",NA
"3700","5c65f3d0e4194c47a1582f40",4,"Development","e0e8ba1d-a1a8-492c-a490-549b4a24c221","JG9 UX9",188,"2019-02-14 11:03:43","WindowsPlayer",NA,11,"TaskEvent",0,"0.11.141",92.1492614746094,110.045593261719,77.9805297851562,-0.994151055812836,0.107999682426453,0,"Find Toppo's Posters,History of WAT247,Welcome home","49,poster1;49,poster3;49,poster4;49,poster5;49,poster6;50,dissolved materials;50,infiltration;50,energy;58,Jasper's Proposal","Player_Base","0.11.141","TaskProgressEvent",50,"energy",1
"3701","5c65f3d0e4194c47a1582f41",4,"Development","e0e8ba1d-a1a8-492c-a490-549b4a24c221","JG9 UX9",188,"2019-02-14 11:03:43","WindowsPlayer",NA,11,"TaskEvent",0,"0.11.141",92.1492614746094,110.045593261719,77.9805297851562,-0.994151055812836,0.107999682426453,0,"Find Toppo's Posters,History of WAT247,Welcome home","49,poster1;49,poster3;49,poster4;49,poster5;49,poster6;50,dissolved materials;50,infiltration;50,energy;58,Jasper's Proposal","Player_Base","0.11.141","TaskCompleteEvent",29,"unlock",NA
"3702","5c65f3d0e4194c47a1582f42",4,"Development","e0e8ba1d-a1a8-492c-a490-549b4a24c221","JG9 UX9",188,"2019-02-14 11:03:43","WindowsPlayer",NA,11,"TaskEvent",0,"0.11.141",92.1492614746094,110.045593261719,77.9805297851562,-0.994151055812836,0.107999682426453,0,"Find Toppo's Posters,History of WAT247,Welcome home","49,poster1;49,poster3;49,poster4;49,poster5;49,poster6;50,dissolved materials;50,infiltration;50,energy;58,Jasper's Proposal;58,Head to bed","Player_Base","0.11.141","TaskActiveEvent",36,"Reach Seaside",NA
"3703","5c65f3dee4194c47a1582f79",4,"Development","e0e8ba1d-a1a8-492c-a490-549b4a24c221","JG9 UX9",188,"2019-02-14 11:03:54","WindowsPlayer",NA,11,"TaskEvent",0,"0.11.141",134.53141784668,131.265914916992,77.9805450439453,0.98657214641571,-0.163326859474182,0,"Find Toppo's Posters,History of WAT247","49,poster1;49,poster3;49,poster4;49,poster5;49,poster6;50,dissolved materials;50,infiltration;50,energy","Player_Base","0.11.141","TaskProgressEvent",29,"unlock",1
"3704","5c65f3dee4194c47a1582f7a",4,"Development","e0e8ba1d-a1a8-492c-a490-549b4a24c221","JG9 UX9",188,"2019-02-14 11:03:54","WindowsPlayer",NA,11,"TaskEvent",0,"0.11.141",134.53141784668,131.265914916992,77.9805450439453,0.98657214641571,-0.163326859474182,0,"Find Toppo's Posters,History of WAT247,Good Morning!","49,poster1;49,poster3;49,poster4;49,poster5;49,poster6;50,dissolved materials;50,infiltration;50,energy","Player_Base","0.11.141","TaskActiveEvent",36,"Evaporate Water",NA
"3705","5c65f3dfe4194c47a1582f7e",4,"Development","e0e8ba1d-a1a8-492c-a490-549b4a24c221","JG9 UX9",188,"2019-02-14 11:03:54","WindowsPlayer",NA,11,"TaskEvent",0,"0.11.141",134.53141784668,131.265914916992,77.9805450439453,0.98657214641571,-0.163326859474182,0,"Find Toppo's Posters,History of WAT247,Welcome home","49,poster1;49,poster3;49,poster4;49,poster5;49,poster6;50,dissolved materials;50,infiltration;50,energy;58,Head to bed","Player_Base","0.11.141","TaskProgressEvent",36,"Condense Humidity",1
"3706","5c65f49ce4194c47a1583272",4,"Development","e0e8ba1d-a1a8-492c-a490-549b4a24c221","JG9 UX9",188,"2019-02-14 10:30:59","WindowsPlayer",NA,11,"TaskEvent",0,"0.11.141",673.927490234375,1125.29870605469,98.1667251586914,0.604154646396637,-0.7968670129776,0,"Find Toppo's Posters,What just happened?","49,poster1;49,poster2;49,poster3;49,poster4;49,poster5;49,poster6;51,pod","U2,U2_Collectibles,U2_Quests","0.11.141","TaskCompleteEvent",36,"Condense Humidity",NA
"3707","5c65f49ce4194c47a1583277",4,"Development","e0e8ba1d-a1a8-492c-a490-549b4a24c221","JG9 UX9",188,"2019-02-14 10:30:59","WindowsPlayer",NA,11,"TaskEvent",0,"0.11.141",673.927490234375,1125.29870605469,98.1667251586914,0.604154646396637,-0.7968670129776,0,"Find Toppo's Posters,What just happened?","49,poster1;49,poster2;49,poster3;49,poster4;49,poster5;49,poster6;51,pod","U2,U2_Collectibles,U2_Quests","0.11.141","TaskActiveEvent",36,"Condense Humidity",NA
"3708","5c65f49ce4194c47a1583278",4,"Development","e0e8ba1d-a1a8-492c-a490-549b4a24c221","JG9 UX9",188,"2019-02-14 10:30:59","WindowsPlayer",NA,11,"TaskEvent",0,"0.11.141",673.927490234375,1125.29870605469,98.1667251586914,0.604154646396637,-0.7968670129776,0,"Find Toppo's Posters,What just happened?","49,poster1;49,poster2;49,poster3;49,poster4;49,poster5;49,poster6;51,pod;51,scrap","U2,U2_Collectibles,U2_Quests","0.11.141","TaskProgressEvent",36,"Reach Seaside",1
"3709","5c65f4e3e4194c47a1583390",4,"Development","e0e8ba1d-a1a8-492c-a490-549b4a24c221","JG9 UX9",188,"2019-02-14 10:32:44","WindowsPlayer",NA,11,"TaskEvent",0,"0.11.141",676.613037109375,1124.08081054688,97.9358444213867,0.372469395399094,-0.928044438362122,0,"Find Toppo's Posters,What just happened?","49,poster1;49,poster2;49,poster3;49,poster4;49,poster5;49,poster6;51,hoverboard","U2,U2_Collectibles,U2_Quests","0.11.141","TaskCompleteEvent",36,"Reach Seaside",NA
"3710","5c65f4e3e4194c47a1583391",4,"Development","e0e8ba1d-a1a8-492c-a490-549b4a24c221","JG9 UX9",188,"2019-02-14 10:32:44","WindowsPlayer",NA,11,"TaskEvent",0,"0.11.141",676.613037109375,1124.08081054688,97.9358444213867,0.372469395399094,-0.928044438362122,0,"Find Toppo's Posters,What just happened?","49,poster1;49,poster2;49,poster3;49,poster4;49,poster5;49,poster6;51,hoverboard;51,communications","U2,U2_Collectibles,U2_Quests","0.11.141","TaskCompleteEvent",36,"Start Fountain",NA
"3711","5c65f4e3e4194c47a1583399",4,"Development","e0e8ba1d-a1a8-492c-a490-549b4a24c221","JG9 UX9",188,"2019-02-14 10:32:44","WindowsPlayer",NA,11,"TaskEvent",0,"0.11.141",676.613037109375,1124.08081054688,97.9358444213867,0.372469395399094,-0.928044438362122,0,"Find Toppo's Posters,What just happened?","49,poster1;49,poster2;49,poster3;49,poster4;49,poster5;49,poster6;51,hoverboard","U2,U2_Collectibles,U2_Quests","0.11.141","TaskProgressEvent",36,"Start Fountain",1
"3712","5c65f51fe4194c47a1583484",4,"Development","e0e8ba1d-a1a8-492c-a490-549b4a24c221","JG9 UX9",188,"2019-02-14 10:30:14","WindowsPlayer",NA,11,"TaskEvent",0,"0.11.141",674.988586425781,1126.10791015625,98.1969757080078,0.399838089942932,-0.91658616065979,0,"Find Toppo's Posters,What just happened?,Crash Diagnostics - Mountains","49,poster1;49,poster2;49,poster3;49,poster4;49,poster5;49,poster6;51,pod","U2,U2_Collectibles,U2_Quests","0.11.141","TaskActiveEvent",36,"Talk Bill",NA
"3713","5c65f53ee4194c47a158362f",4,"Development","e0e8ba1d-a1a8-492c-a490-549b4a24c221","JG9 UX9",188,"2019-02-14 10:57:35","WindowsPlayer",NA,11,"TaskEvent",0,"0.11.141",269.653045654297,298.984344482422,52.4154319763184,-0.986571729183197,-0.163328766822815,0,"Find Toppo's Posters,Settling WAT247,History of WAT247","49,poster1;49,poster3;49,poster4;49,poster5;49,poster6;50,dissolved materials;50,infiltration;50,energy;22,Sample the west waterfall","U2,U2_Collectibles,U2_Quests,U2_RightWaterfall","0.11.141","TaskCompleteEvent",37,"Try Escape",NA
"3714","5c65f53ee4194c47a158367c",4,"Development","e0e8ba1d-a1a8-492c-a490-549b4a24c221","JG9 UX9",188,"2019-02-14 10:57:35","WindowsPlayer",NA,11,"TaskEvent",0,"0.11.141",269.653045654297,298.984344482422,52.4154319763184,-0.986571729183197,-0.163328766822815,0,"Find Toppo's Posters,Settling WAT247,History of WAT247,The Largest Watershed","49,poster1;49,poster3;49,poster4;49,poster5;49,poster6;50,dissolved materials;50,infiltration;50,energy","U2,U2_Collectibles,U2_Quests,U2_RightWaterfall","0.11.141","TaskActiveEvent",32,"humidity meter",NA
"3715","5c65f53ee4194c47a15836ca",4,"Development","e0e8ba1d-a1a8-492c-a490-549b4a24c221","JG9 UX9",188,"2019-02-14 10:57:35","WindowsPlayer",NA,11,"TaskEvent",0,"0.11.141",269.653045654297,298.984344482422,52.4154319763184,-0.986571729183197,-0.163328766822815,0,"Find Toppo's Posters,History of WAT247,The Largest Watershed","49,poster1;49,poster3;49,poster4;49,poster5;49,poster6;50,dissolved materials;50,infiltration;50,energy;28,Talk to Holo-Toppo","U2,U2_Collectibles,U2_Quests,U2_RightWaterfall","0.11.141","TaskProgressEvent",37,"Try Escape",1
"3716","5c65f53ee4194c47a15836dc",4,"Development","e0e8ba1d-a1a8-492c-a490-549b4a24c221","JG9 UX9",188,"2019-02-14 10:28:09","WindowsPlayer",NA,11,"TaskEvent",0,"0.11.141",30.2234077453613,30.0262260437012,1.77283704280853,-0.758133053779602,0.652099847793579,0,"U1 - Meet up with Jasper","79,jumpDebris","U1,U1_Quest","0.11.141","TaskActiveEvent",37,"Try Escape",NA
"3717","5c65f53ee4194c47a15836dd",4,"Development","e0e8ba1d-a1a8-492c-a490-549b4a24c221","JG9 UX9",188,"2019-02-14 10:28:09","WindowsPlayer",NA,11,"TaskEvent",0,"0.11.141",30.2234077453613,30.0262260437012,1.77283704280853,-0.758133053779602,0.652099847793579,0,"U1 - Meet up with Jasper","79,jumpDebris;79,escapePods","U1,U1_Quest","0.11.141","TaskCompleteEvent",37,"meet Bill",NA
"3718","5c65f53ee4194c47a1583709",4,"Development","e0e8ba1d-a1a8-492c-a490-549b4a24c221","JG9 UX9",188,"2019-02-14 10:28:09","WindowsPlayer",NA,11,"TaskEvent",0,"0.11.141",30.2234077453613,30.0262260437012,1.77283704280853,-0.758133053779602,0.652099847793579,0,"U1 - Meet up with Jasper","79,jumpDebris","U1,U1_Quest","0.11.141","TaskProgressEvent",37,"meet Bill",1
"3719","5c65f542e4194c47a1583e18",4,"Development","e0e8ba1d-a1a8-492c-a490-549b4a24c221","JG9 UX9",188,"2019-02-14 10:16:12","WindowsPlayer",NA,11,"TaskEvent",0,"0.11.141",66.7399978637695,-2.96000003814697,0.792359113693237,-0.999986350536346,0.00523591041564941,0,"U1 - Welcome to WAT247",NA,"U1,U1_Quest","0.11.141","TaskActiveEvent",32,"pan",NA
"3720","5c66cc20e4194c47a15844dc",4,"Development","e0e8ba1d-a1a8-492c-a490-549b4a24c221","JG9 UX9",188,"2019-02-14 10:16:12","WindowsPlayer",NA,11,"TaskEvent",0,"0.11.141",66.7399978637695,-2.96000003814697,0.792359113693237,-0.999986350536346,0.00523591041564941,0,"U1 - Welcome to WAT247",NA,"U1,U1_Quest","0.11.141","TaskCompleteEvent",32,"humidity meter",NA
"3721","5c75af1be4194c47a15c27b6",4,"Development","e0e8ba1d-a1a8-492c-a490-549b4a24c221","JG9 UX9",188,"2019-02-26 09:26:45","WindowsPlayer",NA,11,"TaskEvent",0,"0.11.141",6.34999990463257,616.760009765625,55.9760322570801,-0.88458114862442,0.466386318206787,0,"History of WAT247,Find Toppo's Posters,Sam’s supplies","50,dissolved materials;50,infiltration;50,energy;49,poster1;49,poster3;49,poster4;49,poster5;49,poster6;27,Talk with Sam","U3,U3_Collectibles,U3_Quests,U3_RiverSpline","0.11.141","TaskProgressEvent",32,"humidity meter",1
"3722","5c75af1be4194c47a15c27ba",4,"Development","e0e8ba1d-a1a8-492c-a490-549b4a24c221","JG9 UX9",188,"2019-02-26 09:26:45","WindowsPlayer",NA,11,"TaskEvent",0,"0.11.141",6.34999990463257,616.760009765625,55.9760322570801,-0.88458114862442,0.466386318206787,0,"Good Morning!,History of WAT247,Find Toppo's Posters","57,Meet up with Sam;50,dissolved materials;50,infiltration;50,energy;49,poster1;49,poster3;49,poster4;49,poster5;49,poster6","U3,U3_Collectibles,U3_Quests,U3_RiverSpline","0.11.141","TaskActiveEvent",36,"Transport Water",NA
"3723","5c75af1be4194c47a15c27bc",4,"Development","e0e8ba1d-a1a8-492c-a490-549b4a24c221","JG9 UX9",188,"2019-02-26 09:26:45","WindowsPlayer",NA,11,"TaskEvent",0,"0.11.141",6.34999990463257,616.760009765625,55.9760322570801,-0.88458114862442,0.466386318206787,0,"Good Morning!,History of WAT247,Find Toppo's Posters,Sam’s supplies","50,dissolved materials;50,infiltration;50,energy;49,poster1;49,poster3;49,poster4;49,poster5;49,poster6","U3,U3_Collectibles,U3_Quests,U3_RiverSpline","0.11.141","TaskProgressEvent",36,"Evaporate Water",1
"3724","5c75af57e4194c47a15c2b1d",4,"Development","e0e8ba1d-a1a8-492c-a490-549b4a24c221","JG9 UX9",188,"2019-02-26 09:27:39","WindowsPlayer",NA,11,"TaskEvent",0,"0.11.141",1.048668384552,618.8037109375,55.9760322570801,0.483282774686813,-0.8754643201828,0,"History of WAT247,Find Toppo's Posters,Sam’s supplies","50,dissolved materials;50,infiltration;50,energy;49,poster1;49,poster3;49,poster4;49,poster5;49,poster6;27,Talk with Sam","U3,U3_Collectibles,U3_Quests,U3_RiverSpline","0.11.141","TaskCompleteEvent",36,"Evaporate Water",NA
"3725","5c75af57e4194c47a15c2b1e",4,"Development","e0e8ba1d-a1a8-492c-a490-549b4a24c221","JG9 UX9",188,"2019-02-26 09:27:39","WindowsPlayer",NA,11,"TaskEvent",0,"0.11.141",1.048668384552,618.8037109375,55.9760322570801,0.483282774686813,-0.8754643201828,0,"History of WAT247,Find Toppo's Posters,Sam’s supplies","50,dissolved materials;50,infiltration;50,energy;49,poster1;49,poster3;49,poster4;49,poster5;49,poster6;27,Talk with Sam","U3,U3_Collectibles,U3_Quests,U3_RiverSpline","0.11.141","TaskProgressEvent",32,"Find Rock",1
"3726","5c75af57e4194c47a15c2b21",4,"Development","e0e8ba1d-a1a8-492c-a490-549b4a24c221","JG9 UX9",188,"2019-02-26 09:27:39","WindowsPlayer",NA,11,"TaskEvent",0,"0.11.141",1.048668384552,618.8037109375,55.9760322570801,0.483282774686813,-0.8754643201828,0,"History of WAT247,Find Toppo's Posters,Sam’s supplies","50,dissolved materials;50,infiltration;50,energy;49,poster1;49,poster3;49,poster4;49,poster5;49,poster6;27,Talk with Sam;27,Find the supplies","U3,U3_Collectibles,U3_Quests,U3_RiverSpline","0.11.141","TaskActiveEvent",32,"Drill hole",NA
"3727","5c75af8ae4194c47a15c2b70",4,"Development","e0e8ba1d-a1a8-492c-a490-549b4a24c221","JG9 UX9",188,"2019-02-26 09:28:36","WindowsPlayer",NA,11,"TaskEvent",0,"0.11.141",-178.303649902344,139.623031616211,94.740966796875,-0.560638129711151,-0.828060865402222,0,"History of WAT247,Find Toppo's Posters,Sam’s supplies","50,dissolved materials;50,infiltration;50,energy;49,poster1;49,poster3;49,poster4;49,poster5;49,poster6;27,Find the supplies","U3,U3_Collectibles,U3_Quests,U3_RiverSpline","0.11.141","TaskCompleteEvent",32,"Find Rock",NA
"3728","5c75af8ae4194c47a15c2b75",4,"Development","e0e8ba1d-a1a8-492c-a490-549b4a24c221","JG9 UX9",188,"2019-02-26 09:28:36","WindowsPlayer",NA,11,"TaskEvent",0,"0.11.141",-178.303649902344,139.623031616211,94.740966796875,-0.560638129711151,-0.828060865402222,0,"History of WAT247,Find Toppo's Posters,Sam’s supplies","50,dissolved materials;50,infiltration;50,energy;49,poster1;49,poster3;49,poster4;49,poster5;49,poster6;27,Find the supplies;27,Deliver crates","U3,U3_Collectibles,U3_Quests,U3_RiverSpline","0.11.141","TaskCompleteEvent",32,"check humidity again",NA
"3729","5c75af8ae4194c47a15c2b7a",4,"Development","e0e8ba1d-a1a8-492c-a490-549b4a24c221","JG9 UX9",188,"2019-02-26 09:28:36","WindowsPlayer",NA,11,"TaskEvent",0,"0.11.141",-178.303649902344,139.623031616211,94.740966796875,-0.560638129711151,-0.828060865402222,0,"History of WAT247,Find Toppo's Posters,Sam’s supplies","50,dissolved materials;50,infiltration;50,energy;49,poster1;49,poster3;49,poster4;49,poster5;49,poster6;27,Find the supplies","U3,U3_Collectibles,U3_Quests,U3_RiverSpline","0.11.141","TaskActiveEvent",33,"convince bill",NA
"3730","5c75afe4e4194c47a15c2c1a",4,"Development","e0e8ba1d-a1a8-492c-a490-549b4a24c221","JG9 UX9",188,"2019-02-26 09:30:00","WindowsPlayer",NA,11,"TaskEvent",0,"0.11.141",-245.714752197266,22.6226482391357,72.1405868530273,-0.829036712646484,-0.559194326400757,0,"History of WAT247,Find Toppo's Posters,Sam’s supplies","50,dissolved materials;50,infiltration;50,energy;49,poster1;49,poster3;49,poster4;49,poster5;49,poster6;27,Deliver crates","U3,U3_Collectibles,U3_Quests,U3_RiverSpline","0.11.141","TaskProgressEvent",32,"check humidity again",1
"3731","5c75b052e4194c47a15c2ce8",4,"Development","e0e8ba1d-a1a8-492c-a490-549b4a24c221","JG9 UX9",188,"2019-02-26 09:31:58","WindowsPlayer",NA,11,"TaskEvent",0,"0.11.141",-209.254867553711,-269.236022949219,62.4837760925293,0.942057609558105,-0.335451126098633,0,"History of WAT247,Find Toppo's Posters,Sam’s supplies","50,dissolved materials;50,infiltration;50,energy;49,poster1;49,poster3;49,poster4;49,poster5;49,poster6;27,Deliver crates","U3,U3_Collectibles,U3_Quests,U3_RiverSpline","0.11.141","TaskProgressEvent",33,"convince bill",1
"3732","5c75b0b6e4194c47a15c2dc2",4,"Development","e0e8ba1d-a1a8-492c-a490-549b4a24c221","JG9 UX9",188,"2019-02-26 09:33:29","WindowsPlayer",NA,11,"TaskEvent",0,"0.11.141",49.3492660522461,86.2202987670898,60.564380645752,0.621147930622101,0.783693373203278,0,"History of WAT247,Find Toppo's Posters,Sam’s supplies","50,dissolved materials;50,infiltration;50,energy;49,poster1;49,poster3;49,poster4;49,poster5;49,poster6;27,Deliver crates","U3,U3_Collectibles,U3_Quests,U3_RiverSpline","0.11.141","TaskActiveEvent",33,"Make a hole in the pan",NA
"3733","5c75b0c0e4194c47a15c2de2",4,"Development","e0e8ba1d-a1a8-492c-a490-549b4a24c221","JG9 UX9",188,"2019-02-26 09:33:47","WindowsPlayer",NA,11,"TaskEvent",0,"0.11.141",38.9135437011719,84.6940841674805,63.9382629394531,0.310676991939545,0.950515568256378,0,"History of WAT247,Find Toppo's Posters,Sam’s supplies","50,dissolved materials;50,infiltration;50,energy;49,poster1;49,poster3;49,poster4;49,poster5;49,poster6;27,Deliver crates","U3,U3_Collectibles,U3_Quests,U3_RiverSpline","0.11.141","TaskCompleteEvent",33,"convince bill",NA
"3734","5c75b0c0e4194c47a15c2de3",4,"Development","e0e8ba1d-a1a8-492c-a490-549b4a24c221","JG9 UX9",188,"2019-02-26 09:33:47","WindowsPlayer",NA,11,"TaskEvent",0,"0.11.141",38.9135437011719,84.6940841674805,63.9382629394531,0.310676991939545,0.950515568256378,0,"History of WAT247,Find Toppo's Posters,Sam’s supplies,Sam’s base is polluted!","50,dissolved materials;50,infiltration;50,energy;49,poster1;49,poster3;49,poster4;49,poster5;49,poster6","U3,U3_Collectibles,U3_Quests,U3_RiverSpline","0.11.141","TaskProgressEvent",33,"attach hose",1
"3735","5c75b0c0e4194c47a15c2de9",4,"Development","e0e8ba1d-a1a8-492c-a490-549b4a24c221","JG9 UX9",188,"2019-02-26 09:33:47","WindowsPlayer",NA,11,"TaskEvent",0,"0.11.141",38.9135437011719,84.6940841674805,63.9382629394531,0.310676991939545,0.950515568256378,0,"History of WAT247,Find Toppo's Posters,Sam’s base is polluted!","50,dissolved materials;50,infiltration;50,energy;49,poster1;49,poster3;49,poster4;49,poster5;49,poster6;24,Return to Sam","U3,U3_Collectibles,U3_Quests,U3_RiverSpline","0.11.141","TaskActiveEvent",33,"Grab Canteen",NA
"3736","5c75b0e9e4194c47a15c2e38",4,"Development","e0e8ba1d-a1a8-492c-a490-549b4a24c221","JG9 UX9",188,"2019-02-26 09:34:22","WindowsPlayer",NA,11,"TaskEvent",0,"0.11.141",0.104105055332184,614.908142089844,55.9760322570801,0.0767199024558067,-0.997052550315857,0,"History of WAT247,Find Toppo's Posters,Sam’s base is polluted!","50,dissolved materials;50,infiltration;50,energy;49,poster1;49,poster3;49,poster4;49,poster5;49,poster6;24,Return to Sam","U3,U3_Collectibles,U3_Quests,U3_RiverSpline","0.11.141","TaskCompleteEvent",33,"attach hose",NA
"3737","5c75b0e9e4194c47a15c2e39",4,"Development","e0e8ba1d-a1a8-492c-a490-549b4a24c221","JG9 UX9",188,"2019-02-26 09:34:22","WindowsPlayer",NA,11,"TaskEvent",0,"0.11.141",0.104105055332184,614.908142089844,55.9760322570801,0.0767199024558067,-0.997052550315857,0,"History of WAT247,Find Toppo's Posters,Sam’s base is polluted!","50,dissolved materials;50,infiltration;50,energy;49,poster1;49,poster3;49,poster4;49,poster5;49,poster6;24,Return to Sam","U3,U3_Collectibles,U3_Quests,U3_RiverSpline","0.11.141","TaskProgressEvent",34,"return to large mart",1
"3738","5c75b179e4194c47a15c2f66",4,"Development","e0e8ba1d-a1a8-492c-a490-549b4a24c221","JG9 UX9",188,"2019-02-26 09:36:57","WindowsPlayer",NA,11,"TaskEvent",0,"0.11.141",-0.501820981502533,617.334838867188,56.2992401123047,-0.710799217224121,-0.703395128250122,0,"History of WAT247,Find Toppo's Posters,Sam’s base is polluted!","50,dissolved materials;50,infiltration;50,energy;49,poster1;49,poster4;49,poster5;49,poster6;24,Return to Sam","U3,U3_Collectibles,U3_Quests,U3_RiverSpline","0.11.141","TaskCompleteEvent",34,"return to large mart",NA
"3739","5c75b179e4194c47a15c2f6e",4,"Development","e0e8ba1d-a1a8-492c-a490-549b4a24c221","JG9 UX9",188,"2019-02-26 09:36:57","WindowsPlayer",NA,11,"TaskEvent",0,"0.11.141",-0.501820981502533,617.334838867188,56.2992401123047,-0.710799217224121,-0.703395128250122,0,"History of WAT247,Find Toppo's Posters,Sam’s base is polluted!","50,dissolved materials;50,infiltration;50,energy;49,poster1;49,poster4;49,poster5;49,poster6;24,Return to Sam","U3,U3_Collectibles,U3_Quests,U3_RiverSpline","0.11.141","TaskActiveEvent",34,"talk to Bill",NA
"3740","5c75b179e4194c47a15c2f70",4,"Development","e0e8ba1d-a1a8-492c-a490-549b4a24c221","JG9 UX9",188,"2019-02-26 09:36:57","WindowsPlayer",NA,11,"TaskEvent",0,"0.11.141",-0.501820981502533,617.334838867188,56.2992401123047,-0.710799217224121,-0.703395128250122,0,"History of WAT247,Find Toppo's Posters,Sam’s base is polluted!","50,dissolved materials;50,infiltration;50,energy;49,poster1;49,poster4;49,poster5;49,poster6;24,Return to Sam;24,Test the base's water","U3,U3_Collectibles,U3_Quests,U3_RiverSpline","0.11.141","TaskCompleteEvent",32,"Drill hole",NA
"3741","5c75b1b5e4194c47a15c2fd7",4,"Development","e0e8ba1d-a1a8-492c-a490-549b4a24c221","JG9 UX9",188,"2019-02-26 09:37:44","WindowsPlayer",NA,11,"TaskEvent",0,"0.11.141",73.8383560180664,600.131408691406,55.9760322570801,0.835807323455811,-0.549023270606995,0,"History of WAT247,Find Toppo's Posters,Sam’s base is polluted!","50,dissolved materials;50,infiltration;50,energy;49,poster1;49,poster4;49,poster5;49,poster6;24,Test the base's water","U3,U3_Collectibles,U3_Quests,U3_RiverSpline","0.11.141","TaskProgressEvent",32,"Drill hole",1
"3742","5c75b1b5e4194c47a15c2fd8",4,"Development","e0e8ba1d-a1a8-492c-a490-549b4a24c221","JG9 UX9",188,"2019-02-26 09:37:44","WindowsPlayer",NA,11,"TaskEvent",0,"0.11.141",73.8383560180664,600.131408691406,55.9760322570801,0.835807323455811,-0.549023270606995,0,"History of WAT247,Find Toppo's Posters,Sam’s base is polluted!","50,dissolved materials;50,infiltration;50,energy;49,poster1;49,poster4;49,poster5;49,poster6;24,Test the base's water;24,Trace the pollutant","U3,U3_Collectibles,U3_Quests,U3_RiverSpline","0.11.141","TaskActiveEvent",32,"check humidity again",NA
"3743","5c75b1b5e4194c47a15c2fdb",4,"Development","e0e8ba1d-a1a8-492c-a490-549b4a24c221","JG9 UX9",188,"2019-02-26 09:37:44","WindowsPlayer",NA,11,"TaskEvent",0,"0.11.141",73.8383560180664,600.131408691406,55.9760322570801,0.835807323455811,-0.549023270606995,0,"History of WAT247,Find Toppo's Posters,Sam’s base is polluted!","50,dissolved materials;50,infiltration;50,energy;49,poster1;49,poster4;49,poster5;49,poster6;24,Test the base's water","U3,U3_Collectibles,U3_Quests,U3_RiverSpline","0.11.141","TaskProgressEvent",34,"talk to Bill",1
"3744","5c75b2f6e4194c47a15c3557",4,"Development","e0e8ba1d-a1a8-492c-a490-549b4a24c221","JG9 UX9",188,"2019-02-26 09:43:14","WindowsPlayer",NA,11,"TaskEvent",0,"0.11.141",650.162231445312,-227.620651245117,54.9799995422363,0.653421521186829,0.756994307041168,0,"History of WAT247,Find Toppo's Posters,Sam’s base is polluted!","50,dissolved materials;50,infiltration;50,energy;49,poster1;49,poster4;49,poster5;49,poster6;24,Trace the pollutant","U3,U3_Collectibles,U3_Quests,U3_RiverSpline","0.11.141","TaskActiveEvent",34,"go to factory",NA
"3745","5c75b2f6e4194c47a15c3558",4,"Development","e0e8ba1d-a1a8-492c-a490-549b4a24c221","JG9 UX9",188,"2019-02-26 09:43:14","WindowsPlayer",NA,11,"TaskEvent",0,"0.11.141",650.162231445312,-227.620651245117,54.9799995422363,0.653421521186829,0.756994307041168,0,"History of WAT247,Find Toppo's Posters,Sam’s base is polluted!","50,dissolved materials;50,infiltration;50,energy;49,poster1;49,poster4;49,poster5;49,poster6;24,Trace the pollutant;24,Open the Claimer System","U3,U3_Collectibles,U3_Quests,U3_RiverSpline","0.11.141","TaskCompleteEvent",34,"talk to Bill",NA
"3746","5c75b2f7e4194c47a15c3561",4,"Development","e0e8ba1d-a1a8-492c-a490-549b4a24c221","JG9 UX9",188,"2019-02-26 09:43:14","WindowsPlayer",NA,11,"TaskEvent",0,"0.11.141",650.162231445312,-227.620651245117,54.9799995422363,0.653421521186829,0.756994307041168,0,"History of WAT247,Find Toppo's Posters,Sam’s base is polluted!","50,dissolved materials;50,infiltration;50,energy;49,poster1;49,poster4;49,poster5;49,poster6;24,Trace the pollutant","U3,U3_Collectibles,U3_Quests,U3_RiverSpline","0.11.141","TaskProgressEvent",32,"pan",1
"3747","5c75b32de4194c47a15c35a2",4,"Development","e0e8ba1d-a1a8-492c-a490-549b4a24c221","JG9 UX9",188,"2019-02-26 09:44:03","WindowsPlayer",NA,11,"TaskEvent",0,"0.11.141",650.162231445312,-227.620651245117,54.9799995422363,0.653421521186829,0.756994307041168,0,"History of WAT247,Find Toppo's Posters,Sam’s base is polluted!","50,dissolved materials;50,infiltration;50,energy;49,poster1;49,poster4;49,poster5;49,poster6;24,Open the Claimer System","U3,U3_Collectibles,U3_Quests,U3_RiverSpline","0.11.141","TaskActiveEvent",32,"fill pan",NA
"3748","5c75b32de4194c47a15c35a3",4,"Development","e0e8ba1d-a1a8-492c-a490-549b4a24c221","JG9 UX9",188,"2019-02-26 09:44:03","WindowsPlayer",NA,11,"TaskEvent",0,"0.11.141",650.162231445312,-227.620651245117,54.9799995422363,0.653421521186829,0.756994307041168,0,"History of WAT247,Find Toppo's Posters,Sam’s base is polluted!,The Pollutant","50,dissolved materials;50,infiltration;50,energy;49,poster1;49,poster4;49,poster5;49,poster6","U3,U3_Collectibles,U3_Quests,U3_RiverSpline","0.11.141","TaskCompleteEvent",32,"pan",NA
"3749","5c75b32de4194c47a15c35a7",4,"Development","e0e8ba1d-a1a8-492c-a490-549b4a24c221","JG9 UX9",188,"2019-02-26 09:44:03","WindowsPlayer",NA,11,"TaskEvent",0,"0.11.141",650.162231445312,-227.620651245117,54.9799995422363,0.653421521186829,0.756994307041168,0,"History of WAT247,Find Toppo's Posters,The Pollutant","50,dissolved materials;50,infiltration;50,energy;49,poster1;49,poster4;49,poster5;49,poster6;0,Convince Bill the pollutant is nearby","U3,U3_Collectibles,U3_Quests,U3_RiverSpline","0.11.141","TaskCompleteEvent",36,"Talk Bill",NA
"3750","5c75b3d7e4194c47a15c3690",4,"Development","e0e8ba1d-a1a8-492c-a490-549b4a24c221","JG9 UX9",188,"2019-02-26 09:46:54","WindowsPlayer",NA,11,"TaskEvent",0,"0.11.141",618.6865234375,-227.79997253418,64.1691436767578,-0.922538816928864,-0.385904788970947,0,"History of WAT247,Find Toppo's Posters,The Pollutant","50,dissolved materials;50,infiltration;50,energy;49,poster1;49,poster4;49,poster5;49,poster6;0,Convince Bill the pollutant is nearby","U3,U3_Collectibles,U3_Quests,U3_RiverSpline","0.11.141","TaskActiveEvent",37,"bill outside cavern",NA
"3751","5c75b3d7e4194c47a15c3699",4,"Development","e0e8ba1d-a1a8-492c-a490-549b4a24c221","JG9 UX9",188,"2019-02-26 09:46:54","WindowsPlayer",NA,11,"TaskEvent",0,"0.11.141",618.6865234375,-227.79997253418,64.1691436767578,-0.922538816928864,-0.385904788970947,0,"History of WAT247,Find Toppo's Posters,The Pollutant","50,dissolved materials;50,infiltration;50,energy;49,poster1;49,poster4;49,poster5;49,poster6;0,Convince Bill the pollutant is nearby","U3,U3_Collectibles,U3_Quests,U3_RiverSpline","0.11.141","TaskProgressEvent",36,"Talk Bill",1
"3752","5c75b3d8e4194c47a15c36a1",4,"Development","e0e8ba1d-a1a8-492c-a490-549b4a24c221","JG9 UX9",188,"2019-02-26 09:46:54","WindowsPlayer",NA,11,"TaskEvent",0,"0.11.141",618.6865234375,-227.79997253418,64.1691436767578,-0.922538816928864,-0.385904788970947,0,"History of WAT247,Find Toppo's Posters,The Pollutant","50,dissolved materials;50,infiltration;50,energy;49,poster1;49,poster4;49,poster5;49,poster6;0,Convince Bill the pollutant is nearby;0,Identify pollutant","U3,U3_Collectibles,U3_Quests,U3_RiverSpline","0.11.141","TaskCompleteEvent",69,"Go to Sleep",NA
"3753","5c75b409e4194c47a15c36cd",4,"Development","e0e8ba1d-a1a8-492c-a490-549b4a24c221","JG9 UX9",188,"2019-02-26 09:47:44","WindowsPlayer",NA,11,"TaskEvent",0,"0.11.141",618.6865234375,-227.79997253418,64.1691436767578,-0.922538816928864,-0.385904788970947,0,"History of WAT247,Find Toppo's Posters,The Pollutant","50,dissolved materials;50,infiltration;50,energy;49,poster1;49,poster4;49,poster5;49,poster6;0,Identify pollutant;0,Talk with Sam","U3,U3_Collectibles,U3_Quests,U3_RiverSpline","0.11.141","TaskActiveEvent",63,"Leave your house",NA
"3754","5c75b409e4194c47a15c36d2",4,"Development","e0e8ba1d-a1a8-492c-a490-549b4a24c221","JG9 UX9",188,"2019-02-26 09:47:44","WindowsPlayer",NA,11,"TaskEvent",0,"0.11.141",618.6865234375,-227.79997253418,64.1691436767578,-0.922538816928864,-0.385904788970947,0,"History of WAT247,Find Toppo's Posters,The Pollutant","50,dissolved materials;50,infiltration;50,energy;49,poster1;49,poster4;49,poster5;49,poster6;0,Identify pollutant","U3,U3_Collectibles,U3_Quests,U3_RiverSpline","0.11.141","TaskProgressEvent",69,"Go to Sleep",1
"3755","5c75b409e4194c47a15c36d3",4,"Development","e0e8ba1d-a1a8-492c-a490-549b4a24c221","JG9 UX9",188,"2019-02-26 09:47:44","WindowsPlayer",NA,11,"TaskEvent",0,"0.11.141",618.6865234375,-227.79997253418,64.1691436767578,-0.922538816928864,-0.385904788970947,0,"History of WAT247,Find Toppo's Posters,The Pollutant","50,dissolved materials;50,infiltration;50,energy;49,poster1;49,poster4;49,poster5;49,poster6;0,Identify pollutant","U3,U3_Collectibles,U3_Quests,U3_RiverSpline","0.11.141","TaskProgressEvent",63,"Leave your house",1
"3756","5c75b455e4194c47a15c3734",4,"Development","e0e8ba1d-a1a8-492c-a490-549b4a24c221","JG9 UX9",188,"2019-02-26 09:49:00","WindowsPlayer",NA,11,"TaskEvent",0,"0.11.141",5.54998779296875,626.559997558594,56.9300003051758,-0.772620797157288,-0.633005142211914,-0.0486011281609535,"History of WAT247,Find Toppo's Posters,The Pollutant,Alien Gardens","50,dissolved materials;50,infiltration;50,energy;49,poster1;49,poster4;49,poster5;49,poster6","U3,U3_Collectibles,U3_Quests,U3_RiverSpline","0.11.141","TaskActiveEvent",63,"Talk with Toppo",NA
"3757","5c75b455e4194c47a15c373f",4,"Development","e0e8ba1d-a1a8-492c-a490-549b4a24c221","JG9 UX9",188,"2019-02-26 09:49:00","WindowsPlayer",NA,11,"TaskEvent",0,"0.11.141",5.54998779296875,626.559997558594,56.9300003051758,-0.772620797157288,-0.633005142211914,-0.0486011281609535,"History of WAT247,Find Toppo's Posters,The Pollutant","50,dissolved materials;50,infiltration;50,energy;49,poster1;49,poster4;49,poster5;49,poster6;0,Talk with Sam","U3,U3_Collectibles,U3_Quests,U3_RiverSpline","0.11.141","TaskCompleteEvent",63,"Leave your house",NA
"3758","5c75b455e4194c47a15c3740",4,"Development","e0e8ba1d-a1a8-492c-a490-549b4a24c221","JG9 UX9",188,"2019-02-26 09:49:00","WindowsPlayer",NA,11,"TaskEvent",0,"0.11.141",5.54998779296875,626.559997558594,56.9300003051758,-0.772620797157288,-0.633005142211914,-0.0486011281609535,"History of WAT247,Find Toppo's Posters,Alien Gardens","50,dissolved materials;50,infiltration;50,energy;49,poster1;49,poster4;49,poster5;49,poster6;86,Talk to Sam","U3,U3_Collectibles,U3_Quests,U3_RiverSpline","0.11.141","TaskProgressEvent",32,"fill pan",1
"3759","5c75b464e4194c47a15c377b",4,"Development","e0e8ba1d-a1a8-492c-a490-549b4a24c221","JG9 UX9",188,"2019-02-26 09:49:18","WindowsPlayer",NA,11,"TaskEvent",0,"0.11.141",1.30223524570465,617.513000488281,55.9760322570801,-0.987414002418518,-0.158156633377075,0,"History of WAT247,Find Toppo's Posters,Alien Gardens","50,dissolved materials;50,infiltration;50,energy;49,poster1;49,poster4;49,poster5;49,poster6;86,Talk to Sam","U3,U3_Collectibles,U3_Quests,U3_RiverSpline","0.11.141","TaskActiveEvent",32,"Find Rock",NA
"3760","5c75b464e4194c47a15c377c",4,"Development","e0e8ba1d-a1a8-492c-a490-549b4a24c221","JG9 UX9",188,"2019-02-26 09:49:18","WindowsPlayer",NA,11,"TaskEvent",0,"0.11.141",1.30223524570465,617.513000488281,55.9760322570801,-0.987414002418518,-0.158156633377075,0,"History of WAT247,Find Toppo's Posters,Alien Gardens","50,dissolved materials;50,infiltration;50,energy;49,poster1;49,poster4;49,poster5;49,poster6;86,Talk to Sam","U3,U3_Collectibles,U3_Quests,U3_RiverSpline","0.11.141","TaskCompleteEvent",32,"fill pan",NA
"3761","5c75b464e4194c47a15c377d",4,"Development","e0e8ba1d-a1a8-492c-a490-549b4a24c221","JG9 UX9",188,"2019-02-26 09:49:18","WindowsPlayer",NA,11,"TaskEvent",0,"0.11.141",1.30223524570465,617.513000488281,55.9760322570801,-0.987414002418518,-0.158156633377075,0,"History of WAT247,Find Toppo's Posters,Alien Gardens","50,dissolved materials;50,infiltration;50,energy;49,poster1;49,poster4;49,poster5;49,poster6;86,Talk to Sam;86,Examine a Garden","U3,U3_Collectibles,U3_Quests,U3_RiverSpline","0.11.141","TaskProgressEvent",33,"Make a hole in the pan",1
"3762","5c75b4b9e4194c47a15c3808",4,"Development","e0e8ba1d-a1a8-492c-a490-549b4a24c221","JG9 UX9",188,"2019-02-26 09:50:48","WindowsPlayer",NA,11,"TaskEvent",0,"0.11.141",-243.169342041016,1.53913497924805,62.6717185974121,-0.048852302134037,-0.998806118965149,0,"History of WAT247,Find Toppo's Posters,Alien Gardens","50,dissolved materials;50,infiltration;50,energy;49,poster1;49,poster4;49,poster5;49,poster6;86,Examine a Garden","U3,U3_Collectibles,U3_Quests,U3_RiverSpline","0.11.141","TaskActiveEvent",33,"attach hose",NA
"3763","5c75b4b9e4194c47a15c3809",4,"Development","e0e8ba1d-a1a8-492c-a490-549b4a24c221","JG9 UX9",188,"2019-02-26 09:50:48","WindowsPlayer",NA,11,"TaskEvent",0,"0.11.141",-243.169342041016,1.53913497924805,62.6717185974121,-0.048852302134037,-0.998806118965149,0,"History of WAT247,Find Toppo's Posters,Alien Gardens","50,dissolved materials;50,infiltration;50,energy;49,poster1;49,poster4;49,poster5;49,poster6;86,Examine a Garden","U3,U3_Collectibles,U3_Quests,U3_RiverSpline","0.11.141","TaskCompleteEvent",33,"Make a hole in the pan",NA
"3764","5c75b4b9e4194c47a15c3811",4,"Development","e0e8ba1d-a1a8-492c-a490-549b4a24c221","JG9 UX9",188,"2019-02-26 09:50:48","WindowsPlayer",NA,11,"TaskEvent",0,"0.11.141",-243.169342041016,1.53913497924805,62.6717185974121,-0.048852302134037,-0.998806118965149,0,"History of WAT247,Find Toppo's Posters,Alien Gardens","50,dissolved materials;50,infiltration;50,energy;49,poster1;49,poster4;49,poster5;49,poster6;86,Examine a Garden;86,Check out the Supertree","U3,U3_Collectibles,U3_Quests,U3_RiverSpline","0.11.141","TaskProgressEvent",35,"setup second",1
"3765","5c75b50ee4194c47a15c38a7",4,"Development","e0e8ba1d-a1a8-492c-a490-549b4a24c221","JG9 UX9",188,"2019-02-26 09:52:07","WindowsPlayer",NA,11,"TaskEvent",0,"0.11.141",-623.825073242188,-349.126312255859,72.4888000488281,-0.346938222646713,-0.937888026237488,0,"History of WAT247,Find Toppo's Posters,Alien Gardens","50,dissolved materials;50,infiltration;50,energy;49,poster1;49,poster4;49,poster5;49,poster6;86,Check out the Supertree","U3,U3_Collectibles,U3_Quests,U3_RiverSpline","0.11.141","TaskActiveEvent",35,"setup third",NA
"3766","5c75b50ee4194c47a15c38b0",4,"Development","e0e8ba1d-a1a8-492c-a490-549b4a24c221","JG9 UX9",188,"2019-02-26 09:52:07","WindowsPlayer",NA,11,"TaskEvent",0,"0.11.141",-623.825073242188,-349.126312255859,72.4888000488281,-0.346938222646713,-0.937888026237488,0,"History of WAT247,Find Toppo's Posters,The Ruins","50,dissolved materials;50,infiltration;50,energy;49,poster1;49,poster4;49,poster5;49,poster6;87,Gain Acces to the Ruins","U3,U3_Collectibles,U3_Quests,U3_RiverSpline","0.11.141","TaskCompleteEvent",35,"setup second",NA
"3767","5c75b50ee4194c47a15c38b3",4,"Development","e0e8ba1d-a1a8-492c-a490-549b4a24c221","JG9 UX9",188,"2019-02-26 09:52:07","WindowsPlayer",NA,11,"TaskEvent",0,"0.11.141",-623.825073242188,-349.126312255859,72.4888000488281,-0.346938222646713,-0.937888026237488,0,"History of WAT247,Find Toppo's Posters,Alien Gardens,The Ruins","50,dissolved materials;50,infiltration;50,energy;49,poster1;49,poster4;49,poster5;49,poster6","U3,U3_Collectibles,U3_Quests,U3_RiverSpline","0.11.141","TaskActiveEvent",35,"setup second",NA
"3768","5c75b531e4194c47a15c38fc",4,"Development","e0e8ba1d-a1a8-492c-a490-549b4a24c221","JG9 UX9",188,"2019-02-26 09:52:46","WindowsPlayer",NA,11,"TaskEvent",0,"0.11.141",-558.982360839844,-459.849822998047,74.3587112426758,0.939093351364136,-0.343662142753601,0,"History of WAT247,Find Toppo's Posters,The Ruins","50,dissolved materials;50,infiltration;50,energy;49,poster1;49,poster4;49,poster5;49,poster6;87,Gain Acces to the Ruins","U3,U3_Collectibles,U3_Quests,U3_RiverSpline","0.11.141","TaskProgressEvent",35,"setup first",1
"3769","5c75b531e4194c47a15c38fe",4,"Development","e0e8ba1d-a1a8-492c-a490-549b4a24c221","JG9 UX9",188,"2019-02-26 09:52:47","WindowsPlayer",NA,11,"TaskEvent",0,"0.11.141",-558.982360839844,-459.849822998047,74.3587112426758,0.956812679767609,-0.290704846382141,0,"History of WAT247,Find Toppo's Posters,The Ruins","50,dissolved materials;50,infiltration;50,energy;49,poster1;49,poster4;49,poster5;49,poster6;87,Pickup the Key","U3,U3_Collectibles,U3_Quests,U3_RiverSpline","0.11.141","TaskCompleteEvent",35,"setup first",NA
"3770","5c75b532e4194c47a15c3902",4,"Development","e0e8ba1d-a1a8-492c-a490-549b4a24c221","JG9 UX9",188,"2019-02-26 09:52:46","WindowsPlayer",NA,11,"TaskEvent",0,"0.11.141",-558.982360839844,-459.849822998047,74.3587112426758,0.939093351364136,-0.343662142753601,0,"History of WAT247,Find Toppo's Posters,The Ruins","50,dissolved materials;50,infiltration;50,energy;49,poster1;49,poster4;49,poster5;49,poster6;87,Gain Acces to the Ruins","U3,U3_Collectibles,U3_Quests,U3_RiverSpline","0.11.141","TaskProgressEvent",64,"Measure the East River Levels",1
"3771","5c75b532e4194c47a15c3903",4,"Development","e0e8ba1d-a1a8-492c-a490-549b4a24c221","JG9 UX9",188,"2019-02-26 09:52:46","WindowsPlayer",NA,11,"TaskEvent",0,"0.11.141",-558.982360839844,-459.849822998047,74.3587112426758,0.939093351364136,-0.343662142753601,0,"History of WAT247,Find Toppo's Posters,The Ruins","50,dissolved materials;50,infiltration;50,energy;49,poster1;49,poster4;49,poster5;49,poster6;87,Gain Acces to the Ruins;87,Pickup the Key","U3,U3_Collectibles,U3_Quests,U3_RiverSpline","0.11.141","TaskActiveEvent",64,"Measure the West River Levels",NA
"3772","5c75b532e4194c47a15c3905",4,"Development","e0e8ba1d-a1a8-492c-a490-549b4a24c221","JG9 UX9",188,"2019-02-26 09:52:47","WindowsPlayer",NA,11,"TaskEvent",0,"0.11.141",-558.982360839844,-459.849822998047,74.3587112426758,0.956812679767609,-0.290704846382141,0,"History of WAT247,Find Toppo's Posters,The Ruins","50,dissolved materials;50,infiltration;50,energy;49,poster1;49,poster4;49,poster5;49,poster6;87,Pickup the Key","U3,U3_Collectibles,U3_Quests,U3_RiverSpline","0.11.141","TaskCompleteEvent",64,"Measure the East River Levels",NA
"3773","5c75b532e4194c47a15c3906",4,"Development","e0e8ba1d-a1a8-492c-a490-549b4a24c221","JG9 UX9",188,"2019-02-26 09:52:47","WindowsPlayer",NA,11,"TaskEvent",0,"0.11.141",-558.982360839844,-459.849822998047,74.3587112426758,0.956812679767609,-0.290704846382141,0,"History of WAT247,Find Toppo's Posters,The Ruins","50,dissolved materials;50,infiltration;50,energy;49,poster1;49,poster4;49,poster5;49,poster6;87,Pickup the Key;87,Unlock the door","U3,U3_Collectibles,U3_Quests,U3_RiverSpline","0.11.141","TaskActiveEvent",65,"Check Anderson's Water Supply",NA
"3774","5c75b5b5e4194c47a15c394a",4,"Development","e0e8ba1d-a1a8-492c-a490-549b4a24c221","JG9 UX9",188,"2019-02-26 09:53:49","WindowsPlayer",NA,11,"TaskEvent",0,"0.11.141",-558.375305175781,-460.864654541016,74.5663909912109,0.446195214986801,-0.894935727119446,0,"History of WAT247,Find Toppo's Posters,The Ruins","50,dissolved materials;50,infiltration;50,energy;49,poster1;49,poster4;49,poster5;49,poster6;87,Unlock the door","U3,U3_Collectibles,U3_Quests,U3_RiverSpline","0.11.141","TaskCompleteEvent",64,"Measure the West River Levels",NA
"3775","5c75b5b5e4194c47a15c394b",4,"Development","e0e8ba1d-a1a8-492c-a490-549b4a24c221","JG9 UX9",188,"2019-02-26 09:53:49","WindowsPlayer",NA,11,"TaskEvent",0,"0.11.141",-558.375305175781,-460.864654541016,74.5663909912109,0.446195214986801,-0.894935727119446,0,"History of WAT247,Find Toppo's Posters,The Ruins","50,dissolved materials;50,infiltration;50,energy;49,poster1;49,poster4;49,poster5;49,poster6;87,Unlock the door","U3,U3_Collectibles,U3_Quests,U3_RiverSpline","0.11.141","TaskProgressEvent",64,"Measure the West River Levels",1
"3776","5c75b5b5e4194c47a15c3956",4,"Development","e0e8ba1d-a1a8-492c-a490-549b4a24c221","JG9 UX9",188,"2019-02-26 09:53:49","WindowsPlayer",NA,11,"TaskEvent",0,"0.11.141",-558.375305175781,-460.864654541016,74.5663909912109,0.446195214986801,-0.894935727119446,0,"History of WAT247,Find Toppo's Posters,The Ruins","50,dissolved materials;50,infiltration;50,energy;49,poster1;49,poster4;49,poster5;49,poster6;87,Unlock the door;87,Enter the ruins","U3,U3_Collectibles,U3_Quests,U3_RiverSpline","0.11.141","TaskProgressEvent",65,"Check Anderson's Water Supply",1
"3777","5c75b5bae4194c47a15c395f",4,"Development","e0e8ba1d-a1a8-492c-a490-549b4a24c221","JG9 UX9",188,"2019-02-26 09:53:53","WindowsPlayer",NA,11,"TaskEvent",0,"0.11.141",-561.093566894531,-461.234344482422,74.3015670776367,-0.108002185821533,-0.994150876998901,0,"History of WAT247,Find Toppo's Posters,The Ruins,Collect all the Pumps in the Alien Facility","50,dissolved materials;50,infiltration;50,energy;49,poster1;49,poster4;49,poster5;49,poster6","U3,U3_Collectibles,U3_Quests,U3_RiverSpline,U3_Dungeon_Side_Quest","0.11.141","TaskActiveEvent",65,"Check the Bunker Water Table",NA
"3778","5c75b5bae4194c47a15c3963",4,"Development","e0e8ba1d-a1a8-492c-a490-549b4a24c221","JG9 UX9",188,"2019-02-26 09:53:53","WindowsPlayer",NA,11,"TaskEvent",0,"0.11.141",-561.093566894531,-461.234344482422,74.3015670776367,-0.108002185821533,-0.994150876998901,0,"History of WAT247,Find Toppo's Posters,The Ruins","50,dissolved materials;50,infiltration;50,energy;49,poster1;49,poster4;49,poster5;49,poster6;87,Enter the ruins","U3,U3_Collectibles,U3_Quests,U3_RiverSpline","0.11.141","TaskCompleteEvent",65,"Check Anderson's Water Supply",NA
"3779","5c75b5bae4194c47a15c3969",4,"Development","e0e8ba1d-a1a8-492c-a490-549b4a24c221","JG9 UX9",188,"2019-02-26 09:53:53","WindowsPlayer",NA,11,"TaskEvent",0,"0.11.141",-561.093566894531,-461.234344482422,74.3015670776367,-0.108002185821533,-0.994150876998901,0,"History of WAT247,Find Toppo's Posters,Collect all the Pumps in the Alien Facility","50,dissolved materials;50,infiltration;50,energy;49,poster1;49,poster4;49,poster5;49,poster6;75,Pump1","U3,U3_Collectibles,U3_Quests,U3_RiverSpline,U3_Dungeon_Side_Quest","0.11.141","TaskCompleteEvent",65,"Check the Ruins Water Table",NA
"3780","5c75b6afe4194c47a15c3c0a",4,"Development","e0e8ba1d-a1a8-492c-a490-549b4a24c221","JG9 UX9",188,"2019-02-26 09:59:06","WindowsPlayer",NA,11,"TaskEvent",0,"0.11.141",-165.99641418457,-104.316749572754,51.7882118225098,0.223251149058342,-0.974761247634888,0,"History of WAT247,Find Toppo's Posters,Collect all the Pumps in the Alien Facility","50,dissolved materials;50,infiltration;50,energy;49,poster1;49,poster4;49,poster5;49,poster6;75,Pump1","U3_Dungeon_Side_Quest","0.11.141","TaskActiveEvent",88,"Check the Seaside Humidity",NA
"3781","5c75b6afe4194c47a15c3c0b",4,"Development","e0e8ba1d-a1a8-492c-a490-549b4a24c221","JG9 UX9",188,"2019-02-26 09:59:06","WindowsPlayer",NA,11,"TaskEvent",0,"0.11.141",-165.99641418457,-104.316749572754,51.7882118225098,0.223251149058342,-0.974761247634888,0,"History of WAT247,Find Toppo's Posters,Collect all the Pumps in the Alien Facility","50,dissolved materials;50,infiltration;50,energy;49,poster1;49,poster4;49,poster5;49,poster6;75,Pump1","U3_Dungeon_Side_Quest","0.11.141","TaskProgressEvent",65,"Check the Ruins Water Table",1
"3782","5c75b6afe4194c47a15c3c16",4,"Development","e0e8ba1d-a1a8-492c-a490-549b4a24c221","JG9 UX9",188,"2019-02-26 09:59:06","WindowsPlayer",NA,11,"TaskEvent",0,"0.11.141",-165.99641418457,-104.316749572754,51.7882118225098,0.223251149058342,-0.974761247634888,0,"History of WAT247,Find Toppo's Posters,Collect all the Pumps in the Alien Facility","50,dissolved materials;50,infiltration;50,energy;49,poster1;49,poster4;49,poster5;49,poster6;75,Pump1;75,Pump2","U3_Dungeon_Side_Quest","0.11.141","TaskProgressEvent",88,"Check the Seaside Humidity",1
"3783","5c75b6b4e4194c47a15c3c1a",4,"Development","e0e8ba1d-a1a8-492c-a490-549b4a24c221","JG9 UX9",188,"2019-02-26 09:59:11","WindowsPlayer",NA,11,"TaskEvent",0,"0.11.141",-159.448226928711,-92.6052093505859,51.7900009155273,0.593418180942535,0.804894328117371,0,"History of WAT247,Find Toppo's Posters,Collect all the Pumps in the Alien Facility","50,dissolved materials;50,infiltration;50,energy;49,poster1;49,poster4;49,poster5;49,poster6;75,Pump2","U3_Dungeon_Side_Quest","0.11.141","TaskActiveEvent",88,"Check the Factory Humidity",NA
"3784","5c75b6b4e4194c47a15c3c1b",4,"Development","e0e8ba1d-a1a8-492c-a490-549b4a24c221","JG9 UX9",188,"2019-02-26 09:59:11","WindowsPlayer",NA,11,"TaskEvent",0,"0.11.141",-159.448226928711,-92.6052093505859,51.7900009155273,0.593418180942535,0.804894328117371,0,"History of WAT247,Find Toppo's Posters,Collect all the Pumps in the Alien Facility","50,dissolved materials;50,infiltration;50,energy;49,poster1;49,poster4;49,poster5;49,poster6;75,Pump2","U3_Dungeon_Side_Quest","0.11.141","TaskCompleteEvent",88,"Check the Seaside Humidity",NA
"3785","5c75b6b4e4194c47a15c3c29",4,"Development","e0e8ba1d-a1a8-492c-a490-549b4a24c221","JG9 UX9",188,"2019-02-26 09:59:11","WindowsPlayer",NA,11,"TaskEvent",0,"0.11.141",-159.448226928711,-92.6052093505859,51.7900009155273,0.593418180942535,0.804894328117371,0,"History of WAT247,Find Toppo's Posters,Collect all the Pumps in the Alien Facility","50,dissolved materials;50,infiltration;50,energy;49,poster1;49,poster4;49,poster5;49,poster6;75,Pump2;75,Pump3","U3_Dungeon_Side_Quest","0.11.141","TaskProgressEvent",49,"poster5",1
"3786","5c75b795e4194c47a15c3e7d",4,"Development","e0e8ba1d-a1a8-492c-a490-549b4a24c221","JG9 UX9",188,"2019-02-26 10:03:01","WindowsPlayer",NA,11,"TaskEvent",0,"0.11.141",-143.266265869141,-105.102554321289,53.1877593994141,-0.644120872020721,-0.764923691749573,0,"History of WAT247,Find Toppo's Posters,Collect all the Pumps in the Alien Facility","50,dissolved materials;50,infiltration;50,energy;49,poster1;49,poster4;49,poster5;49,poster6;75,Pump3;75,Pump4","U3_Dungeon_Side_Quest","0.11.141","TaskCompleteEvent",49,"poster5",NA
"3787","5c75b795e4194c47a15c3e80",4,"Development","e0e8ba1d-a1a8-492c-a490-549b4a24c221","JG9 UX9",188,"2019-02-26 10:03:01","WindowsPlayer",NA,11,"TaskEvent",0,"0.11.141",-143.266265869141,-105.102554321289,53.1877593994141,-0.644120872020721,-0.764923691749573,0,"History of WAT247,Find Toppo's Posters,Collect all the Pumps in the Alien Facility","50,dissolved materials;50,infiltration;50,energy;49,poster1;49,poster4;49,poster5;49,poster6;75,Pump3","U3_Dungeon_Side_Quest","0.11.141","TaskCompleteEvent",88,"Check the Factory Humidity",NA
"3788","5c75b796e4194c47a15c3e85",4,"Development","e0e8ba1d-a1a8-492c-a490-549b4a24c221","JG9 UX9",188,"2019-02-26 10:03:01","WindowsPlayer",NA,11,"TaskEvent",0,"0.11.141",-143.266265869141,-105.102554321289,53.1877593994141,-0.644120872020721,-0.764923691749573,0,"History of WAT247,Find Toppo's Posters,Collect all the Pumps in the Alien Facility","50,dissolved materials;50,infiltration;50,energy;49,poster1;49,poster4;49,poster5;49,poster6;75,Pump3","U3_Dungeon_Side_Quest","0.11.141","TaskProgressEvent",88,"Check the Factory Humidity",1
"3789","5c75b79fe4194c47a15c3e9f",4,"Development","e0e8ba1d-a1a8-492c-a490-549b4a24c221","JG9 UX9",188,"2019-02-26 10:03:06","WindowsPlayer",NA,11,"TaskEvent",0,"0.11.141",-157.74919128418,-112.909309387207,53.0724143981934,-0.401951014995575,0.915661156177521,0,"History of WAT247,Find Toppo's Posters,Collect all the Pumps in the Alien Facility","50,dissolved materials;50,infiltration;50,energy;49,poster1;49,poster4;49,poster5;49,poster6;75,Pump4","U3_Dungeon_Side_Quest","0.11.141","TaskActiveEvent",88,"Check the Cave Humidity",NA
"3790","5c75b79fe4194c47a15c3ea2",4,"Development","e0e8ba1d-a1a8-492c-a490-549b4a24c221","JG9 UX9",188,"2019-02-26 10:03:06","WindowsPlayer",NA,11,"TaskEvent",0,"0.11.141",-157.74919128418,-112.909309387207,53.0724143981934,-0.401951014995575,0.915661156177521,0,"History of WAT247,Find Toppo's Posters,Collect all the Pumps in the Alien Facility","50,dissolved materials;50,infiltration;50,energy;49,poster1;49,poster4;49,poster5;49,poster6;75,Pump4","U3_Dungeon_Side_Quest","0.11.141","TaskProgressEvent",88,"Check the Cave Humidity",1
"3791","5c75b79fe4194c47a15c3ea7",4,"Development","e0e8ba1d-a1a8-492c-a490-549b4a24c221","JG9 UX9",188,"2019-02-26 10:03:06","WindowsPlayer",NA,11,"TaskEvent",0,"0.11.141",-157.74919128418,-112.909309387207,53.0724143981934,-0.401951014995575,0.915661156177521,0,"History of WAT247,Find Toppo's Posters,Collect all the Pumps in the Alien Facility","50,dissolved materials;50,infiltration;50,energy;49,poster1;49,poster4;49,poster5;49,poster6;75,Pump4;75,BackToGardens","U3_Dungeon_Side_Quest","0.11.141","TaskActiveEvent",88,"Check the Base Humidity",NA
"3792","5c75b7aee4194c47a15c3ecb",4,"Development","e0e8ba1d-a1a8-492c-a490-549b4a24c221","JG9 UX9",188,"2019-02-26 10:03:20","WindowsPlayer",NA,11,"TaskEvent",0,"0.11.141",-201.031692504883,-123.368392944336,56.4889984130859,-0.795471906661987,-0.605990767478943,0,"History of WAT247,Find Toppo's Posters,Collect all the Pumps in the Alien Facility,Strange Gardening","50,dissolved materials;50,infiltration;50,energy;49,poster1;49,poster4;49,poster5;49,poster6","U3_Dungeon_Side_Quest","0.11.141","TaskCompleteEvent",88,"Check the Cave Humidity",NA
"3793","5c75b7aee4194c47a15c3ed2",4,"Development","e0e8ba1d-a1a8-492c-a490-549b4a24c221","JG9 UX9",188,"2019-02-26 10:03:20","WindowsPlayer",NA,11,"TaskEvent",0,"0.11.141",-201.031692504883,-123.368392944336,56.4889984130859,-0.795471906661987,-0.605990767478943,0,"History of WAT247,Find Toppo's Posters,Collect all the Pumps in the Alien Facility","50,dissolved materials;50,infiltration;50,energy;49,poster1;49,poster4;49,poster5;49,poster6;75,BackToGardens","U3_Dungeon_Side_Quest","0.11.141","TaskProgressEvent",88,"Check the Base Humidity",1
"3794","5c75b7aee4194c47a15c3ed8",4,"Development","e0e8ba1d-a1a8-492c-a490-549b4a24c221","JG9 UX9",188,"2019-02-26 10:03:20","WindowsPlayer",NA,11,"TaskEvent",0,"0.11.141",-201.031692504883,-123.368392944336,56.4889984130859,-0.795471906661987,-0.605990767478943,0,"History of WAT247,Find Toppo's Posters,Strange Gardening","50,dissolved materials;50,infiltration;50,energy;49,poster1;49,poster4;49,poster5;49,poster6;25,Install Pumps","U3_Dungeon_Side_Quest","0.11.141","TaskCompleteEvent",88,"Check the Base Humidity",NA
"3795","5c75b7cce4194c47a15c3f54",4,"Development","e0e8ba1d-a1a8-492c-a490-549b4a24c221","JG9 UX9",188,"2019-02-26 10:03:36","WindowsPlayer",NA,11,"TaskEvent",0,"0.11.141",-563.096435546875,-458.688690185547,73.4005813598633,-0.607375502586365,-0.79441499710083,0,"History of WAT247,Find Toppo's Posters,Strange Gardening","50,dissolved materials;50,infiltration;50,energy;49,poster1;49,poster4;49,poster5;49,poster6;25,Install Pumps","U3,U3_Collectibles,U3_Quests,U3_RiverSpline","0.11.141","TaskActiveEvent",89,"Update the Team",NA
"3796","5c75b7cce4194c47a15c3f58",4,"Development","e0e8ba1d-a1a8-492c-a490-549b4a24c221","JG9 UX9",188,"2019-02-26 10:03:36","WindowsPlayer",NA,11,"TaskEvent",0,"0.11.141",-563.096435546875,-458.688690185547,73.4005813598633,-0.607375502586365,-0.79441499710083,0,"History of WAT247,Find Toppo's Posters,Strange Gardening","50,dissolved materials;50,infiltration;50,energy;49,poster1;49,poster4;49,poster5;49,poster6;25,Install Pumps","U3,U3_Collectibles,U3_Quests,U3_RiverSpline","0.11.141","TaskProgressEvent",89,"Update the Team",1
"3797","5c75b81ce4194c47a15c400a",4,"Development","e0e8ba1d-a1a8-492c-a490-549b4a24c221","JG9 UX9",188,"2019-02-26 10:05:11","WindowsPlayer",NA,11,"TaskEvent",0,"0.11.141",-482.47021484375,-305.500152587891,54.9799995422363,0.841510653495789,0.540240526199341,0,"History of WAT247,Find Toppo's Posters,Strange Gardening","50,infiltration;50,energy;49,poster1;49,poster4;49,poster5;49,poster6;25,Install Pumps","U3,U3_Collectibles,U3_Quests,U3_RiverSpline","0.11.141","TaskCompleteEvent",89,"Update the Team",NA
"3798","5c75b83ae4194c47a15c404e",4,"Development","e0e8ba1d-a1a8-492c-a490-549b4a24c221","JG9 UX9",188,"2019-02-26 10:05:43","WindowsPlayer",NA,11,"TaskEvent",0,"0.11.141",-251.204086303711,-19.8319358825684,57.2860908508301,-0.895711898803711,0.444634974002838,0,"History of WAT247,Find Toppo's Posters,Strange Gardening","50,infiltration;50,energy;49,poster1;49,poster4;49,poster5;49,poster6;25,Install Pumps","U3,U3_Collectibles,U3_Quests,U3_RiverSpline","0.11.141","TaskActiveEvent",89,"Sort this Out",NA
"3799","5c75b85de4194c47a15c4085",4,"Development","e0e8ba1d-a1a8-492c-a490-549b4a24c221","JG9 UX9",188,"2019-02-26 10:06:18","WindowsPlayer",NA,11,"TaskEvent",0,"0.11.141",-561.306457519531,222.70964050293,54.9799995422363,0.250379770994186,0.968147695064545,0,"History of WAT247,Find Toppo's Posters,Strange Gardening","50,infiltration;50,energy;49,poster1;49,poster4;49,poster5;49,poster6;25,Install Pumps","U3,U3_Collectibles,U3_Quests,U3_RiverSpline","0.11.141","TaskProgressEvent",89,"Sort this Out",1
"3800","5c75b871e4194c47a15c40a7",4,"Development","e0e8ba1d-a1a8-492c-a490-549b4a24c221","JG9 UX9",188,"2019-02-26 10:06:39","WindowsPlayer",NA,11,"TaskEvent",0,"0.11.141",-427.546051025391,367.704040527344,55.3912162780762,0.53729921579361,0.843391716480255,0,"History of WAT247,Find Toppo's Posters,Strange Gardening,Back at your base","50,infiltration;50,energy;49,poster1;49,poster4;49,poster5;49,poster6","U3,U3_Collectibles,U3_Quests,U3_RiverSpline","0.11.141","TaskActiveEvent",89,"Counter Him Cadet",NA
"3801","5c75b872e4194c47a15c40b7",4,"Development","e0e8ba1d-a1a8-492c-a490-549b4a24c221","JG9 UX9",188,"2019-02-26 10:06:39","WindowsPlayer",NA,11,"TaskEvent",0,"0.11.141",-427.546051025391,367.704040527344,55.3912162780762,0.53729921579361,0.843391716480255,0,"History of WAT247,Find Toppo's Posters,Strange Gardening","50,infiltration;50,energy;49,poster1;49,poster4;49,poster5;49,poster6;25,Install Pumps","U3,U3_Collectibles,U3_Quests,U3_RiverSpline","0.11.141","TaskCompleteEvent",89,"Sort this Out",NA
"3802","5c75b872e4194c47a15c40b9",4,"Development","e0e8ba1d-a1a8-492c-a490-549b4a24c221","JG9 UX9",188,"2019-02-26 10:06:39","WindowsPlayer",NA,11,"TaskEvent",0,"0.11.141",-427.546051025391,367.704040527344,55.3912162780762,0.53729921579361,0.843391716480255,0,"History of WAT247,Find Toppo's Posters,Back at your base","50,infiltration;50,energy;49,poster1;49,poster4;49,poster5;49,poster6;56,Head to bed","U3,U3_Collectibles,U3_Quests,U3_RiverSpline","0.11.141","TaskActiveEvent",35,"setup first",NA
"3803","5c75b8b8e4194c47a15c4125",4,"Development","e0e8ba1d-a1a8-492c-a490-549b4a24c221","JG9 UX9",188,"2019-02-26 10:07:52","WindowsPlayer",NA,11,"TaskEvent",0,"0.11.141",5.85117626190186,-7.08690500259399,0.982118844985962,-0.965159058570862,-0.261664509773254,0,"History of WAT247,Find Toppo's Posters,Second Day at Base","50,infiltration;50,energy;49,poster1;49,poster4;49,poster5;49,poster6","PB_PlayerRoom","0.11.141","TaskCompleteEvent",34,"go to factory",NA
"3804","5c75b8b8e4194c47a15c412c",4,"Development","e0e8ba1d-a1a8-492c-a490-549b4a24c221","JG9 UX9",188,"2019-02-26 10:07:50","WindowsPlayer",NA,11,"TaskEvent",0,"0.11.141",5.85117626190186,-7.08690500259399,0.982118844985962,0.810360491275787,0.585931658744812,0,"History of WAT247,Find Toppo's Posters,Back at your base","50,infiltration;50,energy;49,poster1;49,poster4;49,poster5;49,poster6;56,Head to bed","PB_PlayerRoom","0.11.141","TaskProgressEvent",34,"go to factory",1
"3805","5c75b8b8e4194c47a15c412d",4,"Development","e0e8ba1d-a1a8-492c-a490-549b4a24c221","JG9 UX9",188,"2019-02-26 10:07:50","WindowsPlayer",NA,11,"TaskEvent",0,"0.11.141",5.85117626190186,-7.08690500259399,0.982118844985962,0.810360491275787,0.585931658744812,0,"History of WAT247,Find Toppo's Posters","50,infiltration;50,energy;49,poster1;49,poster4;49,poster5;49,poster6","PB_PlayerRoom","0.11.141","TaskProgressEvent",89,"Counter Him Cadet",1
"3806","5c75b8e9e4194c47a15c4160",4,"Development","e0e8ba1d-a1a8-492c-a490-549b4a24c221","JG9 UX9",188,"2019-02-26 10:08:32","WindowsPlayer",NA,11,"TaskEvent",0,"0.11.141",-57.0714340209961,-159.925674438477,60.4097557067871,0.0291119068861008,0.999576151371002,0,"History of WAT247,Find Toppo's Posters,Second Day at Base","50,infiltration;50,energy;49,poster1;49,poster4;49,poster5;49,poster6;59,Get Ready","Player_Base","0.11.141","TaskCompleteEvent",89,"Counter Him Cadet",NA
"3807","5c75b8e9e4194c47a15c4161",4,"Development","e0e8ba1d-a1a8-492c-a490-549b4a24c221","JG9 UX9",188,"2019-02-26 10:08:32","WindowsPlayer",NA,11,"TaskEvent",0,"0.11.141",-57.0714340209961,-159.925674438477,60.4097557067871,0.0291119068861008,0.999576151371002,0,"History of WAT247,Find Toppo's Posters,Second Day at Base","50,infiltration;50,energy;49,poster1;49,poster4;49,poster5;49,poster6;59,Get Ready","Player_Base","0.11.141","TaskActiveEvent",89,"Is the Water Missing?",NA
"3808","5c75b8e9e4194c47a15c4162",4,"Development","e0e8ba1d-a1a8-492c-a490-549b4a24c221","JG9 UX9",188,"2019-02-26 10:08:32","WindowsPlayer",NA,11,"TaskEvent",0,"0.11.141",-57.0714340209961,-159.925674438477,60.4097557067871,0.0291119068861008,0.999576151371002,0,"History of WAT247,Find Toppo's Posters,Second Day at Base","50,infiltration;50,energy;49,poster1;49,poster4;49,poster5;49,poster6;59,Get Ready;59,Head to the Desert","Player_Base","0.11.141","TaskCompleteEvent",35,"setup third",NA
"3809","5c75b904e4194c47a15c418d",4,"Development","e0e8ba1d-a1a8-492c-a490-549b4a24c221","JG9 UX9",188,"2019-02-26 10:09:03","WindowsPlayer",NA,11,"TaskEvent",0,"0.11.141",-587.252014160156,758.656433105469,63.2577056884766,-0.0968847498297691,-0.995293378829956,-0.00206603016704321,"History of WAT247,Find Toppo's Posters,Second Day at Base","50,infiltration;50,energy;49,poster1;49,poster4;49,poster5;49,poster6;59,Head to the Desert;59,Talk To Anderson","U4,U4_Collectibles,U4_Quests,U4_MilitaryBase","0.11.141","TaskProgressEvent",35,"setup third",1
"3810","5c75b904e4194c47a15c4190",4,"Development","e0e8ba1d-a1a8-492c-a490-549b4a24c221","JG9 UX9",188,"2019-02-26 10:09:03","WindowsPlayer",NA,11,"TaskEvent",0,"0.11.141",-587.252014160156,758.656433105469,63.2577056884766,-0.0968847498297691,-0.995293378829956,-0.00206603016704321,"History of WAT247,Find Toppo's Posters,Second Day at Base","50,infiltration;50,energy;49,poster1;49,poster4;49,poster5;49,poster6;59,Head to the Desert","U4,U4_Collectibles,U4_Quests,U4_MilitaryBase","0.11.141","TaskActiveEvent",35,"setup fourth",NA
"3811","5c75b904e4194c47a15c4191",4,"Development","e0e8ba1d-a1a8-492c-a490-549b4a24c221","JG9 UX9",188,"2019-02-26 10:09:03","WindowsPlayer",NA,11,"TaskEvent",0,"0.11.141",-587.252014160156,758.656433105469,63.2577056884766,-0.0968847498297691,-0.995293378829956,-0.00206603016704321,"History of WAT247,Find Toppo's Posters,Second Day at Base","50,infiltration;50,energy;49,poster1;49,poster4;49,poster5;49,poster6;59,Head to the Desert","U4,U4_Collectibles,U4_Quests,U4_MilitaryBase","0.11.141","TaskCompleteEvent",35,"setup fourth",NA
"3812","5c75b936e4194c47a15c41d8",4,"Development","e0e8ba1d-a1a8-492c-a490-549b4a24c221","JG9 UX9",188,"2019-02-26 10:09:52","WindowsPlayer",NA,11,"TaskEvent",0,"0.11.141",-586.407653808594,753.028991699219,63.0592384338379,0.299620866775513,-0.954036951065063,0.00638935528695583,"History of WAT247,Find Toppo's Posters,Second Day at Base","50,infiltration;50,energy;49,poster1;49,poster4;49,poster5;49,poster6;59,Talk To Anderson","U4,U4_Collectibles,U4_Quests,U4_MilitaryBase","0.11.141","TaskActiveEvent",69,"Go to Sleep",NA
"3813","5c75b936e4194c47a15c41d9",4,"Development","e0e8ba1d-a1a8-492c-a490-549b4a24c221","JG9 UX9",188,"2019-02-26 10:09:52","WindowsPlayer",NA,11,"TaskEvent",0,"0.11.141",-586.407653808594,753.028991699219,63.0592384338379,0.299620866775513,-0.954036951065063,0.00638935528695583,"History of WAT247,Find Toppo's Posters,Alien Village","50,infiltration;50,energy;49,poster1;49,poster4;49,poster5;49,poster6;2,Find the Ruins","U4,U4_Collectibles,U4_Quests,U4_MilitaryBase","0.11.141","TaskProgressEvent",35,"setup fourth",1
"3814","5c75b936e4194c47a15c41db",4,"Development","e0e8ba1d-a1a8-492c-a490-549b4a24c221","JG9 UX9",188,"2019-02-26 10:09:52","WindowsPlayer",NA,11,"TaskEvent",0,"0.11.141",-586.407653808594,753.028991699219,63.0592384338379,0.299620866775513,-0.954036951065063,0.00638935528695583,"History of WAT247,Find Toppo's Posters,Second Day at Base,Alien Village","50,infiltration;50,energy;49,poster1;49,poster4;49,poster5;49,poster6","U4,U4_Collectibles,U4_Quests,U4_MilitaryBase","0.11.141","TaskCompleteEvent",89,"Is the Water Missing?",NA
"3815","5c75b936e4194c47a15c41e2",4,"Development","e0e8ba1d-a1a8-492c-a490-549b4a24c221","JG9 UX9",188,"2019-02-26 10:09:56","WindowsPlayer",NA,11,"TaskEvent",0,"0.11.141",-593.712463378906,736.292114257812,62.1781921386719,-0.999601364135742,0.0185181275010109,-0.021316260099411,"History of WAT247,Find Toppo's Posters,Alien Village","50,infiltration;50,energy;49,poster1;49,poster4;49,poster5;49,poster6;2,Find the Ruins","U4,U4_Collectibles,U4_Quests,U4_MilitaryBase","0.11.141","TaskActiveEvent",66,"Follow Jasper",NA
"3816","5c75b936e4194c47a15c41e3",4,"Development","e0e8ba1d-a1a8-492c-a490-549b4a24c221","JG9 UX9",188,"2019-02-26 10:09:56","WindowsPlayer",NA,11,"TaskEvent",0,"0.11.141",-593.712463378906,736.292114257812,62.1781921386719,-0.999601364135742,0.0185181275010109,-0.021316260099411,"History of WAT247,Find Toppo's Posters,Alien Village","50,infiltration;50,energy;49,poster1;49,poster4;49,poster5;49,poster6;2,Find the Ruins","U4,U4_Collectibles,U4_Quests,U4_MilitaryBase","0.11.141","TaskProgressEvent",89,"Is the Water Missing?",1
"3817","5c75b9cde4194c47a15c4332",4,"Development","e0e8ba1d-a1a8-492c-a490-549b4a24c221","JG9 UX9",188,"2019-02-26 10:12:20","WindowsPlayer",NA,11,"TaskEvent",0,"0.11.141",163.035980224609,-602.853576660156,42.6127891540527,-0.247975617647171,-0.968751668930054,-0.00528800394386053,"History of WAT247,Find Toppo's Posters,Alien Village","50,infiltration;50,energy;49,poster1;49,poster5;49,poster6;2,Find the Ruins","U4,U4_Collectibles,U4_Quests,U4_AlienRuins","0.11.141","TaskProgressEvent",66,"Complete the First Wing",1
"3818","5c75b9cde4194c47a15c4333",4,"Development","e0e8ba1d-a1a8-492c-a490-549b4a24c221","JG9 UX9",188,"2019-02-26 10:12:20","WindowsPlayer",NA,11,"TaskEvent",0,"0.11.141",163.035980224609,-602.853576660156,42.6127891540527,-0.247975617647171,-0.968751668930054,-0.00528800394386053,"History of WAT247,Find Toppo's Posters,Alien Village","50,infiltration;50,energy;49,poster1;49,poster5;49,poster6;2,Find the Ruins;2,Unlock the Door","U4,U4_Collectibles,U4_Quests,U4_AlienRuins","0.11.141","TaskActiveEvent",66,"Complete the Second Wing",NA
"3819","5c75b9cde4194c47a15c4337",4,"Development","e0e8ba1d-a1a8-492c-a490-549b4a24c221","JG9 UX9",188,"2019-02-26 10:12:20","WindowsPlayer",NA,11,"TaskEvent",0,"0.11.141",163.035980224609,-602.853576660156,42.6127891540527,-0.247975617647171,-0.968751668930054,-0.00528800394386053,"History of WAT247,Find Toppo's Posters,Alien Village","50,infiltration;50,energy;49,poster1;49,poster5;49,poster6;2,Find the Ruins","U4,U4_Collectibles,U4_Quests,U4_AlienRuins","0.11.141","TaskCompleteEvent",66,"Complete the First Wing",NA
"3820","5c75b9e6e4194c47a15c4367",4,"Development","e0e8ba1d-a1a8-492c-a490-549b4a24c221","JG9 UX9",188,"2019-02-26 10:12:48","WindowsPlayer",NA,11,"TaskEvent",0,"0.11.141",172.771636962891,-686.983764648438,40.9909858703613,0.112118504941463,-0.993691861629486,0.00239090481773019,"History of WAT247,Find Toppo's Posters,Alien Village","50,infiltration;50,energy;49,poster1;49,poster5;49,poster6;2,Unlock the Door","U4,U4_Collectibles,U4_Quests,U4_AlienRuins","0.11.141","TaskActiveEvent",66,"Complete the Third Wing",NA
"3821","5c75b9e6e4194c47a15c436b",4,"Development","e0e8ba1d-a1a8-492c-a490-549b4a24c221","JG9 UX9",188,"2019-02-26 10:12:48","WindowsPlayer",NA,11,"TaskEvent",0,"0.11.141",172.771636962891,-686.983764648438,40.9909858703613,0.112118504941463,-0.993691861629486,0.00239090481773019,"History of WAT247,Find Toppo's Posters,Alien Village","50,infiltration;50,energy;49,poster1;49,poster5;49,poster6;2,Unlock the Door","U4,U4_Collectibles,U4_Quests,U4_AlienRuins","0.11.141","TaskCompleteEvent",66,"Complete the Second Wing",NA
"3822","5c75b9e6e4194c47a15c436c",4,"Development","e0e8ba1d-a1a8-492c-a490-549b4a24c221","JG9 UX9",188,"2019-02-26 10:12:48","WindowsPlayer",NA,11,"TaskEvent",0,"0.11.141",172.771636962891,-686.983764648438,40.9909858703613,0.112118504941463,-0.993691861629486,0.00239090481773019,"History of WAT247,Find Toppo's Posters,Alien Village","50,infiltration;50,energy;49,poster1;49,poster5;49,poster6;2,Unlock the Door;2,Enter the Building","U4,U4_Collectibles,U4_Quests,U4_AlienRuins","0.11.141","TaskProgressEvent",66,"Complete the Second Wing",1
"3823","5c75b9fae4194c47a15c43a9",4,"Development","e0e8ba1d-a1a8-492c-a490-549b4a24c221","JG9 UX9",188,"2019-02-26 10:13:12","WindowsPlayer",NA,11,"TaskEvent",0,"0.11.141",158.797714233398,-680.181030273438,40.9909858703613,-0.247975677251816,-0.968751668930054,-0.00528800394386053,"History of WAT247,Find Toppo's Posters,Alien Village","50,infiltration;50,energy;49,poster1;49,poster5;49,poster6;2,Enter the Building","U4,U4_Collectibles,U4_Quests,U4_AlienRuins","0.11.141","TaskActiveEvent",36,"Start Fountain",NA
"3824","5c75b9fae4194c47a15c43aa",4,"Development","e0e8ba1d-a1a8-492c-a490-549b4a24c221","JG9 UX9",188,"2019-02-26 10:13:12","WindowsPlayer",NA,11,"TaskEvent",0,"0.11.141",158.797714233398,-680.181030273438,40.9909858703613,-0.247975677251816,-0.968751668930054,-0.00528800394386053,"History of WAT247,Find Toppo's Posters,Alien Village","50,infiltration;50,energy;49,poster1;49,poster5;49,poster6;2,Enter the Building","U4,U4_Collectibles,U4_Quests,U4_AlienRuins","0.11.141","TaskCompleteEvent",36,"Transport Water",NA
"3825","5c75ba07e4194c47a15c43c9",4,"Development","e0e8ba1d-a1a8-492c-a490-549b4a24c221","JG9 UX9",188,"2019-02-26 10:13:15","WindowsPlayer",NA,11,"TaskEvent",0,"0.11.141",164.208419799805,-692.4814453125,41.4859771728516,-0.321549654006958,-0.946868062019348,-0.0068569527938962,"History of WAT247,Find Toppo's Posters,Alien Village","50,energy;49,poster1;49,poster5;49,poster6;2,Enter the Building","U4,U4_Collectibles,U4_Quests,U4_AlienRuins,U4_DrillRoomV2","0.11.141","TaskProgressEvent",36,"Transport Water",1
"3826","5c75ba07e4194c47a15c43d2",4,"Development","e0e8ba1d-a1a8-492c-a490-549b4a24c221","JG9 UX9",188,"2019-02-26 10:13:15","WindowsPlayer",NA,11,"TaskEvent",0,"0.11.141",164.208419799805,-692.4814453125,41.4859771728516,-0.321549654006958,-0.946868062019348,-0.0068569527938962,"History of WAT247,Find Toppo's Posters,Alien Village","50,energy;49,poster1;49,poster5;49,poster6;2,Enter the Building","U4,U4_Collectibles,U4_Quests,U4_AlienRuins,U4_DrillRoomV2","0.11.141","TaskProgressEvent",66,"Follow Jasper",1
"3827","5c75ba07e4194c47a15c43d4",4,"Development","e0e8ba1d-a1a8-492c-a490-549b4a24c221","JG9 UX9",188,"2019-02-26 10:13:15","WindowsPlayer",NA,11,"TaskEvent",0,"0.11.141",164.208419799805,-692.4814453125,41.4859771728516,-0.321549654006958,-0.946868062019348,-0.0068569527938962,"History of WAT247,Find Toppo's Posters,Alien Village","50,energy;49,poster1;49,poster5;49,poster6;2,Enter the Building;2,Try the Controls","U4,U4_Collectibles,U4_Quests,U4_AlienRuins,U4_DrillRoomV2","0.11.141","TaskActiveEvent",66,"Gain Entrance to the New Ruins",NA
"3828","5c75ba0ce4194c47a15c43de",4,"Development","e0e8ba1d-a1a8-492c-a490-549b4a24c221","JG9 UX9",188,"2019-02-26 10:13:24","WindowsPlayer",NA,11,"TaskEvent",0,"0.11.141",178.388244628906,-723.916809082031,-72.9808654785156,-0.803500235080719,-0.595304727554321,0,"History of WAT247,Find Toppo's Posters,Alien Village","50,energy;49,poster1;49,poster5;49,poster6;2,Try the Controls","U4_DrillRoomV2,U4_DrillRoomV2_Quests","0.11.141","TaskCompleteEvent",66,"Follow Jasper",NA
"3829","5c75ba0ce4194c47a15c43e5",4,"Development","e0e8ba1d-a1a8-492c-a490-549b4a24c221","JG9 UX9",188,"2019-02-26 10:13:24","WindowsPlayer",NA,11,"TaskEvent",0,"0.11.141",178.388244628906,-723.916809082031,-72.9808654785156,-0.803500235080719,-0.595304727554321,0,"History of WAT247,Find Toppo's Posters,Alien Village,The Ruins","50,energy;49,poster1;49,poster5;49,poster6","U4_DrillRoomV2,U4_DrillRoomV2_Quests","0.11.141","TaskProgressEvent",37,"bill outside cavern",1
"3830","5c75ba0ce4194c47a15c43e6",4,"Development","e0e8ba1d-a1a8-492c-a490-549b4a24c221","JG9 UX9",188,"2019-02-26 10:13:24","WindowsPlayer",NA,11,"TaskEvent",0,"0.11.141",178.388244628906,-723.916809082031,-72.9808654785156,-0.803500235080719,-0.595304727554321,0,"History of WAT247,Find Toppo's Posters,The Ruins","50,energy;49,poster1;49,poster5;49,poster6;3,Restore Power to B5","U4_DrillRoomV2,U4_DrillRoomV2_Quests","0.11.141","TaskActiveEvent",64,"Check Sam's Garden",NA
"3831","5c75baafe4194c47a15c4511",4,"Development","e0e8ba1d-a1a8-492c-a490-549b4a24c221","JG9 UX9",188,"2019-02-26 10:16:12","WindowsPlayer",NA,11,"TaskEvent",0,"0.11.141",55.2110595703125,-4.23868799209595,4.1469988822937,0.962217926979065,-0.272280216217041,0,"History of WAT247,Find Toppo's Posters,The Ruins","50,energy;49,poster1;49,poster5;49,poster6;3,Restore Power to B5","U4_Dungeon,U4_Dungeon_Quests","0.11.141","TaskActiveEvent",37,"meet Bill",NA
"3832","5c75baafe4194c47a15c4517",4,"Development","e0e8ba1d-a1a8-492c-a490-549b4a24c221","JG9 UX9",188,"2019-02-26 10:16:12","WindowsPlayer",NA,11,"TaskEvent",0,"0.11.141",55.2110595703125,-4.23868799209595,4.1469988822937,0.962217926979065,-0.272280216217041,0,"History of WAT247,Find Toppo's Posters,The Ruins","50,energy;49,poster1;49,poster5;49,poster6;3,Restore Power to B5","U4_Dungeon,U4_Dungeon_Quests","0.11.141","TaskCompleteEvent",37,"bill outside cavern",NA
"3833","5c75baafe4194c47a15c4518",4,"Development","e0e8ba1d-a1a8-492c-a490-549b4a24c221","JG9 UX9",188,"2019-02-26 10:16:12","WindowsPlayer",NA,11,"TaskEvent",0,"0.11.141",55.2110595703125,-4.23868799209595,4.1469988822937,0.962217926979065,-0.272280216217041,0,"History of WAT247,Find Toppo's Posters,The Ruins","50,energy;49,poster1;49,poster5;49,poster6;3,Restore Power to B5;3,Restore Power to B4","U4_Dungeon,U4_Dungeon_Quests","0.11.141","TaskCompleteEvent",63,"Talk with Toppo",NA
"3834","5c75bb22e4194c47a15c4658",4,"Development","e0e8ba1d-a1a8-492c-a490-549b4a24c221","JG9 UX9",188,"2019-02-26 10:18:08","WindowsPlayer",NA,11,"TaskEvent",0,"0.11.141",137.607711791992,31.1616668701172,9.2296257019043,-0.0488495603203773,-0.998806118965149,0,"History of WAT247,Find Toppo's Posters,The Ruins","50,energy;49,poster1;49,poster5;49,poster6;3,Restore Power to B4","U4_Dungeon,U4_Dungeon_Quests","0.11.141","TaskProgressEvent",63,"Talk with Toppo",1
"3835","5c75bb23e4194c47a15c465f",4,"Development","e0e8ba1d-a1a8-492c-a490-549b4a24c221","JG9 UX9",188,"2019-02-26 10:18:08","WindowsPlayer",NA,11,"TaskEvent",0,"0.11.141",137.607711791992,31.1616668701172,9.2296257019043,-0.0488495603203773,-0.998806118965149,0,"History of WAT247,Find Toppo's Posters,The Ruins","50,energy;49,poster1;49,poster5;49,poster6;3,Restore Power to B4","U4_Dungeon,U4_Dungeon_Quests","0.11.141","TaskCompleteEvent",33,"Condense Atmospheric Water",NA
"3836","5c75bb23e4194c47a15c4660",4,"Development","e0e8ba1d-a1a8-492c-a490-549b4a24c221","JG9 UX9",188,"2019-02-26 10:18:08","WindowsPlayer",NA,11,"TaskEvent",0,"0.11.141",137.607711791992,31.1616668701172,9.2296257019043,-0.0488495603203773,-0.998806118965149,0,"History of WAT247,Find Toppo's Posters,The Ruins","50,energy;49,poster1;49,poster5;49,poster6;3,Restore Power to B4;3,Restore Power to B3","U4_Dungeon,U4_Dungeon_Quests","0.11.141","TaskActiveEvent",34,"return to large mart",NA
"3837","5c75bc49e4194c47a15c4acb",4,"Development","e0e8ba1d-a1a8-492c-a490-549b4a24c221","JG9 UX9",188,"2019-02-26 10:22:28","WindowsPlayer",NA,11,"TaskEvent",0,"0.11.141",3.31646299362183,133.162017822266,24.9799995422363,-0.00872846506536007,0.999961912631989,0,"History of WAT247,Find Toppo's Posters,The Ruins","50,energy;49,poster1;49,poster5;49,poster6;3,Restore Power to B2","U4_Dungeon,U4_Dungeon_Quests","0.11.141","TaskProgressEvent",33,"Condense Atmospheric Water",1
"3838","5c75bc4ae4194c47a15c4ad5",4,"Development","e0e8ba1d-a1a8-492c-a490-549b4a24c221","JG9 UX9",188,"2019-02-26 10:22:28","WindowsPlayer",NA,11,"TaskEvent",0,"0.11.141",3.31646299362183,133.162017822266,24.9799995422363,-0.00872846506536007,0.999961912631989,0,"History of WAT247,Find Toppo's Posters,The Ruins","50,energy;49,poster1;49,poster5;49,poster6;3,Restore Power to B2","U4_Dungeon,U4_Dungeon_Quests","0.11.141","TaskActiveEvent",65,"Check the Ruins Water Table",NA
"3839","5c75bc4ae4194c47a15c4adb",4,"Development","e0e8ba1d-a1a8-492c-a490-549b4a24c221","JG9 UX9",188,"2019-02-26 10:22:28","WindowsPlayer",NA,11,"TaskEvent",0,"0.11.141",3.31646299362183,133.162017822266,24.9799995422363,-0.00872846506536007,0.999961912631989,0,"History of WAT247,Find Toppo's Posters,The Ruins","50,energy;49,poster1;49,poster5;49,poster6;3,Restore Power to B2;3,Restore Power to B1","U4_Dungeon,U4_Dungeon_Quests","0.11.141","TaskCompleteEvent",65,"Check the Bunker Water Table",NA
"3840","5c75bc8be4194c47a15c4bdc",4,"Development","e0e8ba1d-a1a8-492c-a490-549b4a24c221","JG9 UX9",188,"2019-02-26 10:19:03","WindowsPlayer",NA,11,"TaskEvent",0,"0.11.141",59.3523063659668,33.1167984008789,14.4796257019043,-0.991215646266937,0.132256150245667,0,"History of WAT247,Find Toppo's Posters,The Ruins","50,energy;49,poster1;49,poster5;49,poster6;3,Restore Power to B3","U4_Dungeon,U4_Dungeon_Quests","0.11.141","TaskProgressEvent",65,"Check the Bunker Water Table",1
"3841","5c75bc8be4194c47a15c4bdd",4,"Development","e0e8ba1d-a1a8-492c-a490-549b4a24c221","JG9 UX9",188,"2019-02-26 10:19:03","WindowsPlayer",NA,11,"TaskEvent",0,"0.11.141",59.3523063659668,33.1167984008789,14.4796257019043,-0.991215646266937,0.132256150245667,0,"History of WAT247,Find Toppo's Posters,The Ruins","50,energy;49,poster1;49,poster5;49,poster6;3,Restore Power to B3;3,Restore Power to B2","U4_Dungeon,U4_Dungeon_Quests","0.11.141","TaskProgressEvent",64,"Check Sam's Garden",1
"3842","5c75bc8be4194c47a15c4be3",4,"Development","e0e8ba1d-a1a8-492c-a490-549b4a24c221","JG9 UX9",188,"2019-02-26 10:19:03","WindowsPlayer",NA,11,"TaskEvent",0,"0.11.141",59.3523063659668,33.1167984008789,14.4796257019043,-0.991215646266937,0.132256150245667,0,"History of WAT247,Find Toppo's Posters,The Ruins","50,energy;49,poster1;49,poster5;49,poster6;3,Restore Power to B3","U4_Dungeon,U4_Dungeon_Quests","0.11.141","TaskActiveEvent",64,"Measure the East River Levels",NA
"3843","5c75bd82e4194c47a15c4fe1",4,"Development","e0e8ba1d-a1a8-492c-a490-549b4a24c221","JG9 UX9",188,"2019-02-26 10:27:31","WindowsPlayer",NA,11,"TaskEvent",0,"0.11.141",177.638473510742,-724.133117675781,-72.8811111450195,-0.899295806884766,-0.437341094017029,0,"History of WAT247,Find Toppo's Posters,The Fountain","50,energy;49,poster1;49,poster5;49,poster6;5,Retry the Controls","U4_DrillRoomV2,U4_DrillRoomV2_Quests","0.11.141","TaskProgressEvent",33,"Grab Canteen",1
"3844","5c75bd82e4194c47a15c4fe2",4,"Development","e0e8ba1d-a1a8-492c-a490-549b4a24c221","JG9 UX9",188,"2019-02-26 10:27:31","WindowsPlayer",NA,11,"TaskEvent",0,"0.11.141",177.638473510742,-724.133117675781,-72.8811111450195,-0.899295806884766,-0.437341094017029,0,"History of WAT247,Find Toppo's Posters,The Fountain","50,energy;49,poster1;49,poster5;49,poster6;5,Retry the Controls;5,Drill to the Water Table","U4_DrillRoomV2,U4_DrillRoomV2_Quests","0.11.141","TaskCompleteEvent",33,"Grab Canteen",NA
"3845","5c75bd82e4194c47a15c4fe5",4,"Development","e0e8ba1d-a1a8-492c-a490-549b4a24c221","JG9 UX9",188,"2019-02-26 10:27:31","WindowsPlayer",NA,11,"TaskEvent",0,"0.11.141",177.638473510742,-724.133117675781,-72.8811111450195,-0.899295806884766,-0.437341094017029,0,"History of WAT247,Find Toppo's Posters,The Fountain","50,energy;49,poster1;49,poster5;49,poster6;5,Retry the Controls","U4_DrillRoomV2,U4_DrillRoomV2_Quests","0.11.141","TaskProgressEvent",66,"Gain Entrance to the New Ruins",1
"3846","5c75bdbbe4194c47a15c50b7",4,"Development","e0e8ba1d-a1a8-492c-a490-549b4a24c221","JG9 UX9",188,"2019-02-26 10:29:08","WindowsPlayer",NA,11,"TaskEvent",0,"0.11.141",152.650482177734,-601.55126953125,43.1506538391113,-0.960113286972046,-0.279611110687256,0,"History of WAT247,Find Toppo's Posters,The Fountain","50,energy;49,poster1;49,poster5;49,poster6;5,Direct the irrigation","U4,U4_Collectibles,U4_Quests,U4_MilitaryBase,U4_AlienRuins","0.11.141","TaskActiveEvent",66,"Complete the First Wing",NA
"3847","5c75bdbbe4194c47a15c50b9",4,"Development","e0e8ba1d-a1a8-492c-a490-549b4a24c221","JG9 UX9",188,"2019-02-26 10:29:08","WindowsPlayer",NA,11,"TaskEvent",0,"0.11.141",152.650482177734,-601.55126953125,43.1506538391113,-0.960113286972046,-0.279611110687256,0,"History of WAT247,Find Toppo's Posters,The Fountain,Flooding in the Bunker","50,energy;49,poster1;49,poster5;49,poster6","U4,U4_Collectibles,U4_Quests,U4_MilitaryBase,U4_AlienRuins","0.11.141","TaskCompleteEvent",64,"Check Sam's Garden",NA
"3848","5c75bdbbe4194c47a15c50bb",4,"Development","e0e8ba1d-a1a8-492c-a490-549b4a24c221","JG9 UX9",188,"2019-02-26 10:29:08","WindowsPlayer",NA,11,"TaskEvent",0,"0.11.141",152.650482177734,-601.55126953125,43.1506538391113,-0.960113286972046,-0.279611110687256,0,"History of WAT247,Find Toppo's Posters,Flooding in the Bunker","50,energy;49,poster1;49,poster5;49,poster6;6,Head Inside the Bunker","U4,U4_Collectibles,U4_Quests,U4_MilitaryBase,U4_AlienRuins","0.11.141","TaskActiveEvent",33,"Condense Atmospheric Water",NA
"3849","5c75bde8e4194c47a15c5176",4,"Development","e0e8ba1d-a1a8-492c-a490-549b4a24c221","JG9 UX9",188,"2019-02-26 10:28:13","WindowsPlayer",NA,11,"TaskEvent",0,"0.11.141",177.638473510742,-724.133117675781,-72.8811111450195,-0.899295806884766,-0.437341094017029,0,"History of WAT247,Find Toppo's Posters,The Fountain","50,energy;49,poster1;49,poster5;49,poster6;5,Drill to the Water Table","U4_DrillRoomV2,U4_DrillRoomV2_Quests","0.11.141","TaskCompleteEvent",50,"watershed",NA
"3850","5c75bde8e4194c47a15c517c",4,"Development","e0e8ba1d-a1a8-492c-a490-549b4a24c221","JG9 UX9",188,"2019-02-26 10:28:13","WindowsPlayer",NA,11,"TaskEvent",0,"0.11.141",177.638473510742,-724.133117675781,-72.8811111450195,-0.899295806884766,-0.437341094017029,0,"History of WAT247,Find Toppo's Posters,The Fountain","50,energy;49,poster1;49,poster5;49,poster6;5,Drill to the Water Table","U4_DrillRoomV2,U4_DrillRoomV2_Quests","0.11.141","TaskProgressEvent",50,"watershed",1
"3851","5c75bde9e4194c47a15c517f",4,"Development","e0e8ba1d-a1a8-492c-a490-549b4a24c221","JG9 UX9",188,"2019-02-26 10:28:13","WindowsPlayer",NA,11,"TaskEvent",0,"0.11.141",177.638473510742,-724.133117675781,-72.8811111450195,-0.899295806884766,-0.437341094017029,0,"History of WAT247,Find Toppo's Posters,The Fountain","50,energy;49,poster1;49,poster5;49,poster6;5,Drill to the Water Table;5,Direct the irrigation","U4_DrillRoomV2,U4_DrillRoomV2_Quests","0.11.141","TaskCompleteEvent",66,"Gain Entrance to the New Ruins",NA
"3852","5c75bdfce4194c47a15c51cd",4,"Development","e0e8ba1d-a1a8-492c-a490-549b4a24c221","JG9 UX9",188,"2019-02-26 10:27:16","WindowsPlayer",NA,11,"TaskEvent",0,"0.11.141",-81.6603622436523,167.201599121094,30.2296600341797,-0.277316629886627,0.960778594017029,0,"History of WAT247,Find Toppo's Posters,The Ruins","50,energy;49,poster1;49,poster5;49,poster6;3,Restore Power to B1","U4_Dungeon,U4_Dungeon_Quests","0.11.141","TaskActiveEvent",37,"meet Bill",NA
"3853","5c75bdfde4194c47a15c51ce",4,"Development","e0e8ba1d-a1a8-492c-a490-549b4a24c221","JG9 UX9",188,"2019-02-26 10:27:16","WindowsPlayer",NA,11,"TaskEvent",0,"0.11.141",-81.6603622436523,167.201599121094,30.2296600341797,-0.277316629886627,0.960778594017029,0,"History of WAT247,Find Toppo's Posters,The Ruins,The Fountain","50,energy;49,poster1;49,poster5;49,poster6","U4_Dungeon,U4_Dungeon_Quests","0.11.141","TaskCompleteEvent",63,"Talk with Toppo",NA
"3854","5c75bdfde4194c47a15c51d0",4,"Development","e0e8ba1d-a1a8-492c-a490-549b4a24c221","JG9 UX9",188,"2019-02-26 10:27:16","WindowsPlayer",NA,11,"TaskEvent",0,"0.11.141",-81.6603622436523,167.201599121094,30.2296600341797,-0.277316629886627,0.960778594017029,0,"History of WAT247,Find Toppo's Posters,The Fountain","50,energy;49,poster1;49,poster5;49,poster6;5,Retry the Controls","U4_Dungeon,U4_Dungeon_Quests","0.11.141","TaskProgressEvent",63,"Talk with Toppo",1
"3855","5c75be28e4194c47a15c526b",4,"Development","e0e8ba1d-a1a8-492c-a490-549b4a24c221","JG9 UX9",188,"2019-02-26 10:30:54","WindowsPlayer",NA,11,"TaskEvent",0,"0.11.141",-575.656188964844,-15.8447113037109,27.3365478515625,-0.461175352334976,-0.887309193611145,0,"History of WAT247,Find Toppo's Posters,Flooding in the Bunker","50,energy;49,poster1;49,poster5;49,poster6;6,Head Inside the Bunker","U4,U4_Collectibles,U4_Quests,U4_MilitaryBase,U4_Bunker","0.11.141","TaskProgressEvent",37,"bill outside cavern",1
"3856","5c75be28e4194c47a15c526c",4,"Development","e0e8ba1d-a1a8-492c-a490-549b4a24c221","JG9 UX9",188,"2019-02-26 10:30:54","WindowsPlayer",NA,11,"TaskEvent",0,"0.11.141",-575.656188964844,-15.8447113037109,27.3365478515625,-0.461175352334976,-0.887309193611145,0,"History of WAT247,Find Toppo's Posters,Flooding in the Bunker","50,energy;49,poster1;49,poster5;49,poster6;6,Head Inside the Bunker;6,Investigate the Flood","U4,U4_Collectibles,U4_Quests,U4_MilitaryBase,U4_Bunker","0.11.141","TaskCompleteEvent",37,"bill outside cavern",NA
"3857","5c75be28e4194c47a15c5273",4,"Development","e0e8ba1d-a1a8-492c-a490-549b4a24c221","JG9 UX9",188,"2019-02-26 10:30:54","WindowsPlayer",NA,11,"TaskEvent",0,"0.11.141",-575.656188964844,-15.8447113037109,27.3365478515625,-0.461175352334976,-0.887309193611145,0,"History of WAT247,Find Toppo's Posters,Flooding in the Bunker","50,energy;49,poster1;49,poster5;49,poster6;6,Head Inside the Bunker","U4,U4_Collectibles,U4_Quests,U4_MilitaryBase,U4_Bunker","0.11.141","TaskActiveEvent",64,"Check Sam's Garden",NA
"3858","5c75be5fe4194c47a15c5346",4,"Development","e0e8ba1d-a1a8-492c-a490-549b4a24c221","JG9 UX9",188,"2019-02-26 10:31:50","WindowsPlayer",NA,11,"TaskEvent",0,"0.11.141",28.837963104248,14.695930480957,-6.06345224380493,-0.999559879302979,0.0296657085418701,0,"History of WAT247,Find Toppo's Posters,Flooding in the Bunker","50,energy;49,poster1;49,poster5;49,poster6;6,Investigate the Flood","U4_Bunker,U4_Bunker_Quests","0.11.141","TaskCompleteEvent",33,"Condense Atmospheric Water",NA
"3859","5c75be5fe4194c47a15c5349",4,"Development","e0e8ba1d-a1a8-492c-a490-549b4a24c221","JG9 UX9",188,"2019-02-26 10:31:50","WindowsPlayer",NA,11,"TaskEvent",0,"0.11.141",28.837963104248,14.695930480957,-6.06345224380493,-0.999559879302979,0.0296657085418701,0,"History of WAT247,Find Toppo's Posters,Flooding in the Bunker,Checking the Armory","50,energy;49,poster1;49,poster5;49,poster6","U4_Bunker,U4_Bunker_Quests","0.11.141","TaskActiveEvent",34,"return to large mart",NA
"3860","5c75be5fe4194c47a15c534a",4,"Development","e0e8ba1d-a1a8-492c-a490-549b4a24c221","JG9 UX9",188,"2019-02-26 10:31:50","WindowsPlayer",NA,11,"TaskEvent",0,"0.11.141",28.837963104248,14.695930480957,-6.06345224380493,-0.999559879302979,0.0296657085418701,0,"History of WAT247,Find Toppo's Posters,Checking the Armory","50,energy;49,poster1;49,poster5;49,poster6;80,Scan the Armory Ceiling","U4_Bunker,U4_Bunker_Quests","0.11.141","TaskProgressEvent",33,"Condense Atmospheric Water",1
"3861","5c75be6ae4194c47a15c537c",4,"Development","e0e8ba1d-a1a8-492c-a490-549b4a24c221","JG9 UX9",188,"2019-02-26 10:32:04","WindowsPlayer",NA,11,"TaskEvent",0,"0.11.141",31.4149208068848,13.5733394622803,-7.34663963317871,0.999925494194031,0.0122179388999939,0,"History of WAT247,Find Toppo's Posters,Checking the Armory","50,energy;49,poster1;49,poster5;49,poster6;80,Scan the Armory Ceiling","U4_Bunker,U4_Bunker_Quests","0.11.141","TaskActiveEvent",65,"Check the Ruins Water Table",NA
"3862","5c75be6ae4194c47a15c537d",4,"Development","e0e8ba1d-a1a8-492c-a490-549b4a24c221","JG9 UX9",188,"2019-02-26 10:32:04","WindowsPlayer",NA,11,"TaskEvent",0,"0.11.141",31.4149208068848,13.5733394622803,-7.34663963317871,0.999925494194031,0.0122179388999939,0,"History of WAT247,Find Toppo's Posters,Checking the Armory","50,energy;49,poster1;49,poster5;49,poster6;80,Scan the Armory Ceiling","U4_Bunker,U4_Bunker_Quests","0.11.141","TaskProgressEvent",65,"Check the Bunker Water Table",1
"3863","5c75be6ae4194c47a15c537e",4,"Development","e0e8ba1d-a1a8-492c-a490-549b4a24c221","JG9 UX9",188,"2019-02-26 10:32:04","WindowsPlayer",NA,11,"TaskEvent",0,"0.11.141",31.4149208068848,13.5733394622803,-7.34663963317871,0.999925494194031,0.0122179388999939,0,"History of WAT247,Find Toppo's Posters,Checking the Armory","50,energy;49,poster1;49,poster5;49,poster6;80,Scan the Armory Ceiling;80,Scan the Amory Floor","U4_Bunker,U4_Bunker_Quests","0.11.141","TaskCompleteEvent",65,"Check the Bunker Water Table",NA
"3864","5c75be6ee4194c47a15c538e",4,"Development","e0e8ba1d-a1a8-492c-a490-549b4a24c221","JG9 UX9",188,"2019-02-26 10:32:11","WindowsPlayer",NA,11,"TaskEvent",0,"0.11.141",47.8657531738281,14.4015302658081,-7.41999959945679,0.818149328231812,0.575005829334259,0,"History of WAT247,Find Toppo's Posters,Checking the Armory","50,energy;49,poster1;49,poster5;49,poster6;80,Scan the Amory Floor","U4_Bunker,U4_Bunker_Quests","0.11.141","TaskActiveEvent",64,"Measure the East River Levels",NA
"3865","5c75be6ee4194c47a15c538f",4,"Development","e0e8ba1d-a1a8-492c-a490-549b4a24c221","JG9 UX9",188,"2019-02-26 10:32:11","WindowsPlayer",NA,11,"TaskEvent",0,"0.11.141",47.8657531738281,14.4015302658081,-7.41999959945679,0.818149328231812,0.575005829334259,0,"History of WAT247,Find Toppo's Posters,Checking the Armory","50,energy;49,poster1;49,poster5;49,poster6;80,Scan the Amory Floor","U4_Bunker,U4_Bunker_Quests","0.11.141","TaskCompleteEvent",64,"Check Sam's Garden",NA
"3866","5c75be6fe4194c47a15c5391",4,"Development","e0e8ba1d-a1a8-492c-a490-549b4a24c221","JG9 UX9",188,"2019-02-26 10:32:11","WindowsPlayer",NA,11,"TaskEvent",0,"0.11.141",47.8657531738281,14.4015302658081,-7.41999959945679,0.818149328231812,0.575005829334259,0,"History of WAT247,Find Toppo's Posters,Checking the Armory","50,energy;49,poster1;49,poster5;49,poster6;80,Scan the Amory Floor;80,Scan the Armory Depth","U4_Bunker,U4_Bunker_Quests","0.11.141","TaskProgressEvent",66,"Gain Entrance to the New Ruins",1
"3867","5c75be91e4194c47a15c53e6",4,"Development","e0e8ba1d-a1a8-492c-a490-549b4a24c221","JG9 UX9",188,"2019-02-26 10:32:46","WindowsPlayer",NA,11,"TaskEvent",0,"0.11.141",25.7784786224365,15.6082897186279,-4.62618446350098,-0.998806178569794,-0.0488512516021729,0,"History of WAT247,Find Toppo's Posters,Checking the Living Quarters","50,energy;49,poster1;49,poster5;49,poster6;81,Scan the Living Quarters Ceiling","U4_Bunker,U4_Bunker_Quests","0.11.141","TaskCompleteEvent",50,"watershed",NA
"3868","5c75be91e4194c47a15c53ef",4,"Development","e0e8ba1d-a1a8-492c-a490-549b4a24c221","JG9 UX9",188,"2019-02-26 10:32:46","WindowsPlayer",NA,11,"TaskEvent",0,"0.11.141",25.7784786224365,15.6082897186279,-4.62618446350098,-0.998806178569794,-0.0488512516021729,0,"History of WAT247,Find Toppo's Posters,Checking the Armory","50,energy;49,poster1;49,poster5;49,poster6;80,Scan the Armory Depth","U4_Bunker,U4_Bunker_Quests","0.11.141","TaskProgressEvent",50,"watershed",1
"3869","5c75be91e4194c47a15c53f1",4,"Development","e0e8ba1d-a1a8-492c-a490-549b4a24c221","JG9 UX9",188,"2019-02-26 10:32:46","WindowsPlayer",NA,11,"TaskEvent",0,"0.11.141",25.7784786224365,15.6082897186279,-4.62618446350098,-0.998806178569794,-0.0488512516021729,0,"History of WAT247,Find Toppo's Posters,Checking the Armory,Checking the Living Quarters","50,energy;49,poster1;49,poster5;49,poster6","U4_Bunker,U4_Bunker_Quests","0.11.141","TaskCompleteEvent",66,"Gain Entrance to the New Ruins",NA
"3870","5c75beb9e4194c47a15c547e",4,"Development","e0e8ba1d-a1a8-492c-a490-549b4a24c221","JG9 UX9",188,"2019-02-26 10:33:27","WindowsPlayer",NA,11,"TaskEvent",0,"0.11.141",-16.6769008636475,25.6599464416504,-13.0200004577637,0.475622773170471,0.87964940071106,0,"History of WAT247,Find Toppo's Posters,Checking the Living Quarters","50,energy;49,poster1;49,poster5;49,poster6;81,Scan the Living Quarters Ceiling","U4_Bunker,U4_Bunker_Quests","0.11.141","TaskActiveEvent",33,"Condense Atmospheric Water",NA
"3871","5c75beb9e4194c47a15c547f",4,"Development","e0e8ba1d-a1a8-492c-a490-549b4a24c221","JG9 UX9",188,"2019-02-26 10:33:27","WindowsPlayer",NA,11,"TaskEvent",0,"0.11.141",-16.6769008636475,25.6599464416504,-13.0200004577637,0.475622773170471,0.87964940071106,0,"History of WAT247,Find Toppo's Posters,Checking the Living Quarters","50,energy;49,poster1;49,poster5;49,poster6;81,Scan the Living Quarters Ceiling","U4_Bunker,U4_Bunker_Quests","0.11.141","TaskProgressEvent",64,"Check Sam's Garden",1
"3872","5c75bebae4194c47a15c5487",4,"Development","e0e8ba1d-a1a8-492c-a490-549b4a24c221","JG9 UX9",188,"2019-02-26 10:33:27","WindowsPlayer",NA,11,"TaskEvent",0,"0.11.141",-16.6769008636475,25.6599464416504,-13.0200004577637,0.475622773170471,0.87964940071106,0,"History of WAT247,Find Toppo's Posters,Checking the Living Quarters","50,energy;49,poster1;49,poster5;49,poster6;81,Scan the Living Quarters Ceiling;81,Scan the Living Quarters Floor","U4_Bunker,U4_Bunker_Quests","0.11.141","TaskActiveEvent",66,"Complete the First Wing",NA
"3873","5c75bec3e4194c47a15c5495",4,"Development","e0e8ba1d-a1a8-492c-a490-549b4a24c221","JG9 UX9",188,"2019-02-26 10:33:32","WindowsPlayer",NA,11,"TaskEvent",0,"0.11.141",-20.2901172637939,19.930154800415,-13.0199995040894,-0.943800151348114,-0.330516338348389,0,"History of WAT247,Find Toppo's Posters,Checking the Living Quarters","50,energy;49,poster1;49,poster5;49,poster6;81,Scan the Living Quarters Floor;81,Scan the Living Quarters Depth","U4_Bunker,U4_Bunker_Quests","0.11.141","TaskProgressEvent",33,"Grab Canteen",1
"3874","5c75bec3e4194c47a15c549a",4,"Development","e0e8ba1d-a1a8-492c-a490-549b4a24c221","JG9 UX9",188,"2019-02-26 10:33:32","WindowsPlayer",NA,11,"TaskEvent",0,"0.11.141",-20.2901172637939,19.930154800415,-13.0199995040894,-0.943800151348114,-0.330516338348389,0,"History of WAT247,Find Toppo's Posters,Checking the Living Quarters","50,energy;49,poster1;49,poster5;49,poster6;81,Scan the Living Quarters Floor","U4_Bunker,U4_Bunker_Quests","0.11.141","TaskCompleteEvent",33,"Grab Canteen",NA
"3875","5c75bec4e4194c47a15c549b",4,"Development","e0e8ba1d-a1a8-492c-a490-549b4a24c221","JG9 UX9",188,"2019-02-26 10:33:32","WindowsPlayer",NA,11,"TaskEvent",0,"0.11.141",-20.2901172637939,19.930154800415,-13.0199995040894,-0.943800151348114,-0.330516338348389,0,"History of WAT247,Find Toppo's Posters,Checking the Living Quarters","50,energy;49,poster1;49,poster5;49,poster6;81,Scan the Living Quarters Floor","U4_Bunker,U4_Bunker_Quests","0.11.141","TaskCompleteEvent",66,"Complete the Third Wing",NA
"3876","5c75becde4194c47a15c54b5",4,"Development","e0e8ba1d-a1a8-492c-a490-549b4a24c221","JG9 UX9",188,"2019-02-26 10:33:42","WindowsPlayer",NA,11,"TaskEvent",0,"0.11.141",-9.25347518920898,23.7837429046631,-13.0200004577637,0.925210535526276,-0.379454612731934,0,"History of WAT247,Find Toppo's Posters,Checking the Living Quarters","50,energy;49,poster1;49,poster5;49,poster6;81,Scan the Living Quarters Depth","U4_Bunker,U4_Bunker_Quests","0.11.141","TaskProgressEvent",66,"Complete the Third Wing",1
"3877","5c75becde4194c47a15c54b8",4,"Development","e0e8ba1d-a1a8-492c-a490-549b4a24c221","JG9 UX9",188,"2019-02-26 10:33:42","WindowsPlayer",NA,11,"TaskEvent",0,"0.11.141",-9.25347518920898,23.7837429046631,-13.0200004577637,0.925210535526276,-0.379454612731934,0,"History of WAT247,Find Toppo's Posters,Checking the Living Quarters,Checking the Mess Hall","50,energy;49,poster1;49,poster5;49,poster6","U4_Bunker,U4_Bunker_Quests","0.11.141","TaskActiveEvent",66,"Enter the Alien Teleporter",NA
"3878","5c75becde4194c47a15c54ba",4,"Development","e0e8ba1d-a1a8-492c-a490-549b4a24c221","JG9 UX9",188,"2019-02-26 10:33:42","WindowsPlayer",NA,11,"TaskEvent",0,"0.11.141",-9.25347518920898,23.7837429046631,-13.0200004577637,0.925210535526276,-0.379454612731934,0,"History of WAT247,Find Toppo's Posters,Checking the Mess Hall","50,energy;49,poster1;49,poster5;49,poster6;82,Scan the Mess Hall Ceiling","U4_Bunker,U4_Bunker_Quests","0.11.141","TaskCompleteEvent",66,"Enter the Alien Teleporter",NA
"3879","5c75bee1e4194c47a15c54de",4,"Development","e0e8ba1d-a1a8-492c-a490-549b4a24c221","JG9 UX9",188,"2019-02-26 10:34:03","WindowsPlayer",NA,11,"TaskEvent",0,"0.11.141",50.5490531921387,36.5440406799316,-18.6200008392334,0.572143971920013,0.82015323638916,0,"History of WAT247,Find Toppo's Posters,Checking the Mess Hall","50,energy;49,poster1;49,poster5;49,poster6;82,Scan the Mess Hall Ceiling","U4_Bunker,U4_Bunker_Quests","0.11.141","TaskProgressEvent",66,"Enter the Alien Teleporter",1
"3880","5c75bee1e4194c47a15c54e2",4,"Development","e0e8ba1d-a1a8-492c-a490-549b4a24c221","JG9 UX9",188,"2019-02-26 10:34:03","WindowsPlayer",NA,11,"TaskEvent",0,"0.11.141",50.5490531921387,36.5440406799316,-18.6200008392334,0.572143971920013,0.82015323638916,0,"History of WAT247,Find Toppo's Posters,Checking the Mess Hall","50,energy;49,poster1;49,poster5;49,poster6;82,Scan the Mess Hall Ceiling","U4_Bunker,U4_Bunker_Quests","0.11.141","TaskActiveEvent",90,"Enter the Alien Base",NA
"3881","5c75bee1e4194c47a15c54e7",4,"Development","e0e8ba1d-a1a8-492c-a490-549b4a24c221","JG9 UX9",188,"2019-02-26 10:34:03","WindowsPlayer",NA,11,"TaskEvent",0,"0.11.141",50.5490531921387,36.5440406799316,-18.6200008392334,0.572143971920013,0.82015323638916,0,"History of WAT247,Find Toppo's Posters,Checking the Mess Hall","50,energy;49,poster1;49,poster5;49,poster6;82,Scan the Mess Hall Ceiling;82,Scan the Mess Hall Floor","U4_Bunker,U4_Bunker_Quests","0.11.141","TaskProgressEvent",90,"Enter the Alien Base",1
"3882","5c75bee6e4194c47a15c54f0",4,"Development","e0e8ba1d-a1a8-492c-a490-549b4a24c221","JG9 UX9",188,"2019-02-26 10:34:06","WindowsPlayer",NA,11,"TaskEvent",0,"0.11.141",46.7351417541504,31.9393615722656,-18.6199989318848,-0.831952750682831,-0.554846286773682,0,"History of WAT247,Find Toppo's Posters,Checking the Mess Hall","50,energy;49,poster1;49,poster5;49,poster6;82,Scan the Mess Hall Floor","U4_Bunker,U4_Bunker_Quests","0.11.141","TaskActiveEvent",90,"Operate the Alien Console",NA
"3883","5c75bee6e4194c47a15c54f5",4,"Development","e0e8ba1d-a1a8-492c-a490-549b4a24c221","JG9 UX9",188,"2019-02-26 10:34:06","WindowsPlayer",NA,11,"TaskEvent",0,"0.11.141",46.7351417541504,31.9393615722656,-18.6199989318848,-0.831952750682831,-0.554846286773682,0,"History of WAT247,Find Toppo's Posters,Checking the Mess Hall","50,energy;49,poster1;49,poster5;49,poster6;82,Scan the Mess Hall Floor","U4_Bunker,U4_Bunker_Quests","0.11.141","TaskCompleteEvent",90,"Enter the Alien Base",NA
"3884","5c75bee6e4194c47a15c54f6",4,"Development","e0e8ba1d-a1a8-492c-a490-549b4a24c221","JG9 UX9",188,"2019-02-26 10:34:06","WindowsPlayer",NA,11,"TaskEvent",0,"0.11.141",46.7351417541504,31.9393615722656,-18.6199989318848,-0.831952750682831,-0.554846286773682,0,"History of WAT247,Find Toppo's Posters,Checking the Mess Hall","50,energy;49,poster1;49,poster5;49,poster6;82,Scan the Mess Hall Floor;82,Scan the Mess Hall Depth","U4_Bunker,U4_Bunker_Quests","0.11.141","TaskCompleteEvent",90,"Operate the Alien Console",NA
"3885","5c75bee6e4194c47a15c54fd",4,"Development","e0e8ba1d-a1a8-492c-a490-549b4a24c221","JG9 UX9",188,"2019-02-26 10:34:12","WindowsPlayer",NA,11,"TaskEvent",0,"0.11.141",37.2512092590332,38.3158683776855,-18.6205425262451,-0.890213668346405,0.455543220043182,0,"History of WAT247,Find Toppo's Posters,Checking the Mess Hall","50,energy;49,poster1;49,poster5;49,poster6;82,Scan the Mess Hall Depth","U4_Bunker,U4_Bunker_Quests","0.11.141","TaskActiveEvent",67,"Reverse the Water",NA
"3886","5c75bee6e4194c47a15c5500",4,"Development","e0e8ba1d-a1a8-492c-a490-549b4a24c221","JG9 UX9",188,"2019-02-26 10:34:12","WindowsPlayer",NA,11,"TaskEvent",0,"0.11.141",37.2512092590332,38.3158683776855,-18.6205425262451,-0.890213668346405,0.455543220043182,0,"History of WAT247,Find Toppo's Posters,Checking the Mess Hall,Checking the Warehouse","50,energy;49,poster1;49,poster5;49,poster6","U4_Bunker,U4_Bunker_Quests","0.11.141","TaskProgressEvent",90,"Operate the Alien Console",1
"3887","5c75bee6e4194c47a15c5501",4,"Development","e0e8ba1d-a1a8-492c-a490-549b4a24c221","JG9 UX9",188,"2019-02-26 10:34:12","WindowsPlayer",NA,11,"TaskEvent",0,"0.11.141",37.2512092590332,38.3158683776855,-18.6205425262451,-0.890213668346405,0.455543220043182,0,"History of WAT247,Find Toppo's Posters,Checking the Warehouse","50,energy;49,poster1;49,poster5;49,poster6;83,Scan the Warehouse Ceiling","U4_Bunker,U4_Bunker_Quests","0.11.141","TaskCompleteEvent",67,"Reverse the Water",NA
"3888","5c75beffe4194c47a15c5534",4,"Development","e0e8ba1d-a1a8-492c-a490-549b4a24c221","JG9 UX9",188,"2019-02-26 10:34:36","WindowsPlayer",NA,11,"TaskEvent",0,"0.11.141",13.2690582275391,43.0220718383789,-18.5770416259766,-0.974369645118713,-0.224953651428223,0,"History of WAT247,Find Toppo's Posters,Checking the Warehouse","50,energy;49,poster1;49,poster5;49,poster6;83,Scan the Warehouse Ceiling","U4_Bunker,U4_Bunker_Quests","0.11.141","TaskProgressEvent",67,"Reverse the Water",1
"3889","5c75beffe4194c47a15c5539",4,"Development","e0e8ba1d-a1a8-492c-a490-549b4a24c221","JG9 UX9",188,"2019-02-26 10:34:36","WindowsPlayer",NA,11,"TaskEvent",0,"0.11.141",13.2690582275391,43.0220718383789,-18.5770416259766,-0.974369645118713,-0.224953651428223,0,"History of WAT247,Find Toppo's Posters,Checking the Warehouse","50,energy;49,poster1;49,poster5;49,poster6;83,Scan the Warehouse Ceiling;83,Scan the Warehouse Floor","U4_Bunker,U4_Bunker_Quests","0.11.141","TaskActiveEvent",67,"Open the 2nd Blast Door",NA
"3890","5c75bf00e4194c47a15c553e",4,"Development","e0e8ba1d-a1a8-492c-a490-549b4a24c221","JG9 UX9",188,"2019-02-26 10:34:36","WindowsPlayer",NA,11,"TaskEvent",0,"0.11.141",13.2690582275391,43.0220718383789,-18.5770416259766,-0.974369645118713,-0.224953651428223,0,"History of WAT247,Find Toppo's Posters,Checking the Warehouse","50,energy;49,poster1;49,poster5;49,poster6;83,Scan the Warehouse Ceiling","U4_Bunker,U4_Bunker_Quests","0.11.141","TaskProgressEvent",67,"Open the 2nd Blast Door",1
"3891","5c75bf09e4194c47a15c5546",4,"Development","e0e8ba1d-a1a8-492c-a490-549b4a24c221","JG9 UX9",188,"2019-02-26 10:34:44","WindowsPlayer",NA,11,"TaskEvent",0,"0.11.141",-18.5032539367676,51.9687881469727,-24.0799999237061,0.146080315113068,0.989272713661194,0,"History of WAT247,Find Toppo's Posters,Checking the Warehouse","50,energy;49,poster1;49,poster5;49,poster6;83,Scan the Warehouse Floor","U4_Bunker,U4_Bunker_Quests","0.11.141","TaskActiveEvent",67,"Open the 3rd Blast Door",NA
"3892","5c75bf09e4194c47a15c5547",4,"Development","e0e8ba1d-a1a8-492c-a490-549b4a24c221","JG9 UX9",188,"2019-02-26 10:34:44","WindowsPlayer",NA,11,"TaskEvent",0,"0.11.141",-18.5032539367676,51.9687881469727,-24.0799999237061,0.146080315113068,0.989272713661194,0,"History of WAT247,Find Toppo's Posters,Checking the Warehouse","50,energy;49,poster1;49,poster5;49,poster6;83,Scan the Warehouse Floor;83,Scan the Warehouse Depth","U4_Bunker,U4_Bunker_Quests","0.11.141","TaskCompleteEvent",67,"Open the 2nd Blast Door",NA
"3893","5c75bf0ae4194c47a15c5554",4,"Development","e0e8ba1d-a1a8-492c-a490-549b4a24c221","JG9 UX9",188,"2019-02-26 10:34:44","WindowsPlayer",NA,11,"TaskEvent",0,"0.11.141",-18.5032539367676,51.9687881469727,-24.0799999237061,0.146080315113068,0.989272713661194,0,"History of WAT247,Find Toppo's Posters,Checking the Warehouse","50,energy;49,poster1;49,poster5;49,poster6;83,Scan the Warehouse Floor","U4_Bunker,U4_Bunker_Quests","0.11.141","TaskProgressEvent",67,"Open the 3rd Blast Door",1
"3894","5c75bf0ee4194c47a15c5560",4,"Development","e0e8ba1d-a1a8-492c-a490-549b4a24c221","JG9 UX9",188,"2019-02-26 10:34:54","WindowsPlayer",NA,11,"TaskEvent",0,"0.11.141",-9.2576904296875,45.1552696228027,-24.0799999237061,0.987135827541351,0.159883916378021,0,"History of WAT247,Find Toppo's Posters,Checking the Warehouse","50,energy;49,poster1;49,poster5;49,poster6;83,Scan the Warehouse Depth","U4_Bunker,U4_Bunker_Quests","0.11.141","TaskCompleteEvent",67,"Open the 3rd Blast Door",NA
"3895","5c75bf0ee4194c47a15c5561",4,"Development","e0e8ba1d-a1a8-492c-a490-549b4a24c221","JG9 UX9",188,"2019-02-26 10:34:54","WindowsPlayer",NA,11,"TaskEvent",0,"0.11.141",-9.2576904296875,45.1552696228027,-24.0799999237061,0.987135827541351,0.159883916378021,0,"History of WAT247,Find Toppo's Posters,Argue about the Flooded Bunker","50,energy;49,poster1;49,poster5;49,poster6;12,Who Flooded the Armory?","U4_Bunker,U4_Bunker_Quests","0.11.141","TaskActiveEvent",67,"Open the 4th Blast Door",NA
"3896","5c75bf0ee4194c47a15c5569",4,"Development","e0e8ba1d-a1a8-492c-a490-549b4a24c221","JG9 UX9",188,"2019-02-26 10:34:54","WindowsPlayer",NA,11,"TaskEvent",0,"0.11.141",-9.2576904296875,45.1552696228027,-24.0799999237061,0.987135827541351,0.159883916378021,0,"History of WAT247,Find Toppo's Posters,Checking the Warehouse,Argue about the Flooded Bunker","50,energy;49,poster1;49,poster5;49,poster6","U4_Bunker,U4_Bunker_Quests","0.11.141","TaskCompleteEvent",67,"Thaw the Ice",NA
"3897","5c75bfe6e4194c47a15c56e8",4,"Development","e0e8ba1d-a1a8-492c-a490-549b4a24c221","JG9 UX9",188,"2019-02-26 10:38:25","WindowsPlayer",NA,11,"TaskEvent",0,"0.11.141",-9.2576904296875,45.1552696228027,-24.0799999237061,-0.992757081985474,-0.120139360427856,0,"History of WAT247,Find Toppo's Posters,Argue about the Flooded Bunker","50,energy;49,poster1;49,poster5;49,poster6;12,Who Flooded the Armory?;12,Who Flooded the Warehouse?","U4_Bunker,U4_Bunker_Quests","0.11.141","TaskActiveEvent",67,"Thaw the Ice",NA
"3898","5c75bfe6e4194c47a15c56eb",4,"Development","e0e8ba1d-a1a8-492c-a490-549b4a24c221","JG9 UX9",188,"2019-02-26 10:38:25","WindowsPlayer",NA,11,"TaskEvent",0,"0.11.141",-9.2576904296875,45.1552696228027,-24.0799999237061,-0.992757081985474,-0.120139360427856,0,"History of WAT247,Find Toppo's Posters,Argue about the Flooded Bunker","50,energy;49,poster1;49,poster5;49,poster6;12,Who Flooded the Armory?","U4_Bunker,U4_Bunker_Quests","0.11.141","TaskProgressEvent",67,"Thaw the Ice",1
"3899","5c75bfe6e4194c47a15c56ec",4,"Development","e0e8ba1d-a1a8-492c-a490-549b4a24c221","JG9 UX9",188,"2019-02-26 10:38:25","WindowsPlayer",NA,11,"TaskEvent",0,"0.11.141",-9.2576904296875,45.1552696228027,-24.0799999237061,-0.992757081985474,-0.120139360427856,0,"History of WAT247,Find Toppo's Posters,Argue about the Flooded Bunker","50,energy;49,poster1;49,poster5;49,poster6;12,Who Flooded the Armory?","U4_Bunker,U4_Bunker_Quests","0.11.141","TaskProgressEvent",67,"Open the 4th Blast Door",1
"3900","5c75c082e4194c47a15c57b1",4,"Development","e0e8ba1d-a1a8-492c-a490-549b4a24c221","JG9 UX9",188,"2019-02-26 10:40:56","WindowsPlayer",NA,11,"TaskEvent",0,"0.11.141",-11.4814357757568,42.3226318359375,-24.0799999237061,-0.889415383338928,-0.45710015296936,0,"History of WAT247,Find Toppo's Posters,Argue about the Flooded Bunker","50,energy;49,poster1;49,poster5;49,poster6;12,Who Flooded the Warehouse?","U4_Bunker,U4_Bunker_Quests","0.11.141","TaskActiveEvent",67,"Close the 4th Blast Door",NA
"3901","5c75c082e4194c47a15c57b2",4,"Development","e0e8ba1d-a1a8-492c-a490-549b4a24c221","JG9 UX9",188,"2019-02-26 10:40:56","WindowsPlayer",NA,11,"TaskEvent",0,"0.11.141",-11.4814357757568,42.3226318359375,-24.0799999237061,-0.889415383338928,-0.45710015296936,0,"History of WAT247,Find Toppo's Posters,Argue about the Flooded Bunker,Fix the Leak","50,energy;49,poster1;49,poster5;49,poster6","U4_Bunker,U4_Bunker_Quests","0.11.141","TaskCompleteEvent",67,"Open the 4th Blast Door",NA
"3902","5c75c082e4194c47a15c57b3",4,"Development","e0e8ba1d-a1a8-492c-a490-549b4a24c221","JG9 UX9",188,"2019-02-26 10:40:56","WindowsPlayer",NA,11,"TaskEvent",0,"0.11.141",-11.4814357757568,42.3226318359375,-24.0799999237061,-0.889415383338928,-0.45710015296936,0,"History of WAT247,Find Toppo's Posters,Fix the Leak","50,energy;49,poster1;49,poster5;49,poster6;13,deactivate","U4_Bunker,U4_Bunker_Quests","0.11.141","TaskProgressEvent",67,"Close the 4th Blast Door",1
"3903","5c75c0b1e4194c47a15c57ff",4,"Development","e0e8ba1d-a1a8-492c-a490-549b4a24c221","JG9 UX9",188,"2019-02-26 10:41:47","WindowsPlayer",NA,11,"TaskEvent",0,"0.11.141",-557.6279296875,-26.3859920501709,27.4465923309326,0.803856909275055,-0.594822645187378,0,"History of WAT247,Find Toppo's Posters,Fix the Leak","50,energy;49,poster1;49,poster5;49,poster6;13,deactivate","U4,U4_Collectibles,U4_Quests,U4_MilitaryBase","0.11.141","TaskActiveEvent",67,"Condense the Water",NA
"3904","5c75c0b1e4194c47a15c5805",4,"Development","e0e8ba1d-a1a8-492c-a490-549b4a24c221","JG9 UX9",188,"2019-02-26 10:41:47","WindowsPlayer",NA,11,"TaskEvent",0,"0.11.141",-557.6279296875,-26.3859920501709,27.4465923309326,0.803856909275055,-0.594822645187378,0,"History of WAT247,Find Toppo's Posters,Fix the Leak","50,energy;49,poster1;49,poster5;49,poster6;13,deactivate","U4,U4_Collectibles,U4_Quests,U4_MilitaryBase","0.11.141","TaskCompleteEvent",67,"Close the 4th Blast Door",NA
"3905","5c75c0b1e4194c47a15c5806",4,"Development","e0e8ba1d-a1a8-492c-a490-549b4a24c221","JG9 UX9",188,"2019-02-26 10:41:47","WindowsPlayer",NA,11,"TaskEvent",0,"0.11.141",-557.6279296875,-26.3859920501709,27.4465923309326,0.803856909275055,-0.594822645187378,0,"History of WAT247,Find Toppo's Posters,Fix the Leak","50,energy;49,poster1;49,poster5;49,poster6;13,deactivate;13,report","U4,U4_Collectibles,U4_Quests,U4_MilitaryBase","0.11.141","TaskProgressEvent",67,"Condense the Water",1
"3906","5c75c0d9e4194c47a15c5843",4,"Development","e0e8ba1d-a1a8-492c-a490-549b4a24c221","JG9 UX9",188,"2019-02-26 10:42:29","WindowsPlayer",NA,11,"TaskEvent",0,"0.11.141",-586.823181152344,751.094970703125,62.9140663146973,0.997185170650482,-0.0749785900115967,0,"History of WAT247,Find Toppo's Posters,Fix the Leak","50,energy;49,poster1;49,poster5;49,poster6;13,report","U4,U4_Collectibles,U4_Quests,U4_MilitaryBase","0.11.141","TaskActiveEvent",67,"Re-open the 4th Blast Door",NA
"3907","5c75c0d9e4194c47a15c5845",4,"Development","e0e8ba1d-a1a8-492c-a490-549b4a24c221","JG9 UX9",188,"2019-02-26 10:42:29","WindowsPlayer",NA,11,"TaskEvent",0,"0.11.141",-586.823181152344,751.094970703125,62.9140663146973,0.997185170650482,-0.0749785900115967,0,"History of WAT247,Find Toppo's Posters,Riley’s request","50,energy;49,poster1;49,poster5;49,poster6;14,fountain1","U4,U4_Collectibles,U4_Quests,U4_MilitaryBase","0.11.141","TaskCompleteEvent",67,"Condense the Water",NA
"3908","5c75c0d9e4194c47a15c5848",4,"Development","e0e8ba1d-a1a8-492c-a490-549b4a24c221","JG9 UX9",188,"2019-02-26 10:42:29","WindowsPlayer",NA,11,"TaskEvent",0,"0.11.141",-586.823181152344,751.094970703125,62.9140663146973,0.997185170650482,-0.0749785900115967,0,"History of WAT247,Find Toppo's Posters,Fix the Leak,Riley’s request","50,energy;49,poster1;49,poster5;49,poster6","U4,U4_Collectibles,U4_Quests,U4_MilitaryBase","0.11.141","TaskCompleteEvent",67,"Re-open the 4th Blast Door",NA
"3909","5c75c0f2e4194c47a15c5866",4,"Development","e0e8ba1d-a1a8-492c-a490-549b4a24c221","JG9 UX9",188,"2019-02-26 10:42:56","WindowsPlayer",NA,11,"TaskEvent",0,"0.11.141",-251.506759643555,711.9306640625,42.3395195007324,-0.384295135736465,0.923210263252258,0,"History of WAT247,Find Toppo's Posters,Riley’s request","50,energy;49,poster1;49,poster5;49,poster6;14,fountain1","U4,U4_Collectibles,U4_Quests","0.11.141","TaskActiveEvent",68,"Return to the Teleporter",NA
"3910","5c75c0f2e4194c47a15c586e",4,"Development","e0e8ba1d-a1a8-492c-a490-549b4a24c221","JG9 UX9",188,"2019-02-26 10:42:56","WindowsPlayer",NA,11,"TaskEvent",0,"0.11.141",-251.506759643555,711.9306640625,42.3395195007324,-0.384295135736465,0.923210263252258,0,"History of WAT247,Find Toppo's Posters,Riley’s request","50,energy;49,poster1;49,poster5;49,poster6;14,fountain1","U4,U4_Collectibles,U4_Quests","0.11.141","TaskProgressEvent",67,"Re-open the 4th Blast Door",1
"3911","5c75c0f2e4194c47a15c586f",4,"Development","e0e8ba1d-a1a8-492c-a490-549b4a24c221","JG9 UX9",188,"2019-02-26 10:42:56","WindowsPlayer",NA,11,"TaskEvent",0,"0.11.141",-251.506759643555,711.9306640625,42.3395195007324,-0.384295135736465,0.923210263252258,0,"History of WAT247,Find Toppo's Posters,Riley’s request","50,energy;49,poster1;49,poster5;49,poster6;14,fountain1;14,fountain2","U4,U4_Collectibles,U4_Quests","0.11.141","TaskActiveEvent",68,"Talk with Toppo",NA
"3912","5c75c10ce4194c47a15c5895",4,"Development","e0e8ba1d-a1a8-492c-a490-549b4a24c221","JG9 UX9",188,"2019-02-26 10:43:17","WindowsPlayer",NA,11,"TaskEvent",0,"0.11.141",-57.2563743591309,603.313354492188,32.7818489074707,0.865151345729828,-0.501511096954346,0,"History of WAT247,Find Toppo's Posters,Riley’s request","50,energy;49,poster1;49,poster5;49,poster6;14,fountain2","U4,U4_Collectibles,U4_Quests","0.11.141","TaskCompleteEvent",68,"Return to the Teleporter",NA
"3913","5c75c10ce4194c47a15c5896",4,"Development","e0e8ba1d-a1a8-492c-a490-549b4a24c221","JG9 UX9",188,"2019-02-26 10:43:17","WindowsPlayer",NA,11,"TaskEvent",0,"0.11.141",-57.2563743591309,603.313354492188,32.7818489074707,0.865151345729828,-0.501511096954346,0,"History of WAT247,Find Toppo's Posters,Riley’s request","50,energy;49,poster1;49,poster5;49,poster6;14,fountain2","U4,U4_Collectibles,U4_Quests","0.11.141","TaskProgressEvent",68,"Return to the Teleporter",1
"3914","5c75c10ce4194c47a15c5897",4,"Development","e0e8ba1d-a1a8-492c-a490-549b4a24c221","JG9 UX9",188,"2019-02-26 10:43:17","WindowsPlayer",NA,11,"TaskEvent",0,"0.11.141",-57.2563743591309,603.313354492188,32.7818489074707,0.865151345729828,-0.501511096954346,0,"History of WAT247,Find Toppo's Posters,Riley’s request","50,energy;49,poster1;49,poster5;49,poster6;14,fountain2;14,fountain3","U4,U4_Collectibles,U4_Quests","0.11.141","TaskCompleteEvent",68,"Talk with Toppo",NA
"3915","5c75c124e4194c47a15c58b2",4,"Development","e0e8ba1d-a1a8-492c-a490-549b4a24c221","JG9 UX9",188,"2019-02-26 10:43:45","WindowsPlayer",NA,11,"TaskEvent",0,"0.11.141",-209.749938964844,419.380126953125,23.631965637207,-0.257133364677429,-0.966375827789307,0,"History of WAT247,Find Toppo's Posters,Riley’s request","50,energy;49,poster1;49,poster5;49,poster6;14,fountain3","U4,U4_Collectibles,U4_Quests","0.11.141","TaskProgressEvent",68,"Talk with Toppo",1
"3916","5c75c124e4194c47a15c58b3",4,"Development","e0e8ba1d-a1a8-492c-a490-549b4a24c221","JG9 UX9",188,"2019-02-26 10:43:45","WindowsPlayer",NA,11,"TaskEvent",0,"0.11.141",-209.749938964844,419.380126953125,23.631965637207,-0.257133364677429,-0.966375827789307,0,"History of WAT247,Find Toppo's Posters,Riley’s request","50,energy;49,poster1;49,poster5;49,poster6;14,fountain3","U4,U4_Collectibles,U4_Quests","0.11.141","TaskActiveEvent",74,"wakeup",NA
"3917","5c75c125e4194c47a15c58bf",4,"Development","e0e8ba1d-a1a8-492c-a490-549b4a24c221","JG9 UX9",188,"2019-02-26 10:43:45","WindowsPlayer",NA,11,"TaskEvent",0,"0.11.141",-209.749938964844,419.380126953125,23.631965637207,-0.257133364677429,-0.966375827789307,0,"History of WAT247,Find Toppo's Posters,Riley’s request","50,energy;49,poster1;49,poster5;49,poster6;14,fountain3;14,Head back to Anderson","U4,U4_Collectibles,U4_Quests","0.11.141","TaskActiveEvent",74,"arfRoom",NA
"3918","5c75c15be4194c47a15c590f",4,"Development","e0e8ba1d-a1a8-492c-a490-549b4a24c221","JG9 UX9",188,"2019-02-26 10:44:39","WindowsPlayer",NA,11,"TaskEvent",0,"0.11.141",-586.088439941406,750.069641113281,62.7664909362793,0.0680160820484161,0.997684240341187,0,"History of WAT247,Find Toppo's Posters,Riley’s request","50,energy;49,poster1;49,poster5;49,poster6;14,Head back to Anderson","U4,U4_Collectibles,U4_Quests,U4_MilitaryBase","0.11.141","TaskProgressEvent",74,"wakeup",1
"3919","5c75c15be4194c47a15c5910",4,"Development","e0e8ba1d-a1a8-492c-a490-549b4a24c221","JG9 UX9",188,"2019-02-26 10:44:39","WindowsPlayer",NA,11,"TaskEvent",0,"0.11.141",-586.088439941406,750.069641113281,62.7664909362793,0.0680160820484161,0.997684240341187,0,"History of WAT247,Find Toppo's Posters,Riley’s request","50,energy;49,poster1;49,poster5;49,poster6;14,Head back to Anderson","U4,U4_Collectibles,U4_Quests,U4_MilitaryBase","0.11.141","TaskCompleteEvent",74,"wakeup",NA
"3920","5c75c15be4194c47a15c5911",4,"Development","e0e8ba1d-a1a8-492c-a490-549b4a24c221","JG9 UX9",188,"2019-02-26 10:44:39","WindowsPlayer",NA,11,"TaskEvent",0,"0.11.141",-586.088439941406,750.069641113281,62.7664909362793,0.0680160820484161,0.997684240341187,0,"History of WAT247,Find Toppo's Posters,Riley’s request","50,energy;49,poster1;49,poster5;49,poster6;14,Head back to Anderson;14,overflow fountain","U4,U4_Collectibles,U4_Quests,U4_MilitaryBase","0.11.141","TaskCompleteEvent",74,"arfRoom",NA
"3921","5c75c18fe4194c47a15c5967",4,"Development","e0e8ba1d-a1a8-492c-a490-549b4a24c221","JG9 UX9",188,"2019-02-26 10:45:25","WindowsPlayer",NA,11,"TaskEvent",0,"0.11.141",-586.089599609375,753.948974609375,63.11328125,0.228349670767784,-0.973579287528992,0,"History of WAT247,Find Toppo's Posters,Riley’s request","50,energy;49,poster1;49,poster5;49,poster6;14,overflow fountain","U4,U4_Collectibles,U4_Quests,U4_MilitaryBase","0.11.141","TaskProgressEvent",74,"arfRoom",1
"3922","5c75c18fe4194c47a15c5977",4,"Development","e0e8ba1d-a1a8-492c-a490-549b4a24c221","JG9 UX9",188,"2019-02-26 10:45:25","WindowsPlayer",NA,11,"TaskEvent",0,"0.11.141",-586.089599609375,753.948974609375,63.11328125,0.228349670767784,-0.973579287528992,0,"History of WAT247,Find Toppo's Posters,Riley’s request,Third Night at Base","50,energy;49,poster1;49,poster5;49,poster6","U4,U4_Collectibles,U4_Quests,U4_MilitaryBase","0.11.141","TaskActiveEvent",77,"collectARF",NA
"3923","5c75c18fe4194c47a15c5978",4,"Development","e0e8ba1d-a1a8-492c-a490-549b4a24c221","JG9 UX9",188,"2019-02-26 10:45:25","WindowsPlayer",NA,11,"TaskEvent",0,"0.11.141",-586.089599609375,753.948974609375,63.11328125,0.228349670767784,-0.973579287528992,0,"History of WAT247,Find Toppo's Posters,Third Night at Base","50,energy;49,poster1;49,poster5;49,poster6;61,Head to Bed","U4,U4_Collectibles,U4_Quests,U4_MilitaryBase","0.11.141","TaskProgressEvent",77,"collectARF",1
"3924","5c75c1a5e4194c47a15c599d",4,"Development","e0e8ba1d-a1a8-492c-a490-549b4a24c221","JG9 UX9",188,"2019-02-26 10:45:55","WindowsPlayer",NA,11,"TaskEvent",0,"0.11.141",5.8765115737915,-7.10614919662476,0.982125163078308,0.820463240146637,0.571699261665344,0,"History of WAT247,Find Toppo's Posters","50,energy;49,poster1;49,poster5;49,poster6","PB_PlayerRoom","0.11.141","TaskActiveEvent",77,"checkPoster",NA
"3925","5c75c1a5e4194c47a15c59a0",4,"Development","e0e8ba1d-a1a8-492c-a490-549b4a24c221","JG9 UX9",188,"2019-02-26 10:45:57","WindowsPlayer",NA,11,"TaskEvent",0,"0.11.141",5.8765115737915,-7.10614919662476,0.982125163078308,0.820463240146637,0.571699261665344,0,"History of WAT247,Find Toppo's Posters,U5 - Waking up on WAT247","50,energy;49,poster1;49,poster5;49,poster6","PB_PlayerRoom","0.11.141","TaskCompleteEvent",77,"collectARF",NA
"3926","5c75c1a5e4194c47a15c59a5",4,"Development","e0e8ba1d-a1a8-492c-a490-549b4a24c221","JG9 UX9",188,"2019-02-26 10:45:55","WindowsPlayer",NA,11,"TaskEvent",0,"0.11.141",5.8765115737915,-7.10614919662476,0.982125163078308,0.820463240146637,0.571699261665344,0,"History of WAT247,Find Toppo's Posters,Third Night at Base","50,energy;49,poster1;49,poster5;49,poster6;61,Head to Bed","PB_PlayerRoom","0.11.141","TaskProgressEvent",61,"Head to Bed",1
"3927","5ce6aa18e4194c2f5ffac4f0",4,"Development","e0e8ba1d-a1a8-492c-a490-549b4a24c221","JG9 UX9",188,"2019-05-23 04:11:29","WindowsPlayer",NA,11,"TaskEvent",0,"0.11.235",5.9333381652832,-7.13916873931885,0.982136189937592,0.874883472919464,0.484333693981171,0,"Third Night at Base,History of WAT247,Find Toppo's Posters,Crash Diagnostics - Mountains,U3 - Crash Side Quest P3","61,Head to Bed;50,watershed;50,energy;49,poster1;49,poster5;49,poster6;46,jasper;40,Find the supplies crate","PB_PlayerRoom","0.11.235","TaskActiveEvent",85,"teleport island",NA
"3928","5ce6aa18e4194c2f5ffac4f2",4,"Development","e0e8ba1d-a1a8-492c-a490-549b4a24c221","JG9 UX9",188,"2019-05-23 04:11:29","WindowsPlayer",NA,11,"TaskEvent",0,"0.11.235",5.9333381652832,-7.13916873931885,0.982136189937592,0.874883472919464,0.484333693981171,0,"History of WAT247,Find Toppo's Posters,Crash Diagnostics - Mountains,U3 - Crash Side Quest P3","50,watershed;50,energy;49,poster1;49,poster5;49,poster6;46,jasper;40,Find the supplies crate","PB_PlayerRoom","0.11.235","TaskCompleteEvent",61,"Head to Bed",NA
"3929","5ce6aa18e4194c2f5ffac4f5",4,"Development","e0e8ba1d-a1a8-492c-a490-549b4a24c221","JG9 UX9",188,"2019-05-23 04:11:31","WindowsPlayer",NA,11,"TaskEvent",0,"0.11.235",5.9333381652832,-7.13916873931885,0.982136189937592,-0.997721314430237,-0.0674728155136108,0,"History of WAT247,Find Toppo's Posters,Crash Diagnostics - Mountains,U3 - Crash Side Quest P3,U5 - Waking up on WAT247","50,watershed;50,energy;49,poster1;49,poster5;49,poster6;46,jasper;40,Find the supplies crate","PB_PlayerRoom","0.11.235","TaskCompleteEvent",85,"teleport island",NA
"3930","5ce6aa77e4194c2f5ffac5b5",4,"Development","e0e8ba1d-a1a8-492c-a490-549b4a24c221","JG9 UX9",188,"2019-05-23 04:13:08","WindowsPlayer",NA,11,"TaskEvent",0,"0.11.235",-217.399993896484,195.199996948242,50.8499984741211,-0.106264062225819,0.994337916374207,0,"History of WAT247,Find Toppo's Posters,Crash Diagnostics - Mountains,U3 - Crash Side Quest P3,U5 - Waking up on WAT247,LargeMart Island","50,watershed;50,energy;49,poster1;49,poster5;49,poster6;46,jasper;40,Find the supplies crate","U5,U5_Quests","0.11.235","TaskActiveEvent",29,"meet",NA
"3931","5ce6aa77e4194c2f5ffac5c0",4,"Development","e0e8ba1d-a1a8-492c-a490-549b4a24c221","JG9 UX9",188,"2019-05-23 04:13:08","WindowsPlayer",NA,11,"TaskEvent",0,"0.11.235",-217.399993896484,195.199996948242,50.8499984741211,-0.106264062225819,0.994337916374207,0,"History of WAT247,Find Toppo's Posters,Crash Diagnostics - Mountains,U3 - Crash Side Quest P3,U5 - Waking up on WAT247","50,watershed;50,energy;49,poster1;49,poster5;49,poster6;46,jasper;40,Find the supplies crate;85,teleport island","U5,U5_Quests","0.11.235","TaskProgressEvent",29,"meet",1
"3932","5ce6aa81e4194c2f5ffac5d6",4,"Development","e0e8ba1d-a1a8-492c-a490-549b4a24c221","JG9 UX9",188,"2019-05-23 04:13:15","WindowsPlayer",NA,11,"TaskEvent",0,"0.11.235",-211.880630493164,193.467361450195,51.8253860473633,0.803857147693634,-0.594822406768799,0,"History of WAT247,Find Toppo's Posters,Crash Diagnostics - Mountains,U3 - Crash Side Quest P3,LargeMart Island","50,watershed;50,energy;49,poster1;49,poster5;49,poster6;46,jasper;40,Find the supplies crate;29,meet","U5,U5_Quests","0.11.235","TaskCompleteEvent",29,"meet",NA
"3933","5ce6aa81e4194c2f5ffac5db",4,"Development","e0e8ba1d-a1a8-492c-a490-549b4a24c221","JG9 UX9",188,"2019-05-23 04:13:15","WindowsPlayer",NA,11,"TaskEvent",0,"0.11.235",-211.880630493164,193.467361450195,51.8253860473633,0.803857147693634,-0.594822406768799,0,"History of WAT247,Find Toppo's Posters,Crash Diagnostics - Mountains,U3 - Crash Side Quest P3,LargeMart Island","50,watershed;50,energy;49,poster1;49,poster5;49,poster6;46,jasper;40,Find the supplies crate;29,meet","U5,U5_Quests","0.11.235","TaskActiveEvent",29,"talk",NA
"3934","5ce6aa81e4194c2f5ffac5e3",4,"Development","e0e8ba1d-a1a8-492c-a490-549b4a24c221","JG9 UX9",188,"2019-05-23 04:13:15","WindowsPlayer",NA,11,"TaskEvent",0,"0.11.235",-211.880630493164,193.467361450195,51.8253860473633,0.803857147693634,-0.594822406768799,0,"History of WAT247,Find Toppo's Posters,Crash Diagnostics - Mountains,U3 - Crash Side Quest P3,LargeMart Island","50,watershed;50,energy;49,poster1;49,poster5;49,poster6;46,jasper;40,Find the supplies crate;29,meet;29,talk","U5,U5_Quests","0.11.235","TaskProgressEvent",49,"poster5",1
"3935","5ce6aad7e4194c2f5ffac67d",4,"Development","e0e8ba1d-a1a8-492c-a490-549b4a24c221","JG9 UX9",188,"2019-05-23 04:14:38","WindowsPlayer",NA,11,"TaskEvent",0,"0.11.235",-211.75471496582,12.1553106307983,69.2620010375977,-0.687086880207062,-0.726575374603271,0,"History of WAT247,Find Toppo's Posters,Crash Diagnostics - Mountains,U3 - Crash Side Quest P3,LargeMart Island","50,watershed;50,energy;49,poster1;49,poster5;49,poster6;46,jasper;40,Find the supplies crate;29,talk","U5,U5_Quests","0.11.235","TaskCompleteEvent",49,"poster5",NA
"3936","5ce6aad7e4194c2f5ffac683",4,"Development","e0e8ba1d-a1a8-492c-a490-549b4a24c221","JG9 UX9",188,"2019-05-23 04:14:38","WindowsPlayer",NA,11,"TaskEvent",0,"0.11.235",-211.75471496582,12.1553106307983,69.2620010375977,-0.687086880207062,-0.726575374603271,0,"History of WAT247,Find Toppo's Posters,Crash Diagnostics - Mountains,U3 - Crash Side Quest P3,LargeMart Island","50,watershed;50,energy;49,poster1;49,poster5;49,poster6;46,jasper;40,Find the supplies crate;29,talk","U5,U5_Quests","0.11.235","TaskActiveEvent",29,"unlock",NA
"3937","5ce6aad8e4194c2f5ffac687",4,"Development","e0e8ba1d-a1a8-492c-a490-549b4a24c221","JG9 UX9",188,"2019-05-23 04:14:38","WindowsPlayer",NA,11,"TaskEvent",0,"0.11.235",-211.75471496582,12.1553106307983,69.2620010375977,-0.687086880207062,-0.726575374603271,0,"History of WAT247,Find Toppo's Posters,Crash Diagnostics - Mountains,U3 - Crash Side Quest P3,LargeMart Island","50,watershed;50,energy;49,poster1;49,poster5;49,poster6;46,jasper;40,Find the supplies crate;29,talk;29,unlock","U5,U5_Quests","0.11.235","TaskCompleteEvent",29,"talk",NA
"3938","5ce6ab2ce4194c2f5ffac798",4,"Development","e0e8ba1d-a1a8-492c-a490-549b4a24c221","JG9 UX9",188,"2019-05-23 04:15:48","WindowsPlayer",NA,11,"TaskEvent",0,"0.11.235",-703.005981445312,29.3879737854004,-106.192344665527,0.990739405155182,-0.135778307914734,0,"History of WAT247,Find Toppo's Posters,Crash Diagnostics - Mountains,U3 - Crash Side Quest P3,LargeMart Island","50,watershed;50,energy;49,poster1;49,poster5;49,poster6;46,jasper;40,Find the supplies crate;29,unlock","U5_Cavern,U5_Cavern_Quests","0.11.235","TaskProgressEvent",29,"talk",1
"3939","5ce6ab2ce4194c2f5ffac79d",4,"Development","e0e8ba1d-a1a8-492c-a490-549b4a24c221","JG9 UX9",188,"2019-05-23 04:15:48","WindowsPlayer",NA,11,"TaskEvent",0,"0.11.235",-703.005981445312,29.3879737854004,-106.192344665527,0.990739405155182,-0.135778307914734,0,"History of WAT247,Find Toppo's Posters,Crash Diagnostics - Mountains,U3 - Crash Side Quest P3,Explore the Alien Seaside Facility","50,watershed;50,energy;49,poster1;49,poster5;49,poster6;46,jasper;40,Find the supplies crate;36,Reach Seaside","U5_Cavern,U5_Cavern_Quests","0.11.235","TaskProgressEvent",50,"energy",1
"3940","5ce6ab2ce4194c2f5ffac7a2",4,"Development","e0e8ba1d-a1a8-492c-a490-549b4a24c221","JG9 UX9",188,"2019-05-23 04:15:48","WindowsPlayer",NA,11,"TaskEvent",0,"0.11.235",-703.005981445312,29.3879737854004,-106.192344665527,0.990739405155182,-0.135778307914734,0,"History of WAT247,Find Toppo's Posters,Crash Diagnostics - Mountains,U3 - Crash Side Quest P3,LargeMart Island,Explore the Alien Seaside Facility","50,watershed;50,energy;49,poster1;49,poster5;49,poster6;46,jasper;40,Find the supplies crate","U5_Cavern,U5_Cavern_Quests","0.11.235","TaskCompleteEvent",50,"energy",NA
"3941","5ce6ab3be4194c2f5ffac7d1",4,"Development","e0e8ba1d-a1a8-492c-a490-549b4a24c221","JG9 UX9",188,"2019-05-23 04:15:54","WindowsPlayer",NA,11,"TaskEvent",0,"0.11.235",-712.853271484375,5.40276622772217,-106.175682067871,0.699618101119995,-0.714517116546631,0,"History of WAT247,Find Toppo's Posters,Crash Diagnostics - Mountains,U3 - Crash Side Quest P3,Explore the Alien Seaside Facility","50,watershed;50,energy;49,poster1;49,poster5;49,poster6;46,jasper;40,Find the supplies crate;36,Reach Seaside","U5_Cavern,U5_Cavern_Quests","0.11.235","TaskCompleteEvent",29,"unlock",NA
"3942","5ce6ab3be4194c2f5ffac7d2",4,"Development","e0e8ba1d-a1a8-492c-a490-549b4a24c221","JG9 UX9",188,"2019-05-23 04:15:54","WindowsPlayer",NA,11,"TaskEvent",0,"0.11.235",-712.853271484375,5.40276622772217,-106.175682067871,0.699618101119995,-0.714517116546631,0,"History of WAT247,Find Toppo's Posters,Crash Diagnostics - Mountains,U3 - Crash Side Quest P3,Explore the Alien Seaside Facility","50,watershed;50,energy;49,poster1;49,poster5;49,poster6;46,jasper;40,Find the supplies crate;36,Reach Seaside","U5_Cavern,U5_Cavern_Quests","0.11.235","TaskActiveEvent",36,"Reach Seaside",NA
"3943","5ce6ab91e4194c2f5ffac903",4,"Development","e0e8ba1d-a1a8-492c-a490-549b4a24c221","JG9 UX9",188,"2019-05-23 04:17:47","WindowsPlayer",NA,11,"TaskEvent",0,"0.11.235",318.998962402344,-8.80575180053711,3.98000001907349,0.997684419155121,0.0680145025253296,0,"History of WAT247,Find Toppo's Posters,Crash Diagnostics - Mountains,U3 - Crash Side Quest P3,Explore the Alien Seaside Facility","50,watershed;49,poster1;49,poster5;49,poster6;46,jasper;40,Find the supplies crate;36,Reach Seaside;36,Condense Humidity","U5_Dungeon","0.11.235","TaskProgressEvent",29,"unlock",1
"3944","5ce6ab91e4194c2f5ffac905",4,"Development","e0e8ba1d-a1a8-492c-a490-549b4a24c221","JG9 UX9",188,"2019-05-23 04:17:47","WindowsPlayer",NA,11,"TaskEvent",0,"0.11.235",318.998962402344,-8.80575180053711,3.98000001907349,0.997684419155121,0.0680145025253296,0,"History of WAT247,Find Toppo's Posters,Crash Diagnostics - Mountains,U3 - Crash Side Quest P3,Explore the Alien Seaside Facility","50,watershed;49,poster1;49,poster5;49,poster6;46,jasper;40,Find the supplies crate;36,Reach Seaside","U5_Dungeon","0.11.235","TaskActiveEvent",36,"Condense Humidity",NA
"3945","5ce6ab91e4194c2f5ffac906",4,"Development","e0e8ba1d-a1a8-492c-a490-549b4a24c221","JG9 UX9",188,"2019-05-23 04:17:47","WindowsPlayer",NA,11,"TaskEvent",0,"0.11.235",318.998962402344,-8.80575180053711,3.98000001907349,0.997684419155121,0.0680145025253296,0,"History of WAT247,Find Toppo's Posters,Crash Diagnostics - Mountains,U3 - Crash Side Quest P3,Explore the Alien Seaside Facility","50,watershed;49,poster1;49,poster5;49,poster6;46,jasper;40,Find the supplies crate;36,Reach Seaside","U5_Dungeon","0.11.235","TaskProgressEvent",36,"Reach Seaside",1
"3946","5ce6aba0e4194c2f5ffac94d",4,"Development","e0e8ba1d-a1a8-492c-a490-549b4a24c221","JG9 UX9",188,"2019-05-23 04:18:00","WindowsPlayer",NA,11,"TaskEvent",0,"0.11.235",332.411376953125,-4.61638784408569,3.98000001907349,-0.960293591022491,0.278991341590881,0,"History of WAT247,Find Toppo's Posters,Crash Diagnostics - Mountains,U3 - Crash Side Quest P3,Explore the Alien Seaside Facility","50,watershed;49,poster1;49,poster5;49,poster6;46,jasper;40,Find the supplies crate;36,Condense Humidity","U5_Dungeon","0.11.235","TaskCompleteEvent",36,"Reach Seaside",NA
"3947","5ce6aba0e4194c2f5ffac94e",4,"Development","e0e8ba1d-a1a8-492c-a490-549b4a24c221","JG9 UX9",188,"2019-05-23 04:18:00","WindowsPlayer",NA,11,"TaskEvent",0,"0.11.235",332.411376953125,-4.61638784408569,3.98000001907349,-0.960293591022491,0.278991341590881,0,"History of WAT247,Find Toppo's Posters,Crash Diagnostics - Mountains,U3 - Crash Side Quest P3,Explore the Alien Seaside Facility","50,watershed;49,poster1;49,poster5;49,poster6;46,jasper;40,Find the supplies crate;36,Condense Humidity","U5_Dungeon","0.11.235","TaskProgressEvent",36,"Condense Humidity",1
"3948","5ce6aba0e4194c2f5ffac94f",4,"Development","e0e8ba1d-a1a8-492c-a490-549b4a24c221","JG9 UX9",188,"2019-05-23 04:18:00","WindowsPlayer",NA,11,"TaskEvent",0,"0.11.235",332.411376953125,-4.61638784408569,3.98000001907349,-0.960293591022491,0.278991341590881,0,"History of WAT247,Find Toppo's Posters,Crash Diagnostics - Mountains,U3 - Crash Side Quest P3,Explore the Alien Seaside Facility","50,watershed;49,poster1;49,poster5;49,poster6;46,jasper;40,Find the supplies crate;36,Condense Humidity;36,Evaporate Water","U5_Dungeon","0.11.235","TaskCompleteEvent",36,"Condense Humidity",NA
"3949","5ce6ac72e4194c2f5ffacbee",4,"Development","e0e8ba1d-a1a8-492c-a490-549b4a24c221","JG9 UX9",188,"2019-05-23 04:21:35","WindowsPlayer",NA,11,"TaskEvent",0,"0.11.235",301.872955322266,25.999361038208,3.98000001907349,0.97476202249527,-0.223246812820435,0,"History of WAT247,Find Toppo's Posters,Crash Diagnostics - Mountains,U3 - Crash Side Quest P3,Explore the Alien Seaside Facility","50,watershed;49,poster1;49,poster5;49,poster6;46,jasper;40,Find the supplies crate;36,Evaporate Water","U5_Dungeon","0.11.235","TaskActiveEvent",36,"Evaporate Water",NA
"3950","5ce6ac72e4194c2f5ffacbef",4,"Development","e0e8ba1d-a1a8-492c-a490-549b4a24c221","JG9 UX9",188,"2019-05-23 04:21:35","WindowsPlayer",NA,11,"TaskEvent",0,"0.11.235",301.872955322266,25.999361038208,3.98000001907349,0.97476202249527,-0.223246812820435,0,"History of WAT247,Find Toppo's Posters,Crash Diagnostics - Mountains,U3 - Crash Side Quest P3,Explore the Alien Seaside Facility","50,watershed;49,poster1;49,poster5;49,poster6;46,jasper;40,Find the supplies crate;36,Evaporate Water","U5_Dungeon","0.11.235","TaskProgressEvent",36,"Evaporate Water",1
"3951","5ce6ac72e4194c2f5ffacbf0",4,"Development","e0e8ba1d-a1a8-492c-a490-549b4a24c221","JG9 UX9",188,"2019-05-23 04:21:35","WindowsPlayer",NA,11,"TaskEvent",0,"0.11.235",301.872955322266,25.999361038208,3.98000001907349,0.97476202249527,-0.223246812820435,0,"History of WAT247,Find Toppo's Posters,Crash Diagnostics - Mountains,U3 - Crash Side Quest P3,Explore the Alien Seaside Facility","50,watershed;49,poster1;49,poster5;49,poster6;46,jasper;40,Find the supplies crate;36,Evaporate Water;36,Transport Water","U5_Dungeon","0.11.235","TaskCompleteEvent",36,"Evaporate Water",NA
"3952","5ce6ae8ce4194c2f5ffad2f3",4,"Development","e0e8ba1d-a1a8-492c-a490-549b4a24c221","JG9 UX9",188,"2019-05-23 04:30:17","WindowsPlayer",NA,11,"TaskEvent",0,"0.11.235",100.217712402344,-24.7861881256104,3.97000002861023,0.1822379976511,-0.983254313468933,0,"History of WAT247,Find Toppo's Posters,Crash Diagnostics - Mountains,U3 - Crash Side Quest P3,Explore the Alien Seaside Facility","50,watershed;49,poster1;49,poster5;49,poster6;46,jasper;40,Find the supplies crate;36,Transport Water;36,Start Fountain","U5_Dungeon","0.11.235","TaskActiveEvent",36,"Transport Water",NA
"3953","5ce6ae8ce4194c2f5ffad2fa",4,"Development","e0e8ba1d-a1a8-492c-a490-549b4a24c221","JG9 UX9",188,"2019-05-23 04:30:17","WindowsPlayer",NA,11,"TaskEvent",0,"0.11.235",100.217712402344,-24.7861881256104,3.97000002861023,0.1822379976511,-0.983254313468933,0,"History of WAT247,Find Toppo's Posters,Crash Diagnostics - Mountains,U3 - Crash Side Quest P3,Explore the Alien Seaside Facility","50,watershed;49,poster1;49,poster5;49,poster6;46,jasper;40,Find the supplies crate;36,Transport Water","U5_Dungeon","0.11.235","TaskProgressEvent",36,"Transport Water",1
"3954","5ce6ae8ce4194c2f5ffad2fb",4,"Development","e0e8ba1d-a1a8-492c-a490-549b4a24c221","JG9 UX9",188,"2019-05-23 04:30:17","WindowsPlayer",NA,11,"TaskEvent",0,"0.11.235",100.217712402344,-24.7861881256104,3.97000002861023,0.1822379976511,-0.983254313468933,0,"History of WAT247,Find Toppo's Posters,Crash Diagnostics - Mountains,U3 - Crash Side Quest P3,Explore the Alien Seaside Facility","50,watershed;49,poster1;49,poster5;49,poster6;46,jasper;40,Find the supplies crate;36,Transport Water","U5_Dungeon","0.11.235","TaskCompleteEvent",36,"Transport Water",NA
"3955","5ce6ae9be4194c2f5ffad327",4,"Development","e0e8ba1d-a1a8-492c-a490-549b4a24c221","JG9 UX9",188,"2019-05-23 04:30:25","WindowsPlayer",NA,11,"TaskEvent",0,"0.11.235",106.405715942383,-34.9402618408203,3.97000002861023,-0.050590343773365,-0.998719692230225,0,"History of WAT247,Find Toppo's Posters,Crash Diagnostics - Mountains,U3 - Crash Side Quest P3,Explore the Alien Seaside Facility","50,watershed;49,poster1;49,poster5;49,poster6;46,jasper;40,Find the supplies crate;36,Start Fountain","U5_Dungeon,U5_Cavern","0.11.235","TaskActiveEvent",36,"Start Fountain",NA
"3956","5ce6ae9be4194c2f5ffad328",4,"Development","e0e8ba1d-a1a8-492c-a490-549b4a24c221","JG9 UX9",188,"2019-05-23 04:30:25","WindowsPlayer",NA,11,"TaskEvent",0,"0.11.235",106.405715942383,-34.9402618408203,3.97000002861023,-0.050590343773365,-0.998719692230225,0,"History of WAT247,Find Toppo's Posters,Crash Diagnostics - Mountains,U3 - Crash Side Quest P3,Explore the Alien Seaside Facility","50,watershed;49,poster1;49,poster5;49,poster6;46,jasper;40,Find the supplies crate;36,Start Fountain","U5_Dungeon,U5_Cavern","0.11.235","TaskProgressEvent",36,"Start Fountain",1
"3957","5ce6ae9be4194c2f5ffad329",4,"Development","e0e8ba1d-a1a8-492c-a490-549b4a24c221","JG9 UX9",188,"2019-05-23 04:30:25","WindowsPlayer",NA,11,"TaskEvent",0,"0.11.235",106.405715942383,-34.9402618408203,3.97000002861023,-0.050590343773365,-0.998719692230225,0,"History of WAT247,Find Toppo's Posters,Crash Diagnostics - Mountains,U3 - Crash Side Quest P3,Explore the Alien Seaside Facility","50,watershed;49,poster1;49,poster5;49,poster6;46,jasper;40,Find the supplies crate;36,Start Fountain;36,Talk Bill","U5_Dungeon,U5_Cavern","0.11.235","TaskActiveEvent",36,"Talk Bill",NA
"3958","5ce6aeb4e4194c2f5ffad395",4,"Development","e0e8ba1d-a1a8-492c-a490-549b4a24c221","JG9 UX9",188,"2019-05-23 04:31:10","WindowsPlayer",NA,11,"TaskEvent",0,"0.11.235",-557.637268066406,-82.9321060180664,-107.269981384277,0.815128087997437,-0.579280853271484,0,"History of WAT247,Find Toppo's Posters,Crash Diagnostics - Mountains,U3 - Crash Side Quest P3,Bill’s Grand Idea","50,watershed;49,poster1;49,poster5;49,poster6;46,jasper;40,Find the supplies crate;37,bill outside cavern","U5_Cavern,U5_Cavern_Quests","0.11.235","TaskCompleteEvent",36,"Start Fountain",NA
"3959","5ce6aeb4e4194c2f5ffad39f",4,"Development","e0e8ba1d-a1a8-492c-a490-549b4a24c221","JG9 UX9",188,"2019-05-23 04:31:10","WindowsPlayer",NA,11,"TaskEvent",0,"0.11.235",-557.637268066406,-82.9321060180664,-107.269981384277,0.815128087997437,-0.579280853271484,0,"History of WAT247,Find Toppo's Posters,Crash Diagnostics - Mountains,U3 - Crash Side Quest P3,Explore the Alien Seaside Facility","50,watershed;49,poster1;49,poster5;49,poster6;46,jasper;40,Find the supplies crate;36,Talk Bill","U5_Cavern,U5_Cavern_Quests","0.11.235","TaskCompleteEvent",36,"Talk Bill",NA
"3960","5ce6aeb4e4194c2f5ffad3a0",4,"Development","e0e8ba1d-a1a8-492c-a490-549b4a24c221","JG9 UX9",188,"2019-05-23 04:31:10","WindowsPlayer",NA,11,"TaskEvent",0,"0.11.235",-557.637268066406,-82.9321060180664,-107.269981384277,0.815128087997437,-0.579280853271484,0,"History of WAT247,Find Toppo's Posters,Crash Diagnostics - Mountains,U3 - Crash Side Quest P3,Explore the Alien Seaside Facility,Bill’s Grand Idea","50,watershed;49,poster1;49,poster5;49,poster6;46,jasper;40,Find the supplies crate","U5_Cavern,U5_Cavern_Quests","0.11.235","TaskActiveEvent",37,"bill outside cavern",NA
"3961","5ce6aecae4194c2f5ffad3d0",4,"Development","e0e8ba1d-a1a8-492c-a490-549b4a24c221","JG9 UX9",188,"2019-05-23 04:31:30","WindowsPlayer",NA,11,"TaskEvent",0,"0.11.235",-114.364013671875,-118.452377319336,54.7517967224121,0.411514431238174,0.911403238773346,0,"History of WAT247,Find Toppo's Posters,Crash Diagnostics - Mountains,U3 - Crash Side Quest P3,Bill’s Grand Idea","50,watershed;49,poster1;49,poster5;49,poster6;46,jasper;40,Find the supplies crate;37,bill outside cavern;37,meet Bill","U5,U5_Quests","0.11.235","TaskProgressEvent",36,"Talk Bill",1
"3962","5ce6aecae4194c2f5ffad3d5",4,"Development","e0e8ba1d-a1a8-492c-a490-549b4a24c221","JG9 UX9",188,"2019-05-23 04:31:30","WindowsPlayer",NA,11,"TaskEvent",0,"0.11.235",-114.364013671875,-118.452377319336,54.7517967224121,0.411514431238174,0.911403238773346,0,"History of WAT247,Find Toppo's Posters,Crash Diagnostics - Mountains,U3 - Crash Side Quest P3,Bill’s Grand Idea","50,watershed;49,poster1;49,poster5;49,poster6;46,jasper;40,Find the supplies crate;37,bill outside cavern","U5,U5_Quests","0.11.235","TaskProgressEvent",37,"bill outside cavern",1
"3963","5ce6aecae4194c2f5ffad3d6",4,"Development","e0e8ba1d-a1a8-492c-a490-549b4a24c221","JG9 UX9",188,"2019-05-23 04:31:30","WindowsPlayer",NA,11,"TaskEvent",0,"0.11.235",-114.364013671875,-118.452377319336,54.7517967224121,0.411514431238174,0.911403238773346,0,"History of WAT247,Find Toppo's Posters,Crash Diagnostics - Mountains,U3 - Crash Side Quest P3,Bill’s Grand Idea","50,watershed;49,poster1;49,poster5;49,poster6;46,jasper;40,Find the supplies crate;37,bill outside cavern","U5,U5_Quests","0.11.235","TaskActiveEvent",37,"meet Bill",NA
"3964","5ce6af56e4194c2f5ffad499",4,"Development","e0e8ba1d-a1a8-492c-a490-549b4a24c221","JG9 UX9",188,"2019-05-23 04:33:46","WindowsPlayer",NA,11,"TaskEvent",0,"0.11.235",0.309741526842117,8.45609474182129,1.67763733863831,-0.0627069473266602,-0.998032093048096,0,"History of WAT247,Find Toppo's Posters,Crash Diagnostics - Mountains,U3 - Crash Side Quest P3,Bill’s Grand Idea","50,watershed;49,poster1;49,poster5;49,poster6;46,jasper;40,Find the supplies crate;37,meet Bill","U5_Cave,U5_Cave_Quests,U5_Cave_Collectibles","0.11.235","TaskCompleteEvent",37,"bill outside cavern",NA
"3965","5ce6af56e4194c2f5ffad49a",4,"Development","e0e8ba1d-a1a8-492c-a490-549b4a24c221","JG9 UX9",188,"2019-05-23 04:33:46","WindowsPlayer",NA,11,"TaskEvent",0,"0.11.235",0.309741526842117,8.45609474182129,1.67763733863831,-0.0627069473266602,-0.998032093048096,0,"History of WAT247,Find Toppo's Posters,Crash Diagnostics - Mountains,U3 - Crash Side Quest P3,Bill’s Grand Idea","50,watershed;49,poster1;49,poster5;49,poster6;46,jasper;40,Find the supplies crate;37,meet Bill;37,Try Escape","U5_Cave,U5_Cave_Quests,U5_Cave_Collectibles","0.11.235","TaskCompleteEvent",37,"meet Bill",NA
"3966","5ce6af56e4194c2f5ffad4a2",4,"Development","e0e8ba1d-a1a8-492c-a490-549b4a24c221","JG9 UX9",188,"2019-05-23 04:33:46","WindowsPlayer",NA,11,"TaskEvent",0,"0.11.235",0.309741526842117,8.45609474182129,1.67763733863831,-0.0627069473266602,-0.998032093048096,0,"History of WAT247,Find Toppo's Posters,Crash Diagnostics - Mountains,U3 - Crash Side Quest P3,Bill’s Grand Idea","50,watershed;49,poster1;49,poster5;49,poster6;46,jasper;40,Find the supplies crate;37,meet Bill","U5_Cave,U5_Cave_Quests,U5_Cave_Collectibles","0.11.235","TaskActiveEvent",37,"Try Escape",NA
"3967","5ce6af79e4194c2f5ffad4d1",4,"Development","e0e8ba1d-a1a8-492c-a490-549b4a24c221","JG9 UX9",188,"2019-05-23 04:34:21","WindowsPlayer",NA,11,"TaskEvent",0,"0.11.235",0.309741526842117,8.45609474182129,1.67763733863831,-0.0627069473266602,-0.998032093048096,0,"History of WAT247,Find Toppo's Posters,Crash Diagnostics - Mountains,U3 - Crash Side Quest P3,Bill’s Grand Idea,Water Crisis!","50,watershed;49,poster1;49,poster5;49,poster6;46,jasper;40,Find the supplies crate","U5_Cave,U5_Cave_Quests,U5_Cave_Collectibles","0.11.235","TaskProgressEvent",37,"meet Bill",1
"3968","5ce6af79e4194c2f5ffad4d3",4,"Development","e0e8ba1d-a1a8-492c-a490-549b4a24c221","JG9 UX9",188,"2019-05-23 04:34:21","WindowsPlayer",NA,11,"TaskEvent",0,"0.11.235",0.309741526842117,8.45609474182129,1.67763733863831,-0.0627069473266602,-0.998032093048096,0,"History of WAT247,Find Toppo's Posters,Crash Diagnostics - Mountains,U3 - Crash Side Quest P3,Water Crisis!","50,watershed;49,poster1;49,poster5;49,poster6;46,jasper;40,Find the supplies crate;32,humidity meter","U5_Cave,U5_Cave_Quests,U5_Cave_Collectibles","0.11.235","TaskActiveEvent",32,"humidity meter",NA
"3969","5ce6af79e4194c2f5ffad4df",4,"Development","e0e8ba1d-a1a8-492c-a490-549b4a24c221","JG9 UX9",188,"2019-05-23 04:34:21","WindowsPlayer",NA,11,"TaskEvent",0,"0.11.235",0.309741526842117,8.45609474182129,1.67763733863831,-0.0627069473266602,-0.998032093048096,0,"History of WAT247,Find Toppo's Posters,Crash Diagnostics - Mountains,U3 - Crash Side Quest P3,Bill’s Grand Idea","50,watershed;49,poster1;49,poster5;49,poster6;46,jasper;40,Find the supplies crate;37,Try Escape","U5_Cave,U5_Cave_Quests,U5_Cave_Collectibles","0.11.235","TaskCompleteEvent",37,"Try Escape",NA
"3970","5ce6b023e4194c2f5ffad5ff",4,"Development","e0e8ba1d-a1a8-492c-a490-549b4a24c221","JG9 UX9",188,"2019-05-23 04:37:13","WindowsPlayer",NA,11,"TaskEvent",0,"0.11.235",7.62144088745117,10.1304054260254,1.57492864131927,0.944348990917206,0.328945279121399,0,"History of WAT247,Find Toppo's Posters,Crash Diagnostics - Mountains,U3 - Crash Side Quest P3,Water Crisis!","50,watershed;49,poster1;49,poster5;49,poster6;46,jasper;40,Find the supplies crate;32,humidity meter;32,pan","U5_Cave,U5_Cave_Quests,U5_Cave_Collectibles","0.11.235","TaskProgressEvent",37,"Try Escape",1
"3971","5ce6b023e4194c2f5ffad602",4,"Development","e0e8ba1d-a1a8-492c-a490-549b4a24c221","JG9 UX9",188,"2019-05-23 04:37:13","WindowsPlayer",NA,11,"TaskEvent",0,"0.11.235",7.62144088745117,10.1304054260254,1.57492864131927,0.944348990917206,0.328945279121399,0,"History of WAT247,Find Toppo's Posters,Crash Diagnostics - Mountains,U3 - Crash Side Quest P3,Water Crisis!","50,watershed;49,poster1;49,poster5;49,poster6;46,jasper;40,Find the supplies crate;32,humidity meter","U5_Cave,U5_Cave_Quests,U5_Cave_Collectibles","0.11.235","TaskActiveEvent",32,"pan",NA
"3972","5ce6b023e4194c2f5ffad603",4,"Development","e0e8ba1d-a1a8-492c-a490-549b4a24c221","JG9 UX9",188,"2019-05-23 04:37:13","WindowsPlayer",NA,11,"TaskEvent",0,"0.11.235",7.62144088745117,10.1304054260254,1.57492864131927,0.944348990917206,0.328945279121399,0,"History of WAT247,Find Toppo's Posters,Crash Diagnostics - Mountains,U3 - Crash Side Quest P3,Water Crisis!","50,watershed;49,poster1;49,poster5;49,poster6;46,jasper;40,Find the supplies crate;32,humidity meter","U5_Cave,U5_Cave_Quests,U5_Cave_Collectibles","0.11.235","TaskCompleteEvent",32,"humidity meter",NA
"3973","5ce6b032e4194c2f5ffad63d",4,"Development","e0e8ba1d-a1a8-492c-a490-549b4a24c221","JG9 UX9",188,"2019-05-23 04:37:34","WindowsPlayer",NA,11,"TaskEvent",0,"0.11.235",8.91602897644043,-7.24846458435059,2.43347263336182,0.997046411037445,0.0768023729324341,0,"History of WAT247,Find Toppo's Posters,Crash Diagnostics - Mountains,U3 - Crash Side Quest P3,Water Crisis!","50,watershed;49,poster1;49,poster5;49,poster6;46,jasper;40,Find the supplies crate;32,pan","U5_Cave,U5_Cave_Quests,U5_Cave_Collectibles","0.11.235","TaskProgressEvent",32,"humidity meter",1
"3974","5ce6b032e4194c2f5ffad640",4,"Development","e0e8ba1d-a1a8-492c-a490-549b4a24c221","JG9 UX9",188,"2019-05-23 04:37:34","WindowsPlayer",NA,11,"TaskEvent",0,"0.11.235",8.91602897644043,-7.24846458435059,2.43347263336182,0.997046411037445,0.0768023729324341,0,"History of WAT247,Find Toppo's Posters,Crash Diagnostics - Mountains,U3 - Crash Side Quest P3,Water Crisis!","50,watershed;49,poster1;49,poster5;49,poster6;46,jasper;40,Find the supplies crate;32,pan;32,fill pan","U5_Cave,U5_Cave_Quests,U5_Cave_Collectibles","0.11.235","TaskCompleteEvent",32,"pan",NA
"3975","5ce6b032e4194c2f5ffad645",4,"Development","e0e8ba1d-a1a8-492c-a490-549b4a24c221","JG9 UX9",188,"2019-05-23 04:37:34","WindowsPlayer",NA,11,"TaskEvent",0,"0.11.235",8.91602897644043,-7.24846458435059,2.43347263336182,0.997046411037445,0.0768023729324341,0,"History of WAT247,Find Toppo's Posters,Crash Diagnostics - Mountains,U3 - Crash Side Quest P3,Water Crisis!","50,watershed;49,poster1;49,poster5;49,poster6;46,jasper;40,Find the supplies crate;32,pan","U5_Cave,U5_Cave_Quests,U5_Cave_Collectibles","0.11.235","TaskActiveEvent",32,"fill pan",NA
"3976","5ce6b03ce4194c2f5ffad663",4,"Development","e0e8ba1d-a1a8-492c-a490-549b4a24c221","JG9 UX9",188,"2019-05-23 04:37:41","WindowsPlayer",NA,11,"TaskEvent",0,"0.11.235",10.8548440933228,-5.77755355834961,1.97594702243805,-0.333728671073914,-0.942669272422791,0,"History of WAT247,Find Toppo's Posters,Crash Diagnostics - Mountains,U3 - Crash Side Quest P3,Water Crisis!","50,watershed;49,poster1;49,poster5;49,poster6;46,jasper;40,Find the supplies crate;32,fill pan","U5_Cave,U5_Cave_Quests,U5_Cave_Collectibles","0.11.235","TaskProgressEvent",32,"pan",1
"3977","5ce6b03ce4194c2f5ffad664",4,"Development","e0e8ba1d-a1a8-492c-a490-549b4a24c221","JG9 UX9",188,"2019-05-23 04:37:41","WindowsPlayer",NA,11,"TaskEvent",0,"0.11.235",10.8548440933228,-5.77755355834961,1.97594702243805,-0.333728671073914,-0.942669272422791,0,"History of WAT247,Find Toppo's Posters,Crash Diagnostics - Mountains,U3 - Crash Side Quest P3,Water Crisis!","50,watershed;49,poster1;49,poster5;49,poster6;46,jasper;40,Find the supplies crate;32,fill pan;32,Find Rock","U5_Cave,U5_Cave_Quests,U5_Cave_Collectibles","0.11.235","TaskActiveEvent",32,"Find Rock",NA
"3978","5ce6b03ce4194c2f5ffad66e",4,"Development","e0e8ba1d-a1a8-492c-a490-549b4a24c221","JG9 UX9",188,"2019-05-23 04:37:41","WindowsPlayer",NA,11,"TaskEvent",0,"0.11.235",10.8548440933228,-5.77755355834961,1.97594702243805,-0.333728671073914,-0.942669272422791,0,"History of WAT247,Find Toppo's Posters,Crash Diagnostics - Mountains,U3 - Crash Side Quest P3,Water Crisis!","50,watershed;49,poster1;49,poster5;49,poster6;46,jasper;40,Find the supplies crate;32,fill pan","U5_Cave,U5_Cave_Quests,U5_Cave_Collectibles","0.11.235","TaskCompleteEvent",32,"fill pan",NA
"3979","5ce6b046e4194c2f5ffad697",4,"Development","e0e8ba1d-a1a8-492c-a490-549b4a24c221","JG9 UX9",188,"2019-05-23 04:37:55","WindowsPlayer",NA,11,"TaskEvent",0,"0.11.235",6.30853080749512,0.91236275434494,2.03980541229248,-0.589263558387756,0.807940900325775,0,"History of WAT247,Find Toppo's Posters,Crash Diagnostics - Mountains,U3 - Crash Side Quest P3,Water Crisis!","50,watershed;49,poster1;49,poster5;49,poster6;46,jasper;40,Find the supplies crate;32,Find Rock","U5_Cave,U5_Cave_Quests,U5_Cave_Collectibles","0.11.235","TaskProgressEvent",32,"fill pan",1
"3980","5ce6b047e4194c2f5ffad69a",4,"Development","e0e8ba1d-a1a8-492c-a490-549b4a24c221","JG9 UX9",188,"2019-05-23 04:37:55","WindowsPlayer",NA,11,"TaskEvent",0,"0.11.235",6.30853080749512,0.91236275434494,2.03980541229248,-0.589263558387756,0.807940900325775,0,"History of WAT247,Find Toppo's Posters,Crash Diagnostics - Mountains,U3 - Crash Side Quest P3,Water Crisis!","50,watershed;49,poster1;49,poster5;49,poster6;46,jasper;40,Find the supplies crate;32,Find Rock","U5_Cave,U5_Cave_Quests,U5_Cave_Collectibles","0.11.235","TaskProgressEvent",32,"Find Rock",1
"3981","5ce6b047e4194c2f5ffad69b",4,"Development","e0e8ba1d-a1a8-492c-a490-549b4a24c221","JG9 UX9",188,"2019-05-23 04:37:55","WindowsPlayer",NA,11,"TaskEvent",0,"0.11.235",6.30853080749512,0.91236275434494,2.03980541229248,-0.589263558387756,0.807940900325775,0,"History of WAT247,Find Toppo's Posters,Crash Diagnostics - Mountains,U3 - Crash Side Quest P3,Water Crisis!","50,watershed;49,poster1;49,poster5;49,poster6;46,jasper;40,Find the supplies crate;32,Find Rock;32,Drill hole","U5_Cave,U5_Cave_Quests,U5_Cave_Collectibles","0.11.235","TaskActiveEvent",32,"Drill hole",NA
"3982","5ce6b06ee4194c2f5ffad6f3",4,"Development","e0e8ba1d-a1a8-492c-a490-549b4a24c221","JG9 UX9",188,"2019-05-23 04:38:26","WindowsPlayer",NA,11,"TaskEvent",0,"0.11.235",9.12154388427734,-6.19471025466919,1.97331631183624,0.839665055274963,-0.543104767799377,0,"History of WAT247,Find Toppo's Posters,Crash Diagnostics - Mountains,U3 - Crash Side Quest P3,Water Crisis!","50,watershed;49,poster1;49,poster5;49,poster6;46,jasper;40,Find the supplies crate;32,Drill hole","U5_Cave,U5_Cave_Quests,U5_Cave_Collectibles","0.11.235","TaskCompleteEvent",32,"Find Rock",NA
"3983","5ce6b06ee4194c2f5ffad6f9",4,"Development","e0e8ba1d-a1a8-492c-a490-549b4a24c221","JG9 UX9",188,"2019-05-23 04:38:26","WindowsPlayer",NA,11,"TaskEvent",0,"0.11.235",9.12154388427734,-6.19471025466919,1.97331631183624,0.839665055274963,-0.543104767799377,0,"History of WAT247,Find Toppo's Posters,Crash Diagnostics - Mountains,U3 - Crash Side Quest P3,Water Crisis!","50,watershed;49,poster1;49,poster5;49,poster6;46,jasper;40,Find the supplies crate;32,Drill hole","U5_Cave,U5_Cave_Quests,U5_Cave_Collectibles","0.11.235","TaskActiveEvent",32,"check humidity again",NA
"3984","5ce6b06ee4194c2f5ffad6fa",4,"Development","e0e8ba1d-a1a8-492c-a490-549b4a24c221","JG9 UX9",188,"2019-05-23 04:38:26","WindowsPlayer",NA,11,"TaskEvent",0,"0.11.235",9.12154388427734,-6.19471025466919,1.97331631183624,0.839665055274963,-0.543104767799377,0,"History of WAT247,Find Toppo's Posters,Crash Diagnostics - Mountains,U3 - Crash Side Quest P3,Water Crisis!","50,watershed;49,poster1;49,poster5;49,poster6;46,jasper;40,Find the supplies crate;32,Drill hole;32,check humidity again","U5_Cave,U5_Cave_Quests,U5_Cave_Collectibles","0.11.235","TaskCompleteEvent",32,"Drill hole",NA
"3985","5ce6b07de4194c2f5ffad717",4,"Development","e0e8ba1d-a1a8-492c-a490-549b4a24c221","JG9 UX9",188,"2019-05-23 04:38:42","WindowsPlayer",NA,11,"TaskEvent",0,"0.11.235",7.80307340621948,9.83723926544189,1.57492852210999,0.315570205450058,0.948902249336243,0,"History of WAT247,Find Toppo's Posters,Crash Diagnostics - Mountains,U3 - Crash Side Quest P3,Water Crisis!","50,watershed;49,poster1;49,poster5;49,poster6;46,jasper;40,Find the supplies crate;32,check humidity again","U5_Cave,U5_Cave_Quests,U5_Cave_Collectibles","0.11.235","TaskProgressEvent",32,"Drill hole",1
"3986","5ce6b07de4194c2f5ffad719",4,"Development","e0e8ba1d-a1a8-492c-a490-549b4a24c221","JG9 UX9",188,"2019-05-23 04:38:42","WindowsPlayer",NA,11,"TaskEvent",0,"0.11.235",7.80307340621948,9.83723926544189,1.57492852210999,0.315570205450058,0.948902249336243,0,"History of WAT247,Find Toppo's Posters,Crash Diagnostics - Mountains,U3 - Crash Side Quest P3,Water Crisis!,Convince Bill the Distillery will work","50,watershed;49,poster1;49,poster5;49,poster6;46,jasper;40,Find the supplies crate","U5_Cave,U5_Cave_Quests,U5_Cave_Collectibles","0.11.235","TaskCompleteEvent",32,"check humidity again",NA
"3987","5ce6b07de4194c2f5ffad725",4,"Development","e0e8ba1d-a1a8-492c-a490-549b4a24c221","JG9 UX9",188,"2019-05-23 04:38:42","WindowsPlayer",NA,11,"TaskEvent",0,"0.11.235",7.80307340621948,9.83723926544189,1.57492852210999,0.315570205450058,0.948902249336243,0,"History of WAT247,Find Toppo's Posters,Crash Diagnostics - Mountains,U3 - Crash Side Quest P3,Convince Bill the Distillery will work","50,watershed;49,poster1;49,poster5;49,poster6;46,jasper;40,Find the supplies crate;33,convince bill","U5_Cave,U5_Cave_Quests,U5_Cave_Collectibles","0.11.235","TaskActiveEvent",33,"convince bill",NA
"3988","5ce6b0c9e4194c2f5ffad7ae",4,"Development","e0e8ba1d-a1a8-492c-a490-549b4a24c221","JG9 UX9",188,"2019-05-23 04:40:05","WindowsPlayer",NA,11,"TaskEvent",0,"0.11.235",7.80307340621948,9.83723926544189,1.57492852210999,0.0437023751437664,-0.99904453754425,0,"History of WAT247,Find Toppo's Posters,Crash Diagnostics - Mountains,U3 - Crash Side Quest P3,Convince Bill the Distillery will work","50,watershed;49,poster1;49,poster5;49,poster6;46,jasper;40,Find the supplies crate;33,convince bill","U5_Cave,U5_Cave_Quests,U5_Cave_Collectibles","0.11.235","TaskProgressEvent",32,"check humidity again",1
"3989","5ce6b0c9e4194c2f5ffad7af",4,"Development","e0e8ba1d-a1a8-492c-a490-549b4a24c221","JG9 UX9",188,"2019-05-23 04:40:05","WindowsPlayer",NA,11,"TaskEvent",0,"0.11.235",7.80307340621948,9.83723926544189,1.57492852210999,0.0437023751437664,-0.99904453754425,0,"History of WAT247,Find Toppo's Posters,Crash Diagnostics - Mountains,U3 - Crash Side Quest P3,Convince Bill the Distillery will work","50,watershed;49,poster1;49,poster5;49,poster6;46,jasper;40,Find the supplies crate;33,convince bill","U5_Cave,U5_Cave_Quests,U5_Cave_Collectibles","0.11.235","TaskActiveEvent",33,"Make a hole in the pan",NA
"3990","5ce6b0c9e4194c2f5ffad7b0",4,"Development","e0e8ba1d-a1a8-492c-a490-549b4a24c221","JG9 UX9",188,"2019-05-23 04:40:05","WindowsPlayer",NA,11,"TaskEvent",0,"0.11.235",7.80307340621948,9.83723926544189,1.57492852210999,0.0437023751437664,-0.99904453754425,0,"History of WAT247,Find Toppo's Posters,Crash Diagnostics - Mountains,U3 - Crash Side Quest P3,Convince Bill the Distillery will work","50,watershed;49,poster1;49,poster5;49,poster6;46,jasper;40,Find the supplies crate;33,convince bill;33,Make a hole in the pan","U5_Cave,U5_Cave_Quests,U5_Cave_Collectibles","0.11.235","TaskProgressEvent",33,"convince bill",1
"3991","5ce6b0f5e4194c2f5ffad7df",4,"Development","e0e8ba1d-a1a8-492c-a490-549b4a24c221","JG9 UX9",188,"2019-05-23 04:40:42","WindowsPlayer",NA,11,"TaskEvent",0,"0.11.235",7.63032627105713,-4.96964359283447,1.62604761123657,0.759325385093689,-0.650711178779602,0,"History of WAT247,Find Toppo's Posters,Crash Diagnostics - Mountains,U3 - Crash Side Quest P3,Convince Bill the Distillery will work","50,watershed;49,poster1;49,poster5;49,poster6;46,jasper;40,Find the supplies crate;33,Make a hole in the pan","U5_Cave,U5_Cave_Quests,U5_Cave_Collectibles","0.11.235","TaskCompleteEvent",33,"convince bill",NA
"3992","5ce6b0f5e4194c2f5ffad7e8",4,"Development","e0e8ba1d-a1a8-492c-a490-549b4a24c221","JG9 UX9",188,"2019-05-23 04:40:42","WindowsPlayer",NA,11,"TaskEvent",0,"0.11.235",7.63032627105713,-4.96964359283447,1.62604761123657,0.759325385093689,-0.650711178779602,0,"History of WAT247,Find Toppo's Posters,Crash Diagnostics - Mountains,U3 - Crash Side Quest P3,Convince Bill the Distillery will work","50,watershed;49,poster1;49,poster5;49,poster6;46,jasper;40,Find the supplies crate;33,Make a hole in the pan","U5_Cave,U5_Cave_Quests,U5_Cave_Collectibles","0.11.235","TaskCompleteEvent",33,"Make a hole in the pan",NA
"3993","5ce6b0f6e4194c2f5ffad7e9",4,"Development","e0e8ba1d-a1a8-492c-a490-549b4a24c221","JG9 UX9",188,"2019-05-23 04:40:42","WindowsPlayer",NA,11,"TaskEvent",0,"0.11.235",7.63032627105713,-4.96964359283447,1.62604761123657,0.759325385093689,-0.650711178779602,0,"History of WAT247,Find Toppo's Posters,Crash Diagnostics - Mountains,U3 - Crash Side Quest P3,Convince Bill the Distillery will work","50,watershed;49,poster1;49,poster5;49,poster6;46,jasper;40,Find the supplies crate;33,Make a hole in the pan;33,attach hose","U5_Cave,U5_Cave_Quests,U5_Cave_Collectibles","0.11.235","TaskProgressEvent",33,"Make a hole in the pan",1
"3994","5ce6b104e4194c2f5ffad7f3",4,"Development","e0e8ba1d-a1a8-492c-a490-549b4a24c221","JG9 UX9",188,"2019-05-23 04:41:00","WindowsPlayer",NA,11,"TaskEvent",0,"0.11.235",7.4850606918335,-6.60302543640137,1.95541715621948,0.978884279727936,-0.204414963722229,0,"History of WAT247,Find Toppo's Posters,Crash Diagnostics - Mountains,U3 - Crash Side Quest P3,Convince Bill the Distillery will work","50,watershed;49,poster1;49,poster5;49,poster6;46,jasper;40,Find the supplies crate;33,attach hose;33,Grab Canteen","U5_Cave,U5_Cave_Quests,U5_Cave_Collectibles","0.11.235","TaskActiveEvent",33,"attach hose",NA
"3995","5ce6b104e4194c2f5ffad7fd",4,"Development","e0e8ba1d-a1a8-492c-a490-549b4a24c221","JG9 UX9",188,"2019-05-23 04:41:00","WindowsPlayer",NA,11,"TaskEvent",0,"0.11.235",7.4850606918335,-6.60302543640137,1.95541715621948,0.978884279727936,-0.204414963722229,0,"History of WAT247,Find Toppo's Posters,Crash Diagnostics - Mountains,U3 - Crash Side Quest P3,Convince Bill the Distillery will work","50,watershed;49,poster1;49,poster5;49,poster6;46,jasper;40,Find the supplies crate;33,attach hose","U5_Cave,U5_Cave_Quests,U5_Cave_Collectibles","0.11.235","TaskProgressEvent",33,"Grab Canteen",1
"3996","5ce6b105e4194c2f5ffad801",4,"Development","e0e8ba1d-a1a8-492c-a490-549b4a24c221","JG9 UX9",188,"2019-05-23 04:41:00","WindowsPlayer",NA,11,"TaskEvent",0,"0.11.235",7.4850606918335,-6.60302543640137,1.95541715621948,0.978884279727936,-0.204414963722229,0,"History of WAT247,Find Toppo's Posters,Crash Diagnostics - Mountains,U3 - Crash Side Quest P3,Convince Bill the Distillery will work","50,watershed;49,poster1;49,poster5;49,poster6;46,jasper;40,Find the supplies crate;33,attach hose","U5_Cave,U5_Cave_Quests,U5_Cave_Collectibles","0.11.235","TaskActiveEvent",33,"Condense Atmospheric Water",NA
"3997","5ce6b109e4194c2f5ffad806",4,"Development","e0e8ba1d-a1a8-492c-a490-549b4a24c221","JG9 UX9",188,"2019-05-23 04:41:07","WindowsPlayer",NA,11,"TaskEvent",0,"0.11.235",-1.85883235931396,6.20930099487305,1.68397879600525,-0.541777670383453,0.840521812438965,0,"History of WAT247,Find Toppo's Posters,Crash Diagnostics - Mountains,U3 - Crash Side Quest P3,Convince Bill the Distillery will work","50,watershed;49,poster1;49,poster5;49,poster6;46,jasper;40,Find the supplies crate;33,Grab Canteen;33,Condense Atmospheric Water","U5_Cave,U5_Cave_Quests,U5_Cave_Collectibles","0.11.235","TaskActiveEvent",33,"Grab Canteen",NA
"3998","5ce6b109e4194c2f5ffad80e",4,"Development","e0e8ba1d-a1a8-492c-a490-549b4a24c221","JG9 UX9",188,"2019-05-23 04:41:07","WindowsPlayer",NA,11,"TaskEvent",0,"0.11.235",-1.85883235931396,6.20930099487305,1.68397879600525,-0.541777670383453,0.840521812438965,0,"History of WAT247,Find Toppo's Posters,Crash Diagnostics - Mountains,U3 - Crash Side Quest P3,Convince Bill the Distillery will work","50,watershed;49,poster1;49,poster5;49,poster6;46,jasper;40,Find the supplies crate;33,Grab Canteen","U5_Cave,U5_Cave_Quests,U5_Cave_Collectibles","0.11.235","TaskCompleteEvent",33,"attach hose",NA
"3999","5ce6b10ae4194c2f5ffad812",4,"Development","e0e8ba1d-a1a8-492c-a490-549b4a24c221","JG9 UX9",188,"2019-05-23 04:41:07","WindowsPlayer",NA,11,"TaskEvent",0,"0.11.235",-1.85883235931396,6.20930099487305,1.68397879600525,-0.541777670383453,0.840521812438965,0,"History of WAT247,Find Toppo's Posters,Crash Diagnostics - Mountains,U3 - Crash Side Quest P3,Convince Bill the Distillery will work","50,watershed;49,poster1;49,poster5;49,poster6;46,jasper;40,Find the supplies crate;33,Grab Canteen","U5_Cave,U5_Cave_Quests,U5_Cave_Collectibles","0.11.235","TaskProgressEvent",33,"attach hose",1
"4000","5ce6b118e4194c2f5ffad81e",4,"Development","e0e8ba1d-a1a8-492c-a490-549b4a24c221","JG9 UX9",188,"2019-05-23 04:41:17","WindowsPlayer",NA,11,"TaskEvent",0,"0.11.235",9.9030818939209,-5.87379503250122,1.973961353302,0.243695691227913,-0.969851732254028,0,"History of WAT247,Find Toppo's Posters,Crash Diagnostics - Mountains,U3 - Crash Side Quest P3,Convince Bill the Distillery will work","50,watershed;49,poster1;49,poster5;49,poster6;46,jasper;40,Find the supplies crate;33,Condense Atmospheric Water","U5_Cave,U5_Cave_Quests,U5_Cave_Collectibles","0.11.235","TaskCompleteEvent",33,"Grab Canteen",NA
"4001","5ce6b118e4194c2f5ffad81f",4,"Development","e0e8ba1d-a1a8-492c-a490-549b4a24c221","JG9 UX9",188,"2019-05-23 04:41:17","WindowsPlayer",NA,11,"TaskEvent",0,"0.11.235",9.9030818939209,-5.87379503250122,1.973961353302,0.243695691227913,-0.969851732254028,0,"History of WAT247,Find Toppo's Posters,Crash Diagnostics - Mountains,U3 - Crash Side Quest P3,Head Back to Large Mart","50,watershed;49,poster1;49,poster5;49,poster6;46,jasper;40,Find the supplies crate;34,return to large mart","U5_Cave,U5_Cave_Quests,U5_Cave_Collectibles","0.11.235","TaskCompleteEvent",33,"Condense Atmospheric Water",NA
"4002","5ce6b118e4194c2f5ffad824",4,"Development","e0e8ba1d-a1a8-492c-a490-549b4a24c221","JG9 UX9",188,"2019-05-23 04:41:17","WindowsPlayer",NA,11,"TaskEvent",0,"0.11.235",9.9030818939209,-5.87379503250122,1.973961353302,0.243695691227913,-0.969851732254028,0,"History of WAT247,Find Toppo's Posters,Crash Diagnostics - Mountains,U3 - Crash Side Quest P3,Convince Bill the Distillery will work,Head Back to Large Mart","50,watershed;49,poster1;49,poster5;49,poster6;46,jasper;40,Find the supplies crate","U5_Cave,U5_Cave_Quests,U5_Cave_Collectibles","0.11.235","TaskProgressEvent",33,"Condense Atmospheric Water",1
"4003","5ce6b136e4194c2f5ffad847",4,"Development","e0e8ba1d-a1a8-492c-a490-549b4a24c221","JG9 UX9",188,"2019-05-23 04:41:50","WindowsPlayer",NA,11,"TaskEvent",0,"0.11.235",-211.661087036133,169.029891967773,54.569164276123,-0.78260749578476,0.622515499591827,0,"History of WAT247,Find Toppo's Posters,Crash Diagnostics - Mountains,U3 - Crash Side Quest P3,Head Back to Large Mart","50,watershed;49,poster1;49,poster5;49,poster6;46,jasper;40,Find the supplies crate;34,return to large mart","U5,U5_Quests","0.11.235","TaskActiveEvent",34,"return to large mart",NA
"4004","5ce6b136e4194c2f5ffad850",4,"Development","e0e8ba1d-a1a8-492c-a490-549b4a24c221","JG9 UX9",188,"2019-05-23 04:41:50","WindowsPlayer",NA,11,"TaskEvent",0,"0.11.235",-211.661087036133,169.029891967773,54.569164276123,-0.78260749578476,0.622515499591827,0,"History of WAT247,Find Toppo's Posters,Crash Diagnostics - Mountains,U3 - Crash Side Quest P3,Head Back to Large Mart","50,watershed;49,poster1;49,poster5;49,poster6;46,jasper;40,Find the supplies crate;34,return to large mart","U5,U5_Quests","0.11.235","TaskProgressEvent",34,"return to large mart",1
"4005","5ce6b159e4194c2f5ffad898",4,"Development","e0e8ba1d-a1a8-492c-a490-549b4a24c221","JG9 UX9",188,"2019-05-23 04:42:27","WindowsPlayer",NA,11,"TaskEvent",0,"0.11.235",82.6789627075195,56.284236907959,108.066467285156,0.959805190563202,-0.280667901039124,0,"History of WAT247,Find Toppo's Posters,Crash Diagnostics - Mountains,U3 - Crash Side Quest P3,Head Back to Large Mart","50,watershed;49,poster1;49,poster6;46,jasper;40,Find the supplies crate;34,return to large mart","U5,U5_Quests","0.11.235","TaskCompleteEvent",34,"return to large mart",NA
"4006","5ce6b159e4194c2f5ffad89d",4,"Development","e0e8ba1d-a1a8-492c-a490-549b4a24c221","JG9 UX9",188,"2019-05-23 04:42:27","WindowsPlayer",NA,11,"TaskEvent",0,"0.11.235",82.6789627075195,56.284236907959,108.066467285156,0.959805190563202,-0.280667901039124,0,"History of WAT247,Find Toppo's Posters,Crash Diagnostics - Mountains,U3 - Crash Side Quest P3,Head Back to Large Mart","50,watershed;49,poster1;49,poster6;46,jasper;40,Find the supplies crate;34,return to large mart","U5,U5_Quests","0.11.235","TaskActiveEvent",34,"talk to Bill",NA
"4007","5ce6b159e4194c2f5ffad89e",4,"Development","e0e8ba1d-a1a8-492c-a490-549b4a24c221","JG9 UX9",188,"2019-05-23 04:42:27","WindowsPlayer",NA,11,"TaskEvent",0,"0.11.235",82.6789627075195,56.284236907959,108.066467285156,0.959805190563202,-0.280667901039124,0,"History of WAT247,Find Toppo's Posters,Crash Diagnostics - Mountains,U3 - Crash Side Quest P3,Head Back to Large Mart","50,watershed;49,poster1;49,poster6;46,jasper;40,Find the supplies crate;34,return to large mart;34,talk to Bill","U5,U5_Quests","0.11.235","TaskProgressEvent",34,"talk to Bill",1
"4008","5ce6b184e4194c2f5ffad8db",4,"Development","e0e8ba1d-a1a8-492c-a490-549b4a24c221","JG9 UX9",188,"2019-05-23 04:43:08","WindowsPlayer",NA,11,"TaskEvent",0,"0.11.235",98.8503570556641,57.3202018737793,106.760375976562,-0.64811909198761,0.761539041996002,0,"History of WAT247,Find Toppo's Posters,Crash Diagnostics - Mountains,U3 - Crash Side Quest P3,Head Back to Large Mart","50,watershed;49,poster1;49,poster6;46,jasper;40,Find the supplies crate;34,talk to Bill","U5,U5_Quests","0.11.235","TaskActiveEvent",34,"go to factory",NA
"4009","5ce6b184e4194c2f5ffad8dc",4,"Development","e0e8ba1d-a1a8-492c-a490-549b4a24c221","JG9 UX9",188,"2019-05-23 04:43:08","WindowsPlayer",NA,11,"TaskEvent",0,"0.11.235",98.8503570556641,57.3202018737793,106.760375976562,-0.64811909198761,0.761539041996002,0,"History of WAT247,Find Toppo's Posters,Crash Diagnostics - Mountains,U3 - Crash Side Quest P3,Head Back to Large Mart","50,watershed;49,poster1;49,poster6;46,jasper;40,Find the supplies crate;34,talk to Bill","U5,U5_Quests","0.11.235","TaskCompleteEvent",34,"talk to Bill",NA
"4010","5ce6b184e4194c2f5ffad8dd",4,"Development","e0e8ba1d-a1a8-492c-a490-549b4a24c221","JG9 UX9",188,"2019-05-23 04:43:08","WindowsPlayer",NA,11,"TaskEvent",0,"0.11.235",98.8503570556641,57.3202018737793,106.760375976562,-0.64811909198761,0.761539041996002,0,"History of WAT247,Find Toppo's Posters,Crash Diagnostics - Mountains,U3 - Crash Side Quest P3,Head Back to Large Mart","50,watershed;49,poster1;49,poster6;46,jasper;40,Find the supplies crate;34,talk to Bill;34,go to factory","U5,U5_Quests","0.11.235","TaskProgressEvent",34,"go to factory",1
"4011","5ce6b18ee4194c2f5ffad8e4",4,"Development","e0e8ba1d-a1a8-492c-a490-549b4a24c221","JG9 UX9",188,"2019-05-23 04:43:12","WindowsPlayer",NA,11,"TaskEvent",0,"0.11.235",97.0338592529297,53.04443359375,106.760322570801,0.268918454647064,-0.963163137435913,0,"History of WAT247,Find Toppo's Posters,Crash Diagnostics - Mountains,U3 - Crash Side Quest P3,Head Back to Large Mart","50,watershed;49,poster1;49,poster6;46,jasper;40,Find the supplies crate;34,go to factory","U5,U5_Quests","0.11.235","TaskCompleteEvent",34,"go to factory",NA
"4012","5ce6b18ee4194c2f5ffad8e7",4,"Development","e0e8ba1d-a1a8-492c-a490-549b4a24c221","JG9 UX9",188,"2019-05-23 04:43:12","WindowsPlayer",NA,11,"TaskEvent",0,"0.11.235",97.0338592529297,53.04443359375,106.760322570801,0.268918454647064,-0.963163137435913,0,"History of WAT247,Find Toppo's Posters,Crash Diagnostics - Mountains,U3 - Crash Side Quest P3,Construct a Distillery at the Factory","50,watershed;49,poster1;49,poster6;46,jasper;40,Find the supplies crate;35,setup first","U5,U5_Quests","0.11.235","TaskActiveEvent",35,"setup first",NA
"4013","5ce6b18ee4194c2f5ffad8f0",4,"Development","e0e8ba1d-a1a8-492c-a490-549b4a24c221","JG9 UX9",188,"2019-05-23 04:43:12","WindowsPlayer",NA,11,"TaskEvent",0,"0.11.235",97.0338592529297,53.04443359375,106.760322570801,0.268918454647064,-0.963163137435913,0,"History of WAT247,Find Toppo's Posters,Crash Diagnostics - Mountains,U3 - Crash Side Quest P3,Head Back to Large Mart,Construct a Distillery at the Factory","50,watershed;49,poster1;49,poster6;46,jasper;40,Find the supplies crate","U5,U5_Quests","0.11.235","TaskProgressEvent",35,"setup first",1
"4014","5ce6b1c0e4194c2f5ffad962",4,"Development","e0e8ba1d-a1a8-492c-a490-549b4a24c221","JG9 UX9",188,"2019-05-23 04:44:01","WindowsPlayer",NA,11,"TaskEvent",0,"0.11.235",-44.7431297302246,46.2516860961914,17.0575981140137,-0.999560058116913,0.0296652317047119,0,"History of WAT247,Find Toppo's Posters,Crash Diagnostics - Mountains,U3 - Crash Side Quest P3,Construct a Distillery at the Factory","50,watershed;49,poster1;49,poster6;46,jasper;40,Find the supplies crate;35,setup first","U5_Largemart_Factory,U5_Largemart_Factory_Quests","0.11.235","TaskCompleteEvent",35,"setup first",NA
"4015","5ce6b1c0e4194c2f5ffad963",4,"Development","e0e8ba1d-a1a8-492c-a490-549b4a24c221","JG9 UX9",188,"2019-05-23 04:44:01","WindowsPlayer",NA,11,"TaskEvent",0,"0.11.235",-44.7431297302246,46.2516860961914,17.0575981140137,-0.999560058116913,0.0296652317047119,0,"History of WAT247,Find Toppo's Posters,Crash Diagnostics - Mountains,U3 - Crash Side Quest P3,Construct a Distillery at the Factory","50,watershed;49,poster1;49,poster6;46,jasper;40,Find the supplies crate;35,setup first;35,setup second","U5_Largemart_Factory,U5_Largemart_Factory_Quests","0.11.235","TaskActiveEvent",35,"setup second",NA
"4016","5ce6b1c0e4194c2f5ffad969",4,"Development","e0e8ba1d-a1a8-492c-a490-549b4a24c221","JG9 UX9",188,"2019-05-23 04:44:01","WindowsPlayer",NA,11,"TaskEvent",0,"0.11.235",-44.7431297302246,46.2516860961914,17.0575981140137,-0.999560058116913,0.0296652317047119,0,"History of WAT247,Find Toppo's Posters,Crash Diagnostics - Mountains,U3 - Crash Side Quest P3,Construct a Distillery at the Factory","50,watershed;49,poster1;49,poster6;46,jasper;40,Find the supplies crate;35,setup first","U5_Largemart_Factory,U5_Largemart_Factory_Quests","0.11.235","TaskActiveEvent",35,"setup third",NA
"4017","5ce6b1f7e4194c2f5ffad9c3",4,"Development","e0e8ba1d-a1a8-492c-a490-549b4a24c221","JG9 UX9",188,"2019-05-23 04:45:04","WindowsPlayer",NA,11,"TaskEvent",0,"0.11.235",-13.7194833755493,51.5793952941895,20.976598739624,0.986855864524841,-0.161603093147278,0,"History of WAT247,Find Toppo's Posters,Crash Diagnostics - Mountains,U3 - Crash Side Quest P3,Construct a Distillery at the Factory","50,watershed;49,poster1;49,poster6;46,jasper;40,Find the supplies crate;35,setup second","U5_Largemart_Factory,U5_Largemart_Factory_Quests","0.11.235","TaskProgressEvent",35,"setup second",1
"4018","5ce6b1f7e4194c2f5ffad9c4",4,"Development","e0e8ba1d-a1a8-492c-a490-549b4a24c221","JG9 UX9",188,"2019-05-23 04:45:04","WindowsPlayer",NA,11,"TaskEvent",0,"0.11.235",-13.7194833755493,51.5793952941895,20.976598739624,0.986855864524841,-0.161603093147278,0,"History of WAT247,Find Toppo's Posters,Crash Diagnostics - Mountains,U3 - Crash Side Quest P3,Construct a Distillery at the Factory","50,watershed;49,poster1;49,poster6;46,jasper;40,Find the supplies crate;35,setup second","U5_Largemart_Factory,U5_Largemart_Factory_Quests","0.11.235","TaskCompleteEvent",35,"setup second",NA
"4019","5ce6b1f7e4194c2f5ffad9cd",4,"Development","e0e8ba1d-a1a8-492c-a490-549b4a24c221","JG9 UX9",188,"2019-05-23 04:45:04","WindowsPlayer",NA,11,"TaskEvent",0,"0.11.235",-13.7194833755493,51.5793952941895,20.976598739624,0.986855864524841,-0.161603093147278,0,"History of WAT247,Find Toppo's Posters,Crash Diagnostics - Mountains,U3 - Crash Side Quest P3,Construct a Distillery at the Factory","50,watershed;49,poster1;49,poster6;46,jasper;40,Find the supplies crate;35,setup second;35,setup third","U5_Largemart_Factory,U5_Largemart_Factory_Quests","0.11.235","TaskProgressEvent",35,"setup third",1
"4020","5ce6b210e4194c2f5ffad9ec",4,"Development","e0e8ba1d-a1a8-492c-a490-549b4a24c221","JG9 UX9",188,"2019-05-23 04:45:28","WindowsPlayer",NA,11,"TaskEvent",0,"0.11.235",-13.7143707275391,62.5258445739746,20.976598739624,0.880477130413055,0.474088728427887,0,"History of WAT247,Find Toppo's Posters,Crash Diagnostics - Mountains,U3 - Crash Side Quest P3,Construct a Distillery at the Factory","50,watershed;49,poster1;49,poster6;46,jasper;40,Find the supplies crate;35,setup third;35,setup fourth","U5_Largemart_Factory,U5_Largemart_Factory_Quests","0.11.235","TaskActiveEvent",35,"setup fourth",NA
"4021","5ce6b210e4194c2f5ffad9f1",4,"Development","e0e8ba1d-a1a8-492c-a490-549b4a24c221","JG9 UX9",188,"2019-05-23 04:45:28","WindowsPlayer",NA,11,"TaskEvent",0,"0.11.235",-13.7143707275391,62.5258445739746,20.976598739624,0.880477130413055,0.474088728427887,0,"History of WAT247,Find Toppo's Posters,Crash Diagnostics - Mountains,U3 - Crash Side Quest P3,Construct a Distillery at the Factory","50,watershed;49,poster1;49,poster6;46,jasper;40,Find the supplies crate;35,setup third","U5_Largemart_Factory,U5_Largemart_Factory_Quests","0.11.235","TaskCompleteEvent",35,"setup third",NA
"4022","5ce6b210e4194c2f5ffad9f2",4,"Development","e0e8ba1d-a1a8-492c-a490-549b4a24c221","JG9 UX9",188,"2019-05-23 04:45:28","WindowsPlayer",NA,11,"TaskEvent",0,"0.11.235",-13.7143707275391,62.5258445739746,20.976598739624,0.880477130413055,0.474088728427887,0,"History of WAT247,Find Toppo's Posters,Crash Diagnostics - Mountains,U3 - Crash Side Quest P3,Construct a Distillery at the Factory","50,watershed;49,poster1;49,poster6;46,jasper;40,Find the supplies crate;35,setup third","U5_Largemart_Factory,U5_Largemart_Factory_Quests","0.11.235","TaskCompleteEvent",35,"setup fourth",NA
"4023","5ce6b260e4194c2f5ffada93",4,"Development","e0e8ba1d-a1a8-492c-a490-549b4a24c221","JG9 UX9",188,"2019-05-23 04:46:48","WindowsPlayer",NA,11,"TaskEvent",0,"0.11.235",-44.226490020752,54.4756927490234,24.9717311859131,-0.990983307361603,0.133986234664917,0,"History of WAT247,Find Toppo's Posters,Crash Diagnostics - Mountains,U3 - Crash Side Quest P3,Construct a Distillery at the Factory","50,watershed;49,poster1;49,poster6;46,jasper;40,Find the supplies crate;35,setup fourth","U5_Largemart_Factory,U5_Largemart_Factory_Quests","0.11.235","TaskProgressEvent",35,"setup fourth",1
"4024","5ce6b260e4194c2f5ffada9d",4,"Development","e0e8ba1d-a1a8-492c-a490-549b4a24c221","JG9 UX9",188,"2019-05-23 04:46:48","WindowsPlayer",NA,11,"TaskEvent",0,"0.11.235",-44.226490020752,54.4756927490234,24.9717311859131,-0.990983307361603,0.133986234664917,0,"History of WAT247,Find Toppo's Posters,Crash Diagnostics - Mountains,U3 - Crash Side Quest P3,Construct a Distillery at the Factory,Back at the Base","50,watershed;49,poster1;49,poster6;46,jasper;40,Find the supplies crate","U5_Largemart_Factory,U5_Largemart_Factory_Quests","0.11.235","TaskActiveEvent",69,"Go to Sleep",NA
"4025","5ce6b260e4194c2f5ffada9e",4,"Development","e0e8ba1d-a1a8-492c-a490-549b4a24c221","JG9 UX9",188,"2019-05-23 04:46:48","WindowsPlayer",NA,11,"TaskEvent",0,"0.11.235",-44.226490020752,54.4756927490234,24.9717311859131,-0.990983307361603,0.133986234664917,0,"History of WAT247,Find Toppo's Posters,Crash Diagnostics - Mountains,U3 - Crash Side Quest P3,Back at the Base","50,watershed;49,poster1;49,poster6;46,jasper;40,Find the supplies crate;69,Go to Sleep","U5_Largemart_Factory,U5_Largemart_Factory_Quests","0.11.235","TaskProgressEvent",69,"Go to Sleep",1
"4026","5ce6b2aae4194c2f5ffadaf3",4,"Development","e0e8ba1d-a1a8-492c-a490-549b4a24c221","JG9 UX9",188,"2019-05-23 04:48:00","WindowsPlayer",NA,11,"TaskEvent",0,"0.11.235",5.07540798187256,-6.38945150375366,0.981887519359589,0.858344376087189,0.513074040412903,0,"History of WAT247,Find Toppo's Posters,Crash Diagnostics - Mountains,U3 - Crash Side Quest P3,Back at the Base","50,watershed;49,poster1;49,poster6;46,jasper;40,Find the supplies crate;69,Go to Sleep","PB_PlayerRoom","0.11.235","TaskCompleteEvent",69,"Go to Sleep",NA
"4027","5ce6b2aae4194c2f5ffadaf5",4,"Development","e0e8ba1d-a1a8-492c-a490-549b4a24c221","JG9 UX9",188,"2019-05-23 04:48:00","WindowsPlayer",NA,11,"TaskEvent",0,"0.11.235",5.07540798187256,-6.38945150375366,0.981887519359589,0.858344376087189,0.513074040412903,0,"History of WAT247,Find Toppo's Posters,Crash Diagnostics - Mountains,U3 - Crash Side Quest P3","50,watershed;49,poster1;49,poster6;46,jasper;40,Find the supplies crate","PB_PlayerRoom","0.11.235","TaskActiveEvent",63,"Leave your house",NA
"4028","5ce6b2aae4194c2f5ffadaf7",4,"Development","e0e8ba1d-a1a8-492c-a490-549b4a24c221","JG9 UX9",188,"2019-05-23 04:48:02","WindowsPlayer",NA,11,"TaskEvent",0,"0.11.235",5.07540798187256,-6.38945150375366,0.981887519359589,0.858344376087189,0.513074040412903,0,"History of WAT247,Find Toppo's Posters,Crash Diagnostics - Mountains,U3 - Crash Side Quest P3,Check in with Toppo","50,watershed;49,poster1;49,poster6;46,jasper;40,Find the supplies crate","PB_PlayerRoom","0.11.235","TaskProgressEvent",63,"Leave your house",1
"4029","5ce6b2d3e4194c2f5ffadb21",4,"Development","e0e8ba1d-a1a8-492c-a490-549b4a24c221","JG9 UX9",188,"2019-05-23 04:48:47","WindowsPlayer",NA,11,"TaskEvent",0,"0.11.235",-57.0714340209961,-159.925674438477,60.4097557067871,-0.117221496999264,0.99310576915741,0,"History of WAT247,Find Toppo's Posters,Crash Diagnostics - Mountains,U3 - Crash Side Quest P3,Check in with Toppo","50,watershed;49,poster1;49,poster6;46,jasper;40,Find the supplies crate;63,Leave your house","Player_Base","0.11.235","TaskActiveEvent",63,"Talk with Toppo",NA
"4030","5ce6b2d3e4194c2f5ffadb22",4,"Development","e0e8ba1d-a1a8-492c-a490-549b4a24c221","JG9 UX9",188,"2019-05-23 04:48:47","WindowsPlayer",NA,11,"TaskEvent",0,"0.11.235",-57.0714340209961,-159.925674438477,60.4097557067871,-0.117221496999264,0.99310576915741,0,"History of WAT247,Find Toppo's Posters,Crash Diagnostics - Mountains,U3 - Crash Side Quest P3,Check in with Toppo","50,watershed;49,poster1;49,poster6;46,jasper;40,Find the supplies crate;63,Leave your house;63,Talk with Toppo","Player_Base","0.11.235","TaskCompleteEvent",63,"Leave your house",NA
"4031","5ce6b2d3e4194c2f5ffadb28",4,"Development","e0e8ba1d-a1a8-492c-a490-549b4a24c221","JG9 UX9",188,"2019-05-23 04:48:47","WindowsPlayer",NA,11,"TaskEvent",0,"0.11.235",-57.0714340209961,-159.925674438477,60.4097557067871,-0.117221496999264,0.99310576915741,0,"History of WAT247,Find Toppo's Posters,Crash Diagnostics - Mountains,U3 - Crash Side Quest P3,Check in with Toppo","50,watershed;49,poster1;49,poster6;46,jasper;40,Find the supplies crate;63,Leave your house","Player_Base","0.11.235","TaskActiveEvent",64,"Check Sam's Garden",NA
"4032","5ce6b36de4194c2f5ffadbe2",4,"Development","e0e8ba1d-a1a8-492c-a490-549b4a24c221","JG9 UX9",188,"2019-05-23 04:51:10","WindowsPlayer",NA,11,"TaskEvent",0,"0.11.235",-69.4251251220703,-107.835510253906,58.9669380187988,-0.381583005189896,0.924334585666656,0,"History of WAT247,Find Toppo's Posters,Crash Diagnostics - Mountains,U3 - Crash Side Quest P3,Check in with Toppo","50,watershed;49,poster1;49,poster6;46,jasper;40,Find the supplies crate;63,Talk with Toppo","Player_Base","0.11.235","TaskCompleteEvent",63,"Talk with Toppo",NA
"4033","5ce6b36de4194c2f5ffadbed",4,"Development","e0e8ba1d-a1a8-492c-a490-549b4a24c221","JG9 UX9",188,"2019-05-23 04:51:10","WindowsPlayer",NA,11,"TaskEvent",0,"0.11.235",-69.4251251220703,-107.835510253906,58.9669380187988,-0.381583005189896,0.924334585666656,0,"History of WAT247,Find Toppo's Posters,Crash Diagnostics - Mountains,U3 - Crash Side Quest P3,Check in with Toppo,Investigate Sam's Water Shortage","50,watershed;49,poster1;49,poster6;46,jasper;40,Find the supplies crate","Player_Base","0.11.235","TaskProgressEvent",63,"Talk with Toppo",1
"4034","5ce6b36de4194c2f5ffadbee",4,"Development","e0e8ba1d-a1a8-492c-a490-549b4a24c221","JG9 UX9",188,"2019-05-23 04:51:10","WindowsPlayer",NA,11,"TaskEvent",0,"0.11.235",-69.4251251220703,-107.835510253906,58.9669380187988,-0.381583005189896,0.924334585666656,0,"History of WAT247,Find Toppo's Posters,Crash Diagnostics - Mountains,U3 - Crash Side Quest P3,Investigate Sam's Water Shortage","50,watershed;49,poster1;49,poster6;46,jasper;40,Find the supplies crate;64,Check Sam's Garden","Player_Base","0.11.235","TaskCompleteEvent",64,"Check Sam's Garden",NA
"4035","5ce6b3aae4194c2f5ffadcc9",4,"Development","e0e8ba1d-a1a8-492c-a490-549b4a24c221","JG9 UX9",188,"2019-05-23 04:52:18","WindowsPlayer",NA,11,"TaskEvent",0,"0.11.235",-9.67310523986816,624.219909667969,55.9760322570801,0.639933526515961,0.768430233001709,0,"History of WAT247,Find Toppo's Posters,Crash Diagnostics - Mountains,U3 - Crash Side Quest P3,Investigate Sam's Water Shortage","50,watershed;49,poster1;49,poster6;46,jasper;40,Find the supplies crate;64,Check Sam's Garden;64,Measure the East River Levels","U3,U3_Collectibles,U3_Quests,U3_RiverSpline","0.11.235","TaskProgressEvent",64,"Check Sam's Garden",1
"4036","5ce6b3abe4194c2f5ffadcd0",4,"Development","e0e8ba1d-a1a8-492c-a490-549b4a24c221","JG9 UX9",188,"2019-05-23 04:52:18","WindowsPlayer",NA,11,"TaskEvent",0,"0.11.235",-9.67310523986816,624.219909667969,55.9760322570801,0.639933526515961,0.768430233001709,0,"History of WAT247,Find Toppo's Posters,Crash Diagnostics - Mountains,U3 - Crash Side Quest P3,Investigate Sam's Water Shortage","50,watershed;49,poster1;49,poster6;46,jasper;40,Find the supplies crate;64,Check Sam's Garden","U3,U3_Collectibles,U3_Quests,U3_RiverSpline","0.11.235","TaskActiveEvent",64,"Measure the East River Levels",NA
"4037","5ce6b3abe4194c2f5ffadcd1",4,"Development","e0e8ba1d-a1a8-492c-a490-549b4a24c221","JG9 UX9",188,"2019-05-23 04:52:18","WindowsPlayer",NA,11,"TaskEvent",0,"0.11.235",-9.67310523986816,624.219909667969,55.9760322570801,0.639933526515961,0.768430233001709,0,"History of WAT247,Find Toppo's Posters,Crash Diagnostics - Mountains,U3 - Crash Side Quest P3,Investigate Sam's Water Shortage","50,watershed;49,poster1;49,poster6;46,jasper;40,Find the supplies crate;64,Check Sam's Garden","U3,U3_Collectibles,U3_Quests,U3_RiverSpline","0.11.235","TaskProgressEvent",64,"Measure the East River Levels",1
"4038","5ce6b3d2e4194c2f5ffadd6b",4,"Development","e0e8ba1d-a1a8-492c-a490-549b4a24c221","JG9 UX9",188,"2019-05-23 04:53:00","WindowsPlayer",NA,11,"TaskEvent",0,"0.11.235",95.8598709106445,598.399353027344,55.9760322570801,0.923298239707947,-0.384084224700928,0,"History of WAT247,Find Toppo's Posters,Crash Diagnostics - Mountains,U3 - Crash Side Quest P3,Investigate Sam's Water Shortage","50,watershed;49,poster1;49,poster6;46,jasper;40,Find the supplies crate;64,Measure the East River Levels","U3,U3_Collectibles,U3_Quests,U3_RiverSpline","0.11.235","TaskActiveEvent",64,"Measure the West River Levels",NA
"4039","5ce6b3d2e4194c2f5ffadd70",4,"Development","e0e8ba1d-a1a8-492c-a490-549b4a24c221","JG9 UX9",188,"2019-05-23 04:53:00","WindowsPlayer",NA,11,"TaskEvent",0,"0.11.235",95.8598709106445,598.399353027344,55.9760322570801,0.923298239707947,-0.384084224700928,0,"History of WAT247,Find Toppo's Posters,Crash Diagnostics - Mountains,U3 - Crash Side Quest P3,Investigate Sam's Water Shortage","50,watershed;49,poster1;49,poster6;46,jasper;40,Find the supplies crate;64,Measure the East River Levels","U3,U3_Collectibles,U3_Quests,U3_RiverSpline","0.11.235","TaskCompleteEvent",64,"Measure the East River Levels",NA
"4040","5ce6b3d2e4194c2f5ffadd71",4,"Development","e0e8ba1d-a1a8-492c-a490-549b4a24c221","JG9 UX9",188,"2019-05-23 04:53:00","WindowsPlayer",NA,11,"TaskEvent",0,"0.11.235",95.8598709106445,598.399353027344,55.9760322570801,0.923298239707947,-0.384084224700928,0,"History of WAT247,Find Toppo's Posters,Crash Diagnostics - Mountains,U3 - Crash Side Quest P3,Investigate Sam's Water Shortage","50,watershed;49,poster1;49,poster6;46,jasper;40,Find the supplies crate;64,Measure the East River Levels;64,Measure the West River Levels","U3,U3_Collectibles,U3_Quests,U3_RiverSpline","0.11.235","TaskCompleteEvent",64,"Measure the West River Levels",NA
"4041","5ce6b4eee4194c2f5ffae1ac",4,"Development","e0e8ba1d-a1a8-492c-a490-549b4a24c221","JG9 UX9",188,"2019-05-23 04:57:35","WindowsPlayer",NA,11,"TaskEvent",0,"0.11.235",-557.827453613281,-24.0826034545898,27.5160236358643,-0.84095311164856,-0.54081130027771,-0.0179330967366695,"History of WAT247,Find Toppo's Posters,Crash Diagnostics - Mountains,U3 - Crash Side Quest P3,Investigate Anderson's Water Shortage","50,watershed;49,poster1;49,poster6;46,jasper;40,Find the supplies crate;65,Check the Bunker Water Table","U4,U4_Collectibles,U4_Quests","0.11.235","TaskProgressEvent",64,"Measure the West River Levels",1
"4042","5ce6b4eee4194c2f5ffae1ad",4,"Development","e0e8ba1d-a1a8-492c-a490-549b4a24c221","JG9 UX9",188,"2019-05-23 04:57:35","WindowsPlayer",NA,11,"TaskEvent",0,"0.11.235",-557.827453613281,-24.0826034545898,27.5160236358643,-0.84095311164856,-0.54081130027771,-0.0179330967366695,"History of WAT247,Find Toppo's Posters,Crash Diagnostics - Mountains,U3 - Crash Side Quest P3,Investigate Anderson's Water Shortage","50,watershed;49,poster1;49,poster6;46,jasper;40,Find the supplies crate;65,Check the Bunker Water Table","U4,U4_Collectibles,U4_Quests","0.11.235","TaskActiveEvent",65,"Check Anderson's Water Supply",NA
"4043","5ce6b4eee4194c2f5ffae1ae",4,"Development","e0e8ba1d-a1a8-492c-a490-549b4a24c221","JG9 UX9",188,"2019-05-23 04:57:35","WindowsPlayer",NA,11,"TaskEvent",0,"0.11.235",-557.827453613281,-24.0826034545898,27.5160236358643,-0.84095311164856,-0.54081130027771,-0.0179330967366695,"History of WAT247,Find Toppo's Posters,Crash Diagnostics - Mountains,U3 - Crash Side Quest P3,Investigate Anderson's Water Shortage","50,watershed;49,poster1;49,poster6;46,jasper;40,Find the supplies crate;65,Check the Bunker Water Table;65,Check the Ruins Water Table","U4,U4_Collectibles,U4_Quests","0.11.235","TaskCompleteEvent",65,"Check Anderson's Water Supply",NA
"4044","5ce6b52ae4194c2f5ffae298",4,"Development","e0e8ba1d-a1a8-492c-a490-549b4a24c221","JG9 UX9",188,"2019-05-23 04:56:37","WindowsPlayer",NA,11,"TaskEvent",0,"0.11.235",-521.647155761719,786.96044921875,61.4447250366211,0.198657900094986,0.980059742927551,0.00423630699515343,"History of WAT247,Find Toppo's Posters,Crash Diagnostics - Mountains,U3 - Crash Side Quest P3,Investigate Anderson's Water Shortage","50,watershed;49,poster1;49,poster6;46,jasper;40,Find the supplies crate;65,Check Anderson's Water Supply","U4,U4_Collectibles,U4_Quests,U4_MilitaryBase","0.11.235","TaskActiveEvent",65,"Check the Bunker Water Table",NA
"4045","5ce6b52ae4194c2f5ffae299",4,"Development","e0e8ba1d-a1a8-492c-a490-549b4a24c221","JG9 UX9",188,"2019-05-23 04:56:37","WindowsPlayer",NA,11,"TaskEvent",0,"0.11.235",-521.647155761719,786.96044921875,61.4447250366211,0.198657900094986,0.980059742927551,0.00423630699515343,"History of WAT247,Find Toppo's Posters,Crash Diagnostics - Mountains,U3 - Crash Side Quest P3,Investigate Anderson's Water Shortage","50,watershed;49,poster1;49,poster6;46,jasper;40,Find the supplies crate;65,Check Anderson's Water Supply;65,Check the Bunker Water Table","U4,U4_Collectibles,U4_Quests,U4_MilitaryBase","0.11.235","TaskProgressEvent",65,"Check Anderson's Water Supply",1
"4046","5ce6b52ae4194c2f5ffae29e",4,"Development","e0e8ba1d-a1a8-492c-a490-549b4a24c221","JG9 UX9",188,"2019-05-23 04:56:37","WindowsPlayer",NA,11,"TaskEvent",0,"0.11.235",-521.647155761719,786.96044921875,61.4447250366211,0.198657900094986,0.980059742927551,0.00423630699515343,"History of WAT247,Find Toppo's Posters,Crash Diagnostics - Mountains,U3 - Crash Side Quest P3,Investigate Anderson's Water Shortage","50,watershed;49,poster1;49,poster6;46,jasper;40,Find the supplies crate;65,Check Anderson's Water Supply","U4,U4_Collectibles,U4_Quests,U4_MilitaryBase","0.11.235","TaskCompleteEvent",65,"Check the Bunker Water Table",NA
"4047","5ce6b539e4194c2f5ffae2dd",4,"Development","e0e8ba1d-a1a8-492c-a490-549b4a24c221","JG9 UX9",188,"2019-05-23 04:54:24","WindowsPlayer",NA,11,"TaskEvent",0,"0.11.235",-329.688690185547,631.822570800781,64.0945587158203,-0.999820053577423,0.0189695358276367,0,"History of WAT247,Find Toppo's Posters,Crash Diagnostics - Mountains,U3 - Crash Side Quest P3,Investigate Sam's Water Shortage","50,watershed;49,poster1;49,poster6;46,jasper;40,Find the supplies crate;64,Measure the West River Levels","U3,U3_Collectibles,U3_Quests,U3_RiverSpline","0.11.235","TaskProgressEvent",65,"Check the Bunker Water Table",1
"4048","5ce6b539e4194c2f5ffae2df",4,"Development","e0e8ba1d-a1a8-492c-a490-549b4a24c221","JG9 UX9",188,"2019-05-23 04:54:24","WindowsPlayer",NA,11,"TaskEvent",0,"0.11.235",-329.688690185547,631.822570800781,64.0945587158203,-0.999820053577423,0.0189695358276367,0,"History of WAT247,Find Toppo's Posters,Crash Diagnostics - Mountains,U3 - Crash Side Quest P3,Investigate Sam's Water Shortage,Investigate Anderson's Water Shortage","50,watershed;49,poster1;49,poster6;46,jasper;40,Find the supplies crate","U3,U3_Collectibles,U3_Quests,U3_RiverSpline","0.11.235","TaskActiveEvent",65,"Check the Ruins Water Table",NA
"4049","5ce6b539e4194c2f5ffae2e2",4,"Development","e0e8ba1d-a1a8-492c-a490-549b4a24c221","JG9 UX9",188,"2019-05-23 04:54:24","WindowsPlayer",NA,11,"TaskEvent",0,"0.11.235",-329.688690185547,631.822570800781,64.0945587158203,-0.999820053577423,0.0189695358276367,0,"History of WAT247,Find Toppo's Posters,Crash Diagnostics - Mountains,U3 - Crash Side Quest P3,Investigate Anderson's Water Shortage","50,watershed;49,poster1;49,poster6;46,jasper;40,Find the supplies crate;65,Check Anderson's Water Supply","U3,U3_Collectibles,U3_Quests,U3_RiverSpline","0.11.235","TaskCompleteEvent",65,"Check the Ruins Water Table",NA
"4050","5ce6b5d1e4194c2f5ffae517",4,"Development","e0e8ba1d-a1a8-492c-a490-549b4a24c221","JG9 UX9",188,"2019-05-23 05:01:27","WindowsPlayer",NA,11,"TaskEvent",0,"0.11.235",84.5853271484375,63.7761077880859,105.829299926758,-0.496973842382431,0.867765545845032,0,"History of WAT247,Find Toppo's Posters,Crash Diagnostics - Mountains,U3 - Crash Side Quest P3,Investigate the Water Shortage","50,watershed;49,poster1;49,poster6;46,jasper;40,Find the supplies crate;88,Check the Factory Humidity","U5,U5_Quests","0.11.235","TaskActiveEvent",88,"Check the Seaside Humidity",NA
"4051","5ce6b5d1e4194c2f5ffae518",4,"Development","e0e8ba1d-a1a8-492c-a490-549b4a24c221","JG9 UX9",188,"2019-05-23 05:01:27","WindowsPlayer",NA,11,"TaskEvent",0,"0.11.235",84.5853271484375,63.7761077880859,105.829299926758,-0.496973842382431,0.867765545845032,0,"History of WAT247,Find Toppo's Posters,Crash Diagnostics - Mountains,U3 - Crash Side Quest P3,Investigate the Water Shortage","50,watershed;49,poster1;49,poster6;46,jasper;40,Find the supplies crate;88,Check the Factory Humidity;88,Check the Cave Humidity","U5,U5_Quests","0.11.235","TaskProgressEvent",65,"Check the Ruins Water Table",1
"4052","5ce6b5d1e4194c2f5ffae520",4,"Development","e0e8ba1d-a1a8-492c-a490-549b4a24c221","JG9 UX9",188,"2019-05-23 05:01:27","WindowsPlayer",NA,11,"TaskEvent",0,"0.11.235",84.5853271484375,63.7761077880859,105.829299926758,-0.496973842382431,0.867765545845032,0,"History of WAT247,Find Toppo's Posters,Crash Diagnostics - Mountains,U3 - Crash Side Quest P3,Investigate the Water Shortage","50,watershed;49,poster1;49,poster6;46,jasper;40,Find the supplies crate;88,Check the Factory Humidity","U5,U5_Quests","0.11.235","TaskCompleteEvent",88,"Check the Seaside Humidity",NA
"4053","5ce6b5fae4194c2f5ffae5ac",4,"Development","e0e8ba1d-a1a8-492c-a490-549b4a24c221","JG9 UX9",188,"2019-05-23 05:00:43","WindowsPlayer",NA,11,"TaskEvent",0,"0.11.235",-204.699279785156,193.349838256836,51.8253898620605,0.00174532842356712,0.999998450279236,0,"History of WAT247,Find Toppo's Posters,Crash Diagnostics - Mountains,U3 - Crash Side Quest P3,Investigate the Water Shortage","50,watershed;49,poster1;49,poster6;46,jasper;40,Find the supplies crate;88,Check the Seaside Humidity","U5,U5_Quests","0.11.235","TaskProgressEvent",88,"Check the Seaside Humidity",1
"4054","5ce6b5fae4194c2f5ffae5ad",4,"Development","e0e8ba1d-a1a8-492c-a490-549b4a24c221","JG9 UX9",188,"2019-05-23 05:00:43","WindowsPlayer",NA,11,"TaskEvent",0,"0.11.235",-204.699279785156,193.349838256836,51.8253898620605,0.00174532842356712,0.999998450279236,0,"History of WAT247,Find Toppo's Posters,Crash Diagnostics - Mountains,U3 - Crash Side Quest P3,Investigate the Water Shortage","50,watershed;49,poster1;49,poster6;46,jasper;40,Find the supplies crate;88,Check the Seaside Humidity","U5,U5_Quests","0.11.235","TaskActiveEvent",88,"Check the Factory Humidity",NA
"4055","5ce6b5fae4194c2f5ffae5ae",4,"Development","e0e8ba1d-a1a8-492c-a490-549b4a24c221","JG9 UX9",188,"2019-05-23 05:00:43","WindowsPlayer",NA,11,"TaskEvent",0,"0.11.235",-204.699279785156,193.349838256836,51.8253898620605,0.00174532842356712,0.999998450279236,0,"History of WAT247,Find Toppo's Posters,Crash Diagnostics - Mountains,U3 - Crash Side Quest P3,Investigate the Water Shortage","50,watershed;49,poster1;49,poster6;46,jasper;40,Find the supplies crate;88,Check the Seaside Humidity;88,Check the Factory Humidity","U5,U5_Quests","0.11.235","TaskActiveEvent",88,"Check the Cave Humidity",NA
"4056","5ce6b63ce4194c2f5ffae65c",4,"Development","e0e8ba1d-a1a8-492c-a490-549b4a24c221","JG9 UX9",188,"2019-05-23 05:03:15","WindowsPlayer",NA,11,"TaskEvent",0,"0.11.235",-73.2521133422852,-54.2708740234375,55.719310760498,0.997185170650482,0.0749790072441101,0,"History of WAT247,Find Toppo's Posters,Crash Diagnostics - Mountains,U3 - Crash Side Quest P3,Investigate the Water Shortage","50,watershed;49,poster1;49,poster6;46,jasper;40,Find the supplies crate;88,Check the Base Humidity","Player_Base","0.11.235","TaskProgressEvent",88,"Check the Factory Humidity",1
"4057","5ce6b63ce4194c2f5ffae660",4,"Development","e0e8ba1d-a1a8-492c-a490-549b4a24c221","JG9 UX9",188,"2019-05-23 05:03:15","WindowsPlayer",NA,11,"TaskEvent",0,"0.11.235",-73.2521133422852,-54.2708740234375,55.719310760498,0.997185170650482,0.0749790072441101,0,"History of WAT247,Find Toppo's Posters,Crash Diagnostics - Mountains,U3 - Crash Side Quest P3,Investigate the Water Shortage,Is Water Missing?","50,watershed;49,poster1;49,poster6;46,jasper;40,Find the supplies crate","Player_Base","0.11.235","TaskCompleteEvent",88,"Check the Factory Humidity",NA
"4058","5ce6b63ce4194c2f5ffae663",4,"Development","e0e8ba1d-a1a8-492c-a490-549b4a24c221","JG9 UX9",188,"2019-05-23 05:03:15","WindowsPlayer",NA,11,"TaskEvent",0,"0.11.235",-73.2521133422852,-54.2708740234375,55.719310760498,0.997185170650482,0.0749790072441101,0,"History of WAT247,Find Toppo's Posters,Crash Diagnostics - Mountains,U3 - Crash Side Quest P3,Is Water Missing?","50,watershed;49,poster1;49,poster6;46,jasper;40,Find the supplies crate;89,Update the Team","Player_Base","0.11.235","TaskActiveEvent",62,"Find the Black Box",NA
"4059","5ce6b6abe4194c2f5ffae816",4,"Development","e0e8ba1d-a1a8-492c-a490-549b4a24c221","JG9 UX9",188,"2019-05-23 05:04:05","WindowsPlayer",NA,11,"TaskEvent",0,"0.11.235",-70.0541152954102,-100.959053039551,58.9669380187988,-0.163325324654579,-0.986572504043579,0,"History of WAT247,Find Toppo's Posters,Crash Diagnostics - Mountains,U3 - Crash Side Quest P3,Is Water Missing?","50,watershed;49,poster1;49,poster6;46,jasper;40,Find the supplies crate;89,Update the Team","Player_Base","0.11.235","TaskActiveEvent",88,"Check the Base Humidity",NA
"4060","5ce6b6abe4194c2f5ffae818",4,"Development","e0e8ba1d-a1a8-492c-a490-549b4a24c221","JG9 UX9",188,"2019-05-23 05:04:05","WindowsPlayer",NA,11,"TaskEvent",0,"0.11.235",-70.0541152954102,-100.959053039551,58.9669380187988,-0.163325324654579,-0.986572504043579,0,"History of WAT247,Find Toppo's Posters,Crash Diagnostics - Mountains,U3 - Crash Side Quest P3,Is Water Missing?","50,watershed;49,poster1;49,poster6;46,jasper;40,Find the supplies crate;89,Update the Team;89,Sort this Out","Player_Base","0.11.235","TaskCompleteEvent",88,"Check the Cave Humidity",NA
"4061","5ce6b6abe4194c2f5ffae81c",4,"Development","e0e8ba1d-a1a8-492c-a490-549b4a24c221","JG9 UX9",188,"2019-05-23 05:04:05","WindowsPlayer",NA,11,"TaskEvent",0,"0.11.235",-70.0541152954102,-100.959053039551,58.9669380187988,-0.163325324654579,-0.986572504043579,0,"History of WAT247,Find Toppo's Posters,Crash Diagnostics - Mountains,U3 - Crash Side Quest P3,Is Water Missing?","50,watershed;49,poster1;49,poster6;46,jasper;40,Find the supplies crate;89,Update the Team","Player_Base","0.11.235","TaskProgressEvent",88,"Check the Cave Humidity",1
"4062","5ce6b6cee4194c2f5ffae8a3",4,"Development","e0e8ba1d-a1a8-492c-a490-549b4a24c221","JG9 UX9",188,"2019-05-23 05:02:12","WindowsPlayer",NA,11,"TaskEvent",0,"0.11.235",-642.154968261719,0.0288804303854704,-107.270080566406,0.783653855323792,-0.621197938919067,0,"History of WAT247,Find Toppo's Posters,Crash Diagnostics - Mountains,U3 - Crash Side Quest P3,Investigate the Water Shortage","50,watershed;49,poster1;49,poster6;46,jasper;40,Find the supplies crate;88,Check the Cave Humidity","U5_Cavern,U5_Cavern_Quests","0.11.235","TaskCompleteEvent",88,"Check the Base Humidity",NA
"4063","5ce6b6cee4194c2f5ffae8a4",4,"Development","e0e8ba1d-a1a8-492c-a490-549b4a24c221","JG9 UX9",188,"2019-05-23 05:02:12","WindowsPlayer",NA,11,"TaskEvent",0,"0.11.235",-642.154968261719,0.0288804303854704,-107.270080566406,0.783653855323792,-0.621197938919067,0,"History of WAT247,Find Toppo's Posters,Crash Diagnostics - Mountains,U3 - Crash Side Quest P3,Investigate the Water Shortage","50,watershed;49,poster1;49,poster6;46,jasper;40,Find the supplies crate;88,Check the Cave Humidity","U5_Cavern,U5_Cavern_Quests","0.11.235","TaskProgressEvent",88,"Check the Base Humidity",1
"4064","5ce6b6cee4194c2f5ffae8ab",4,"Development","e0e8ba1d-a1a8-492c-a490-549b4a24c221","JG9 UX9",188,"2019-05-23 05:02:12","WindowsPlayer",NA,11,"TaskEvent",0,"0.11.235",-642.154968261719,0.0288804303854704,-107.270080566406,0.783653855323792,-0.621197938919067,0,"History of WAT247,Find Toppo's Posters,Crash Diagnostics - Mountains,U3 - Crash Side Quest P3,Investigate the Water Shortage","50,watershed;49,poster1;49,poster6;46,jasper;40,Find the supplies crate;88,Check the Cave Humidity;88,Check the Base Humidity","U5_Cavern,U5_Cavern_Quests","0.11.235","TaskActiveEvent",89,"Update the Team",NA
"4065","5ce6b70ae4194c2f5ffae98f",4,"Development","e0e8ba1d-a1a8-492c-a490-549b4a24c221","JG9 UX9",188,"2019-05-23 05:06:37","WindowsPlayer",NA,11,"TaskEvent",0,"0.11.235",-70.0541152954102,-100.959053039551,58.9669380187988,-0.163325324654579,-0.986572504043579,0,"History of WAT247,Find Toppo's Posters,Crash Diagnostics - Mountains,U3 - Crash Side Quest P3,Is Water Missing?","50,watershed;49,poster1;49,poster6;46,jasper;40,Find the supplies crate;89,Sort this Out","Player_Base","0.11.235","TaskProgressEvent",89,"Update the Team",1
"4066","5ce6b70ae4194c2f5ffae990",4,"Development","e0e8ba1d-a1a8-492c-a490-549b4a24c221","JG9 UX9",188,"2019-05-23 05:06:37","WindowsPlayer",NA,11,"TaskEvent",0,"0.11.235",-70.0541152954102,-100.959053039551,58.9669380187988,-0.163325324654579,-0.986572504043579,0,"History of WAT247,Find Toppo's Posters,Crash Diagnostics - Mountains,U3 - Crash Side Quest P3,Is Water Missing?","50,watershed;49,poster1;49,poster6;46,jasper;40,Find the supplies crate;89,Sort this Out","Player_Base","0.11.235","TaskActiveEvent",89,"Sort this Out",NA
"4067","5ce6b70ae4194c2f5ffae993",4,"Development","e0e8ba1d-a1a8-492c-a490-549b4a24c221","JG9 UX9",188,"2019-05-23 05:06:37","WindowsPlayer",NA,11,"TaskEvent",0,"0.11.235",-70.0541152954102,-100.959053039551,58.9669380187988,-0.163325324654579,-0.986572504043579,0,"History of WAT247,Find Toppo's Posters,Crash Diagnostics - Mountains,U3 - Crash Side Quest P3,Is Water Missing?","50,watershed;49,poster1;49,poster6;46,jasper;40,Find the supplies crate;89,Sort this Out;89,Counter Him Cadet","Player_Base","0.11.235","TaskCompleteEvent",89,"Update the Team",NA
"4068","5ce6b74be4194c2f5ffaea98",4,"Development","e0e8ba1d-a1a8-492c-a490-549b4a24c221","JG9 UX9",188,"2019-05-23 05:07:48","WindowsPlayer",NA,11,"TaskEvent",0,"0.11.235",-70.0541152954102,-100.959053039551,58.9669380187988,-0.163325324654579,-0.986572504043579,0,"History of WAT247,Find Toppo's Posters,Crash Diagnostics - Mountains,U3 - Crash Side Quest P3,Is Water Missing?","50,watershed;49,poster1;49,poster6;46,jasper;40,Find the supplies crate;89,Counter Him Cadet","Player_Base","0.11.235","TaskActiveEvent",89,"Counter Him Cadet",NA
"4069","5ce6b74be4194c2f5ffaea9c",4,"Development","e0e8ba1d-a1a8-492c-a490-549b4a24c221","JG9 UX9",188,"2019-05-23 05:07:48","WindowsPlayer",NA,11,"TaskEvent",0,"0.11.235",-70.0541152954102,-100.959053039551,58.9669380187988,-0.163325324654579,-0.986572504043579,0,"History of WAT247,Find Toppo's Posters,Crash Diagnostics - Mountains,U3 - Crash Side Quest P3,Is Water Missing?","50,watershed;49,poster1;49,poster6;46,jasper;40,Find the supplies crate;89,Counter Him Cadet;89,Is the Water Missing?","Player_Base","0.11.235","TaskProgressEvent",89,"Sort this Out",1
"4070","5ce6b74be4194c2f5ffaeaa2",4,"Development","e0e8ba1d-a1a8-492c-a490-549b4a24c221","JG9 UX9",188,"2019-05-23 05:07:48","WindowsPlayer",NA,11,"TaskEvent",0,"0.11.235",-70.0541152954102,-100.959053039551,58.9669380187988,-0.163325324654579,-0.986572504043579,0,"History of WAT247,Find Toppo's Posters,Crash Diagnostics - Mountains,U3 - Crash Side Quest P3,Is Water Missing?","50,watershed;49,poster1;49,poster6;46,jasper;40,Find the supplies crate;89,Counter Him Cadet","Player_Base","0.11.235","TaskCompleteEvent",89,"Sort this Out",NA
"4071","5ce6b764e4194c2f5ffaeb07",4,"Development","e0e8ba1d-a1a8-492c-a490-549b4a24c221","JG9 UX9",188,"2019-05-23 04:58:54","WindowsPlayer",NA,11,"TaskEvent",0,"0.11.235",64.7753601074219,-448.787475585938,36.590705871582,0.742261528968811,-0.669923186302185,0.0158285535871983,"History of WAT247,Find Toppo's Posters,Crash Diagnostics - Mountains,U3 - Crash Side Quest P3,Investigate Anderson's Water Shortage","50,watershed;49,poster1;49,poster6;46,jasper;40,Find the supplies crate;65,Check the Ruins Water Table","U4,U4_Collectibles,U4_Quests,U4_AlienRuins","0.11.235","TaskProgressEvent",89,"Counter Him Cadet",1
"4072","5ce6b764e4194c2f5ffaeb08",4,"Development","e0e8ba1d-a1a8-492c-a490-549b4a24c221","JG9 UX9",188,"2019-05-23 04:58:54","WindowsPlayer",NA,11,"TaskEvent",0,"0.11.235",64.7753601074219,-448.787475585938,36.590705871582,0.742261528968811,-0.669923186302185,0.0158285535871983,"History of WAT247,Find Toppo's Posters,Crash Diagnostics - Mountains,U3 - Crash Side Quest P3,Investigate Anderson's Water Shortage,Investigate the Water Shortage","50,watershed;49,poster1;49,poster6;46,jasper;40,Find the supplies crate","U4,U4_Collectibles,U4_Quests,U4_AlienRuins","0.11.235","TaskActiveEvent",89,"Is the Water Missing?",NA
"4073","5ce6b764e4194c2f5ffaeb0d",4,"Development","e0e8ba1d-a1a8-492c-a490-549b4a24c221","JG9 UX9",188,"2019-05-23 04:58:54","WindowsPlayer",NA,11,"TaskEvent",0,"0.11.235",64.7753601074219,-448.787475585938,36.590705871582,0.742261528968811,-0.669923186302185,0.0158285535871983,"History of WAT247,Find Toppo's Posters,Crash Diagnostics - Mountains,U3 - Crash Side Quest P3,Investigate the Water Shortage","50,watershed;49,poster1;49,poster6;46,jasper;40,Find the supplies crate;88,Check the Seaside Humidity","U4,U4_Collectibles,U4_Quests,U4_AlienRuins","0.11.235","TaskCompleteEvent",89,"Counter Him Cadet",NA
"4074","5ce6b7b4e4194c2f5ffaeba4",4,"Development","e0e8ba1d-a1a8-492c-a490-549b4a24c221","JG9 UX9",188,"2019-05-23 05:09:39","WindowsPlayer",NA,11,"TaskEvent",0,"0.11.235",-70.0541152954102,-100.959053039551,58.9669380187988,-0.619778513908386,-0.78477680683136,0,"History of WAT247,Find Toppo's Posters,Crash Diagnostics - Mountains,U3 - Crash Side Quest P3,Is Water Missing?,Jasper's Discovery","50,watershed;49,poster1;49,poster6;46,jasper;40,Find the supplies crate","Player_Base","0.11.235","TaskCompleteEvent",89,"Is the Water Missing?",NA
"4075","5ce6b7b4e4194c2f5ffaeba7",4,"Development","e0e8ba1d-a1a8-492c-a490-549b4a24c221","JG9 UX9",188,"2019-05-23 05:09:39","WindowsPlayer",NA,11,"TaskEvent",0,"0.11.235",-70.0541152954102,-100.959053039551,58.9669380187988,-0.619778513908386,-0.78477680683136,0,"History of WAT247,Find Toppo's Posters,Crash Diagnostics - Mountains,U3 - Crash Side Quest P3,Is Water Missing?","50,watershed;49,poster1;49,poster6;46,jasper;40,Find the supplies crate;89,Is the Water Missing?","Player_Base","0.11.235","TaskProgressEvent",89,"Is the Water Missing?",1
"4076","5ce6b7b4e4194c2f5ffaeba9",4,"Development","e0e8ba1d-a1a8-492c-a490-549b4a24c221","JG9 UX9",188,"2019-05-23 05:09:39","WindowsPlayer",NA,11,"TaskEvent",0,"0.11.235",-70.0541152954102,-100.959053039551,58.9669380187988,-0.619778513908386,-0.78477680683136,0,"History of WAT247,Find Toppo's Posters,Crash Diagnostics - Mountains,U3 - Crash Side Quest P3,Jasper's Discovery","50,watershed;49,poster1;49,poster6;46,jasper;40,Find the supplies crate;66,Follow Jasper","Player_Base","0.11.235","TaskActiveEvent",66,"Follow Jasper",NA
"4077","5ce6b83ae4194c2f5ffaec4c",4,"Development","e0e8ba1d-a1a8-492c-a490-549b4a24c221","JG9 UX9",188,"2019-05-23 05:11:41","WindowsPlayer",NA,11,"TaskEvent",0,"0.11.235",-70.0541152954102,-100.959053039551,58.9669380187988,-0.471011370420456,-0.882127165794373,0,"History of WAT247,Find Toppo's Posters,Crash Diagnostics - Mountains,U3 - Crash Side Quest P3,Jasper's Discovery","50,watershed;49,poster1;49,poster6;46,jasper;40,Find the supplies crate;66,Follow Jasper","Player_Base,U2","0.11.235","TaskProgressEvent",66,"Follow Jasper",1
"4078","5ce6b83ae4194c2f5ffaec4f",4,"Development","e0e8ba1d-a1a8-492c-a490-549b4a24c221","JG9 UX9",188,"2019-05-23 05:11:41","WindowsPlayer",NA,11,"TaskEvent",0,"0.11.235",-70.0541152954102,-100.959053039551,58.9669380187988,-0.471011370420456,-0.882127165794373,0,"History of WAT247,Find Toppo's Posters,Crash Diagnostics - Mountains,U3 - Crash Side Quest P3,Jasper's Discovery","50,watershed;49,poster1;49,poster6;46,jasper;40,Find the supplies crate;66,Follow Jasper","Player_Base,U2","0.11.235","TaskActiveEvent",66,"Gain Entrance to the New Ruins",NA
"4079","5ce6b83ae4194c2f5ffaec50",4,"Development","e0e8ba1d-a1a8-492c-a490-549b4a24c221","JG9 UX9",188,"2019-05-23 05:11:41","WindowsPlayer",NA,11,"TaskEvent",0,"0.11.235",-70.0541152954102,-100.959053039551,58.9669380187988,-0.471011370420456,-0.882127165794373,0,"History of WAT247,Find Toppo's Posters,Crash Diagnostics - Mountains,U3 - Crash Side Quest P3,Jasper's Discovery","50,watershed;49,poster1;49,poster6;46,jasper;40,Find the supplies crate;66,Follow Jasper;66,Gain Entrance to the New Ruins","Player_Base,U2","0.11.235","TaskCompleteEvent",66,"Follow Jasper",NA
"4080","5ce6b85de4194c2f5ffaec86",4,"Development","e0e8ba1d-a1a8-492c-a490-549b4a24c221","JG9 UX9",188,"2019-05-23 05:12:29","WindowsPlayer",NA,11,"TaskEvent",0,"0.11.235",1122.06616210938,926.384338378906,140.453857421875,-0.653420448303223,0.75699520111084,0,"Find Toppo's Posters,Crash Diagnostics - Mountains,U3 - Crash Side Quest P3,Jasper's Discovery","49,poster1;49,poster6;46,jasper;40,Find the supplies crate;66,Gain Entrance to the New Ruins","U2,U2_Collectibles,U2_Quests","0.11.235","TaskCompleteEvent",50,"watershed",NA
"4081","5ce6b85de4194c2f5ffaec8f",4,"Development","e0e8ba1d-a1a8-492c-a490-549b4a24c221","JG9 UX9",188,"2019-05-23 05:12:29","WindowsPlayer",NA,11,"TaskEvent",0,"0.11.235",1122.06616210938,926.384338378906,140.453857421875,-0.653420448303223,0.75699520111084,0,"History of WAT247,Find Toppo's Posters,Crash Diagnostics - Mountains,U3 - Crash Side Quest P3,Jasper's Discovery","50,watershed;49,poster1;49,poster6;46,jasper;40,Find the supplies crate;66,Gain Entrance to the New Ruins","U2,U2_Collectibles,U2_Quests","0.11.235","TaskProgressEvent",50,"watershed",1
"4082","5ce6b873e4194c2f5ffaecbb",4,"Development","e0e8ba1d-a1a8-492c-a490-549b4a24c221","JG9 UX9",188,"2019-05-23 05:12:37","WindowsPlayer",NA,11,"TaskEvent",0,"0.11.235",1119.54345703125,928.635314941406,140.48762512207,-0.715692400932312,0.698415637016296,0,"Find Toppo's Posters,Crash Diagnostics - Mountains,U3 - Crash Side Quest P3,Jasper's Discovery","49,poster1;49,poster6;46,jasper;40,Find the supplies crate;66,Gain Entrance to the New Ruins","U2,U2_Collectibles,U2_Quests","0.11.235","TaskActiveEvent",66,"Complete the First Wing",NA
"4083","5ce6b873e4194c2f5ffaecc0",4,"Development","e0e8ba1d-a1a8-492c-a490-549b4a24c221","JG9 UX9",188,"2019-05-23 05:12:37","WindowsPlayer",NA,11,"TaskEvent",0,"0.11.235",1119.54345703125,928.635314941406,140.48762512207,-0.715692400932312,0.698415637016296,0,"Find Toppo's Posters,Crash Diagnostics - Mountains,U3 - Crash Side Quest P3,Jasper's Discovery","49,poster1;49,poster6;46,jasper;40,Find the supplies crate;66,Gain Entrance to the New Ruins","U2,U2_Collectibles,U2_Quests","0.11.235","TaskProgressEvent",66,"Gain Entrance to the New Ruins",1
"4084","5ce6b873e4194c2f5ffaecc4",4,"Development","e0e8ba1d-a1a8-492c-a490-549b4a24c221","JG9 UX9",188,"2019-05-23 05:12:37","WindowsPlayer",NA,11,"TaskEvent",0,"0.11.235",1119.54345703125,928.635314941406,140.48762512207,-0.715692400932312,0.698415637016296,0,"Find Toppo's Posters,Crash Diagnostics - Mountains,U3 - Crash Side Quest P3,Jasper's Discovery","49,poster1;49,poster6;46,jasper;40,Find the supplies crate;66,Gain Entrance to the New Ruins;66,Complete the First Wing","U2,U2_Collectibles,U2_Quests","0.11.235","TaskCompleteEvent",66,"Gain Entrance to the New Ruins",NA
"4085","5ce6b8afe4194c2f5ffaed85",4,"Development","e0e8ba1d-a1a8-492c-a490-549b4a24c221","JG9 UX9",188,"2019-05-23 05:13:41","WindowsPlayer",NA,11,"TaskEvent",0,"0.11.235",-7.52929544448853,21.9848670959473,3.14863443374634,0.990023851394653,0.140899419784546,0,"Find Toppo's Posters,Crash Diagnostics - Mountains,U3 - Crash Side Quest P3,Jasper's Discovery","49,poster1;49,poster6;46,jasper;40,Find the supplies crate;66,Complete the First Wing;66,Complete the Second Wing","U6_Dungeon","0.11.235","TaskProgressEvent",66,"Complete the First Wing",1
"4086","5ce6b8afe4194c2f5ffaed8a",4,"Development","e0e8ba1d-a1a8-492c-a490-549b4a24c221","JG9 UX9",188,"2019-05-23 05:13:41","WindowsPlayer",NA,11,"TaskEvent",0,"0.11.235",-7.52929544448853,21.9848670959473,3.14863443374634,0.990023851394653,0.140899419784546,0,"Find Toppo's Posters,Crash Diagnostics - Mountains,U3 - Crash Side Quest P3,Jasper's Discovery","49,poster1;49,poster6;46,jasper;40,Find the supplies crate;66,Complete the First Wing","U6_Dungeon","0.11.235","TaskCompleteEvent",66,"Complete the First Wing",NA
"4087","5ce6b8afe4194c2f5ffaed8b",4,"Development","e0e8ba1d-a1a8-492c-a490-549b4a24c221","JG9 UX9",188,"2019-05-23 05:13:41","WindowsPlayer",NA,11,"TaskEvent",0,"0.11.235",-7.52929544448853,21.9848670959473,3.14863443374634,0.990023851394653,0.140899419784546,0,"Find Toppo's Posters,Crash Diagnostics - Mountains,U3 - Crash Side Quest P3,Jasper's Discovery","49,poster1;49,poster6;46,jasper;40,Find the supplies crate;66,Complete the First Wing","U6_Dungeon","0.11.235","TaskActiveEvent",66,"Complete the Second Wing",NA
"4088","5ce6b8d2e4194c2f5ffaedf7",4,"Development","e0e8ba1d-a1a8-492c-a490-549b4a24c221","JG9 UX9",188,"2019-05-23 05:14:20","WindowsPlayer",NA,11,"TaskEvent",0,"0.11.235",71.2586669921875,6.68670749664307,3.27144026756287,-0.991894900798798,-0.127062439918518,0,"Find Toppo's Posters,Crash Diagnostics - Mountains,U3 - Crash Side Quest P3,Jasper's Discovery","49,poster1;49,poster6;46,jasper;40,Find the supplies crate;66,Complete the Second Wing","U6_Dungeon","0.11.235","TaskProgressEvent",66,"Complete the Second Wing",1
"4089","5ce6b8d2e4194c2f5ffaedf8",4,"Development","e0e8ba1d-a1a8-492c-a490-549b4a24c221","JG9 UX9",188,"2019-05-23 05:14:20","WindowsPlayer",NA,11,"TaskEvent",0,"0.11.235",71.2586669921875,6.68670749664307,3.27144026756287,-0.991894900798798,-0.127062439918518,0,"Find Toppo's Posters,Crash Diagnostics - Mountains,U3 - Crash Side Quest P3,Jasper's Discovery","49,poster1;49,poster6;46,jasper;40,Find the supplies crate;66,Complete the Second Wing;66,Complete the Third Wing","U6_Dungeon","0.11.235","TaskActiveEvent",66,"Complete the Third Wing",NA
"4090","5ce6b8d2e4194c2f5ffaee01",4,"Development","e0e8ba1d-a1a8-492c-a490-549b4a24c221","JG9 UX9",188,"2019-05-23 05:14:20","WindowsPlayer",NA,11,"TaskEvent",0,"0.11.235",71.2586669921875,6.68670749664307,3.27144026756287,-0.991894900798798,-0.127062439918518,0,"Find Toppo's Posters,Crash Diagnostics - Mountains,U3 - Crash Side Quest P3,Jasper's Discovery","49,poster1;49,poster6;46,jasper;40,Find the supplies crate;66,Complete the Second Wing","U6_Dungeon","0.11.235","TaskCompleteEvent",66,"Complete the Second Wing",NA
"4091","5ce6b9fee4194c2f5ffaf166",4,"Development","e0e8ba1d-a1a8-492c-a490-549b4a24c221","JG9 UX9",188,"2019-05-23 05:19:15","WindowsPlayer",NA,11,"TaskEvent",0,"0.11.235",52.5092239379883,-70.238395690918,3.70500016212463,0.75699245929718,-0.65342390537262,0,"Find Toppo's Posters,Crash Diagnostics - Mountains,U3 - Crash Side Quest P3,Jasper's Discovery","49,poster1;49,poster6;46,jasper;40,Find the supplies crate;66,Complete the Third Wing","U6_Dungeon","0.11.235","TaskActiveEvent",66,"Enter the Alien Teleporter",NA
"4092","5ce6b9fee4194c2f5ffaf168",4,"Development","e0e8ba1d-a1a8-492c-a490-549b4a24c221","JG9 UX9",188,"2019-05-23 05:19:15","WindowsPlayer",NA,11,"TaskEvent",0,"0.11.235",52.5092239379883,-70.238395690918,3.70500016212463,0.75699245929718,-0.65342390537262,0,"Find Toppo's Posters,Crash Diagnostics - Mountains,U3 - Crash Side Quest P3,Jasper's Discovery","49,poster1;49,poster6;46,jasper;40,Find the supplies crate;66,Complete the Third Wing;66,Enter the Alien Teleporter","U6_Dungeon","0.11.235","TaskCompleteEvent",66,"Complete the Third Wing",NA
"4093","5ce6b9fee4194c2f5ffaf16a",4,"Development","e0e8ba1d-a1a8-492c-a490-549b4a24c221","JG9 UX9",188,"2019-05-23 05:19:15","WindowsPlayer",NA,11,"TaskEvent",0,"0.11.235",52.5092239379883,-70.238395690918,3.70500016212463,0.75699245929718,-0.65342390537262,0,"Find Toppo's Posters,Crash Diagnostics - Mountains,U3 - Crash Side Quest P3,Jasper's Discovery","49,poster1;49,poster6;46,jasper;40,Find the supplies crate;66,Complete the Third Wing","U6_Dungeon","0.11.235","TaskProgressEvent",66,"Complete the Third Wing",1
"4094","5ce6ba48e4194c2f5ffaf1f0",4,"Development","e0e8ba1d-a1a8-492c-a490-549b4a24c221","JG9 UX9",188,"2019-05-23 05:20:33","WindowsPlayer",NA,11,"TaskEvent",0,"0.11.235",4.53831577301025,-8.11894226074219,5.20984315872192,0.921187579631805,0.389118850231171,0,"Find Toppo's Posters,Crash Diagnostics - Mountains,U3 - Crash Side Quest P3,Jasper's Discovery","49,poster1;49,poster6;46,jasper;40,Find the supplies crate;66,Enter the Alien Teleporter","U6_Dungeon,U6_Moon","0.11.235","TaskCompleteEvent",66,"Enter the Alien Teleporter",NA
"4095","5ce6ba48e4194c2f5ffaf1f5",4,"Development","e0e8ba1d-a1a8-492c-a490-549b4a24c221","JG9 UX9",188,"2019-05-23 05:20:33","WindowsPlayer",NA,11,"TaskEvent",0,"0.11.235",4.53831577301025,-8.11894226074219,5.20984315872192,0.921187579631805,0.389118850231171,0,"Find Toppo's Posters,Crash Diagnostics - Mountains,U3 - Crash Side Quest P3,Jasper's Discovery,Into the Unknown!","49,poster1;49,poster6;46,jasper;40,Find the supplies crate","U6_Dungeon,U6_Moon","0.11.235","TaskActiveEvent",90,"Enter the Alien Base",NA
"4096","5ce6ba48e4194c2f5ffaf1f6",4,"Development","e0e8ba1d-a1a8-492c-a490-549b4a24c221","JG9 UX9",188,"2019-05-23 05:20:33","WindowsPlayer",NA,11,"TaskEvent",0,"0.11.235",4.53831577301025,-8.11894226074219,5.20984315872192,0.921187579631805,0.389118850231171,0,"Find Toppo's Posters,Crash Diagnostics - Mountains,U3 - Crash Side Quest P3,Into the Unknown!","49,poster1;49,poster6;46,jasper;40,Find the supplies crate;90,Enter the Alien Base","U6_Dungeon,U6_Moon","0.11.235","TaskProgressEvent",66,"Enter the Alien Teleporter",1
"4097","5ce6ba7be4194c2f5ffaf24e",4,"Development","e0e8ba1d-a1a8-492c-a490-549b4a24c221","JG9 UX9",188,"2019-05-23 05:21:26","WindowsPlayer",NA,11,"TaskEvent",0,"0.11.235",0.59601491689682,135.725082397461,0.980000019073486,-0.0906326621770859,0.995884418487549,0,"Find Toppo's Posters,Crash Diagnostics - Mountains,U3 - Crash Side Quest P3,Into the Unknown!","49,poster1;49,poster6;46,jasper;40,Find the supplies crate;90,Enter the Alien Base","U6_Moon,U6_Moon_Quest,U6_MoonBase","0.11.235","TaskCompleteEvent",90,"Enter the Alien Base",NA
"4098","5ce6ba7be4194c2f5ffaf255",4,"Development","e0e8ba1d-a1a8-492c-a490-549b4a24c221","JG9 UX9",188,"2019-05-23 05:21:26","WindowsPlayer",NA,11,"TaskEvent",0,"0.11.235",0.59601491689682,135.725082397461,0.980000019073486,-0.0906326621770859,0.995884418487549,0,"Find Toppo's Posters,Crash Diagnostics - Mountains,U3 - Crash Side Quest P3,Into the Unknown!","49,poster1;49,poster6;46,jasper;40,Find the supplies crate;90,Enter the Alien Base","U6_Moon,U6_Moon_Quest,U6_MoonBase","0.11.235","TaskActiveEvent",90,"Operate the Alien Console",NA
"4099","5ce6ba7be4194c2f5ffaf256",4,"Development","e0e8ba1d-a1a8-492c-a490-549b4a24c221","JG9 UX9",188,"2019-05-23 05:21:26","WindowsPlayer",NA,11,"TaskEvent",0,"0.11.235",0.59601491689682,135.725082397461,0.980000019073486,-0.0906326621770859,0.995884418487549,0,"Find Toppo's Posters,Crash Diagnostics - Mountains,U3 - Crash Side Quest P3,Into the Unknown!","49,poster1;49,poster6;46,jasper;40,Find the supplies crate;90,Enter the Alien Base;90,Operate the Alien Console","U6_Moon,U6_Moon_Quest,U6_MoonBase","0.11.235","TaskProgressEvent",90,"Enter the Alien Base",1
"4100","5ce6baade4194c2f5ffaf2a7",4,"Development","e0e8ba1d-a1a8-492c-a490-549b4a24c221","JG9 UX9",188,"2019-05-23 05:22:20","WindowsPlayer",NA,11,"TaskEvent",0,"0.11.235",0.303247839212418,670.775695800781,-25.1720428466797,0.00698122708126903,0.999975621700287,0,"Find Toppo's Posters,Crash Diagnostics - Mountains,U3 - Crash Side Quest P3,Into the Unknown!,Save the Water!","49,poster1;49,poster6;46,jasper;40,Find the supplies crate","U6_Moon,U6_Moon_Quest,U6_MoonBase","0.11.235","TaskCompleteEvent",90,"Operate the Alien Console",NA
"4101","5ce6baade4194c2f5ffaf2a8",4,"Development","e0e8ba1d-a1a8-492c-a490-549b4a24c221","JG9 UX9",188,"2019-05-23 05:22:20","WindowsPlayer",NA,11,"TaskEvent",0,"0.11.235",0.303247839212418,670.775695800781,-25.1720428466797,0.00698122708126903,0.999975621700287,0,"Find Toppo's Posters,Crash Diagnostics - Mountains,U3 - Crash Side Quest P3,Save the Water!","49,poster1;49,poster6;46,jasper;40,Find the supplies crate;67,Reverse the Water","U6_Moon,U6_Moon_Quest,U6_MoonBase","0.11.235","TaskActiveEvent",67,"Reverse the Water",NA
"4102","5ce6baade4194c2f5ffaf2b0",4,"Development","e0e8ba1d-a1a8-492c-a490-549b4a24c221","JG9 UX9",188,"2019-05-23 05:22:20","WindowsPlayer",NA,11,"TaskEvent",0,"0.11.235",0.303247839212418,670.775695800781,-25.1720428466797,0.00698122708126903,0.999975621700287,0,"Find Toppo's Posters,Crash Diagnostics - Mountains,U3 - Crash Side Quest P3,Into the Unknown!","49,poster1;49,poster6;46,jasper;40,Find the supplies crate;90,Operate the Alien Console","U6_Moon,U6_Moon_Quest,U6_MoonBase","0.11.235","TaskProgressEvent",90,"Operate the Alien Console",1
"4103","5ce6badae4194c2f5ffaf2db",4,"Development","e0e8ba1d-a1a8-492c-a490-549b4a24c221","JG9 UX9",188,"2019-05-23 05:22:55","WindowsPlayer",NA,11,"TaskEvent",0,"0.11.235",0.303247839212418,670.775695800781,-25.1720428466797,0.00698122708126903,0.999975621700287,0,"Find Toppo's Posters,Crash Diagnostics - Mountains,U3 - Crash Side Quest P3,Save the Water!","49,poster1;49,poster6;46,jasper;40,Find the supplies crate;67,Reverse the Water","U6_Moon,U6_Moon_Quest,U6_MoonBase","0.11.235","TaskProgressEvent",67,"Reverse the Water",1
"4104","5ce6badae4194c2f5ffaf2dd",4,"Development","e0e8ba1d-a1a8-492c-a490-549b4a24c221","JG9 UX9",188,"2019-05-23 05:22:55","WindowsPlayer",NA,11,"TaskEvent",0,"0.11.235",0.303247839212418,670.775695800781,-25.1720428466797,0.00698122708126903,0.999975621700287,0,"Find Toppo's Posters,Crash Diagnostics - Mountains,U3 - Crash Side Quest P3,Save the Water!","49,poster1;49,poster6;46,jasper;40,Find the supplies crate;67,Reverse the Water","U6_Moon,U6_Moon_Quest,U6_MoonBase","0.11.235","TaskCompleteEvent",67,"Reverse the Water",NA
"4105","5ce6badae4194c2f5ffaf2de",4,"Development","e0e8ba1d-a1a8-492c-a490-549b4a24c221","JG9 UX9",188,"2019-05-23 05:22:55","WindowsPlayer",NA,11,"TaskEvent",0,"0.11.235",0.303247839212418,670.775695800781,-25.1720428466797,0.00698122708126903,0.999975621700287,0,"Find Toppo's Posters,Crash Diagnostics - Mountains,U3 - Crash Side Quest P3,Save the Water!","49,poster1;49,poster6;46,jasper;40,Find the supplies crate;67,Reverse the Water;67,Open the 2nd Blast Door","U6_Moon,U6_Moon_Quest,U6_MoonBase","0.11.235","TaskActiveEvent",67,"Open the 2nd Blast Door",NA
"4106","5ce6bae9e4194c2f5ffaf2f8",4,"Development","e0e8ba1d-a1a8-492c-a490-549b4a24c221","JG9 UX9",188,"2019-05-23 05:23:15","WindowsPlayer",NA,11,"TaskEvent",0,"0.11.235",0.303247839212418,670.775695800781,-25.1720428466797,0.00698122708126903,0.999975621700287,0,"Find Toppo's Posters,Crash Diagnostics - Mountains,U3 - Crash Side Quest P3,Save the Water!","49,poster1;49,poster6;46,jasper;40,Find the supplies crate;67,Open the 2nd Blast Door","U6_Moon,U6_Moon_Quest,U6_MoonBase","0.11.235","TaskProgressEvent",67,"Open the 2nd Blast Door",1
"4107","5ce6bae9e4194c2f5ffaf2f9",4,"Development","e0e8ba1d-a1a8-492c-a490-549b4a24c221","JG9 UX9",188,"2019-05-23 05:23:15","WindowsPlayer",NA,11,"TaskEvent",0,"0.11.235",0.303247839212418,670.775695800781,-25.1720428466797,0.00698122708126903,0.999975621700287,0,"Find Toppo's Posters,Crash Diagnostics - Mountains,U3 - Crash Side Quest P3,Save the Water!","49,poster1;49,poster6;46,jasper;40,Find the supplies crate;67,Open the 2nd Blast Door;67,Open the 3rd Blast Door","U6_Moon,U6_Moon_Quest,U6_MoonBase","0.11.235","TaskActiveEvent",67,"Open the 3rd Blast Door",NA
"4108","5ce6bae9e4194c2f5ffaf2fd",4,"Development","e0e8ba1d-a1a8-492c-a490-549b4a24c221","JG9 UX9",188,"2019-05-23 05:23:15","WindowsPlayer",NA,11,"TaskEvent",0,"0.11.235",0.303247839212418,670.775695800781,-25.1720428466797,0.00698122708126903,0.999975621700287,0,"Find Toppo's Posters,Crash Diagnostics - Mountains,U3 - Crash Side Quest P3,Save the Water!","49,poster1;49,poster6;46,jasper;40,Find the supplies crate;67,Open the 2nd Blast Door","U6_Moon,U6_Moon_Quest,U6_MoonBase","0.11.235","TaskCompleteEvent",67,"Open the 2nd Blast Door",NA
"4109","5ce6bb11e4194c2f5ffaf32f",4,"Development","e0e8ba1d-a1a8-492c-a490-549b4a24c221","JG9 UX9",188,"2019-05-23 05:23:50","WindowsPlayer",NA,11,"TaskEvent",0,"0.11.235",0.303247839212418,670.775695800781,-25.1720428466797,0.00698122708126903,0.999975621700287,0,"Find Toppo's Posters,Crash Diagnostics - Mountains,U3 - Crash Side Quest P3,Save the Water!","49,poster1;49,poster6;46,jasper;40,Find the supplies crate;67,Open the 3rd Blast Door","U6_Moon,U6_Moon_Quest,U6_MoonBase","0.11.235","TaskActiveEvent",67,"Thaw the Ice",NA
"4110","5ce6bb11e4194c2f5ffaf330",4,"Development","e0e8ba1d-a1a8-492c-a490-549b4a24c221","JG9 UX9",188,"2019-05-23 05:23:50","WindowsPlayer",NA,11,"TaskEvent",0,"0.11.235",0.303247839212418,670.775695800781,-25.1720428466797,0.00698122708126903,0.999975621700287,0,"Find Toppo's Posters,Crash Diagnostics - Mountains,U3 - Crash Side Quest P3,Save the Water!","49,poster1;49,poster6;46,jasper;40,Find the supplies crate;67,Open the 3rd Blast Door","U6_Moon,U6_Moon_Quest,U6_MoonBase","0.11.235","TaskProgressEvent",67,"Open the 3rd Blast Door",1
"4111","5ce6bb11e4194c2f5ffaf331",4,"Development","e0e8ba1d-a1a8-492c-a490-549b4a24c221","JG9 UX9",188,"2019-05-23 05:23:50","WindowsPlayer",NA,11,"TaskEvent",0,"0.11.235",0.303247839212418,670.775695800781,-25.1720428466797,0.00698122708126903,0.999975621700287,0,"Find Toppo's Posters,Crash Diagnostics - Mountains,U3 - Crash Side Quest P3,Save the Water!","49,poster1;49,poster6;46,jasper;40,Find the supplies crate;67,Thaw the Ice","U6_Moon,U6_Moon_Quest,U6_MoonBase","0.11.235","TaskCompleteEvent",67,"Open the 3rd Blast Door",NA
"4112","5ce6bb11e4194c2f5ffaf339",4,"Development","e0e8ba1d-a1a8-492c-a490-549b4a24c221","JG9 UX9",188,"2019-05-23 05:23:50","WindowsPlayer",NA,11,"TaskEvent",0,"0.11.235",0.303247839212418,670.775695800781,-25.1720428466797,0.00698122708126903,0.999975621700287,0,"Find Toppo's Posters,Crash Diagnostics - Mountains,U3 - Crash Side Quest P3,Save the Water!","49,poster1;49,poster6;46,jasper;40,Find the supplies crate;67,Open the 3rd Blast Door;67,Thaw the Ice","U6_Moon,U6_Moon_Quest,U6_MoonBase","0.11.235","TaskProgressEvent",67,"Thaw the Ice",1
"4113","5ce6bb11e4194c2f5ffaf33a",4,"Development","e0e8ba1d-a1a8-492c-a490-549b4a24c221","JG9 UX9",188,"2019-05-23 05:23:50","WindowsPlayer",NA,11,"TaskEvent",0,"0.11.235",0.303247839212418,670.775695800781,-25.1720428466797,0.00698122708126903,0.999975621700287,0,"Find Toppo's Posters,Crash Diagnostics - Mountains,U3 - Crash Side Quest P3,Save the Water!","49,poster1;49,poster6;46,jasper;40,Find the supplies crate;67,Thaw the Ice","U6_Moon,U6_Moon_Quest,U6_MoonBase","0.11.235","TaskCompleteEvent",67,"Thaw the Ice",NA
"4114","5ce6bb11e4194c2f5ffaf33b",4,"Development","e0e8ba1d-a1a8-492c-a490-549b4a24c221","JG9 UX9",188,"2019-05-23 05:23:50","WindowsPlayer",NA,11,"TaskEvent",0,"0.11.235",0.303247839212418,670.775695800781,-25.1720428466797,0.00698122708126903,0.999975621700287,0,"Find Toppo's Posters,Crash Diagnostics - Mountains,U3 - Crash Side Quest P3,Save the Water!","49,poster1;49,poster6;46,jasper;40,Find the supplies crate;67,Thaw the Ice;67,Open the 4th Blast Door","U6_Moon,U6_Moon_Quest,U6_MoonBase","0.11.235","TaskActiveEvent",67,"Open the 4th Blast Door",NA
"4115","5ce6bb1be4194c2f5ffaf34f",4,"Development","e0e8ba1d-a1a8-492c-a490-549b4a24c221","JG9 UX9",188,"2019-05-23 05:24:11","WindowsPlayer",NA,11,"TaskEvent",0,"0.11.235",0.303247839212418,670.775695800781,-25.1720428466797,0.00698122708126903,0.999975621700287,0,"Find Toppo's Posters,Crash Diagnostics - Mountains,U3 - Crash Side Quest P3,Save the Water!","49,poster1;49,poster6;46,jasper;40,Find the supplies crate;67,Open the 4th Blast Door","U6_Moon,U6_Moon_Quest,U6_MoonBase","0.11.235","TaskCompleteEvent",67,"Open the 4th Blast Door",NA
"4116","5ce6bb1be4194c2f5ffaf352",4,"Development","e0e8ba1d-a1a8-492c-a490-549b4a24c221","JG9 UX9",188,"2019-05-23 05:24:11","WindowsPlayer",NA,11,"TaskEvent",0,"0.11.235",0.303247839212418,670.775695800781,-25.1720428466797,0.00698122708126903,0.999975621700287,0,"Find Toppo's Posters,Crash Diagnostics - Mountains,U3 - Crash Side Quest P3,Save the Water!","49,poster1;49,poster6;46,jasper;40,Find the supplies crate;67,Close the 4th Blast Door","U6_Moon,U6_Moon_Quest,U6_MoonBase","0.11.235","TaskActiveEvent",67,"Close the 4th Blast Door",NA
"4117","5ce6bb1be4194c2f5ffaf353",4,"Development","e0e8ba1d-a1a8-492c-a490-549b4a24c221","JG9 UX9",188,"2019-05-23 05:24:11","WindowsPlayer",NA,11,"TaskEvent",0,"0.11.235",0.303247839212418,670.775695800781,-25.1720428466797,0.00698122708126903,0.999975621700287,0,"Find Toppo's Posters,Crash Diagnostics - Mountains,U3 - Crash Side Quest P3,Save the Water!","49,poster1;49,poster6;46,jasper;40,Find the supplies crate;67,Close the 4th Blast Door;67,Condense the Water","U6_Moon,U6_Moon_Quest,U6_MoonBase","0.11.235","TaskProgressEvent",67,"Open the 4th Blast Door",1
"4118","5ce6bb1be4194c2f5ffaf354",4,"Development","e0e8ba1d-a1a8-492c-a490-549b4a24c221","JG9 UX9",188,"2019-05-23 05:24:11","WindowsPlayer",NA,11,"TaskEvent",0,"0.11.235",0.303247839212418,670.775695800781,-25.1720428466797,0.00698122708126903,0.999975621700287,0,"Find Toppo's Posters,Crash Diagnostics - Mountains,U3 - Crash Side Quest P3,Save the Water!","49,poster1;49,poster6;46,jasper;40,Find the supplies crate;67,Condense the Water;67,Re-open the 4th Blast Door","U6_Moon,U6_Moon_Quest,U6_MoonBase","0.11.235","TaskProgressEvent",67,"Close the 4th Blast Door",1
"4119","5ce6bb1be4194c2f5ffaf355",4,"Development","e0e8ba1d-a1a8-492c-a490-549b4a24c221","JG9 UX9",188,"2019-05-23 05:24:11","WindowsPlayer",NA,11,"TaskEvent",0,"0.11.235",0.303247839212418,670.775695800781,-25.1720428466797,0.00698122708126903,0.999975621700287,0,"Find Toppo's Posters,Crash Diagnostics - Mountains,U3 - Crash Side Quest P3,Save the Water!","49,poster1;49,poster6;46,jasper;40,Find the supplies crate;67,Re-open the 4th Blast Door","U6_Moon,U6_Moon_Quest,U6_MoonBase","0.11.235","TaskActiveEvent",67,"Condense the Water",NA
"4120","5ce6bb1be4194c2f5ffaf356",4,"Development","e0e8ba1d-a1a8-492c-a490-549b4a24c221","JG9 UX9",188,"2019-05-23 05:24:11","WindowsPlayer",NA,11,"TaskEvent",0,"0.11.235",0.303247839212418,670.775695800781,-25.1720428466797,0.00698122708126903,0.999975621700287,0,"Find Toppo's Posters,Crash Diagnostics - Mountains,U3 - Crash Side Quest P3,Save the Water!,Escape the Moon","49,poster1;49,poster6;46,jasper;40,Find the supplies crate","U6_Moon,U6_Moon_Quest,U6_MoonBase","0.11.235","TaskCompleteEvent",67,"Close the 4th Blast Door",NA
"4121","5ce6bb1be4194c2f5ffaf357",4,"Development","e0e8ba1d-a1a8-492c-a490-549b4a24c221","JG9 UX9",188,"2019-05-23 05:24:11","WindowsPlayer",NA,11,"TaskEvent",0,"0.11.235",0.303247839212418,670.775695800781,-25.1720428466797,0.00698122708126903,0.999975621700287,0,"Find Toppo's Posters,Crash Diagnostics - Mountains,U3 - Crash Side Quest P3,Save the Water!","49,poster1;49,poster6;46,jasper;40,Find the supplies crate;67,Close the 4th Blast Door","U6_Moon,U6_Moon_Quest,U6_MoonBase","0.11.235","TaskProgressEvent",67,"Condense the Water",1
"4122","5ce6bb1be4194c2f5ffaf358",4,"Development","e0e8ba1d-a1a8-492c-a490-549b4a24c221","JG9 UX9",188,"2019-05-23 05:24:11","WindowsPlayer",NA,11,"TaskEvent",0,"0.11.235",0.303247839212418,670.775695800781,-25.1720428466797,0.00698122708126903,0.999975621700287,0,"Find Toppo's Posters,Crash Diagnostics - Mountains,U3 - Crash Side Quest P3,Escape the Moon","49,poster1;49,poster6;46,jasper;40,Find the supplies crate;68,Return to the Teleporter","U6_Moon,U6_Moon_Quest,U6_MoonBase","0.11.235","TaskActiveEvent",67,"Re-open the 4th Blast Door",NA
"4123","5ce6bb1be4194c2f5ffaf359",4,"Development","e0e8ba1d-a1a8-492c-a490-549b4a24c221","JG9 UX9",188,"2019-05-23 05:24:11","WindowsPlayer",NA,11,"TaskEvent",0,"0.11.235",0.303247839212418,670.775695800781,-25.1720428466797,0.00698122708126903,0.999975621700287,0,"Find Toppo's Posters,Crash Diagnostics - Mountains,U3 - Crash Side Quest P3,Save the Water!","49,poster1;49,poster6;46,jasper;40,Find the supplies crate;67,Open the 4th Blast Door","U6_Moon,U6_Moon_Quest,U6_MoonBase","0.11.235","TaskActiveEvent",68,"Return to the Teleporter",NA
"4124","5ce6bb1be4194c2f5ffaf35a",4,"Development","e0e8ba1d-a1a8-492c-a490-549b4a24c221","JG9 UX9",188,"2019-05-23 05:24:11","WindowsPlayer",NA,11,"TaskEvent",0,"0.11.235",0.303247839212418,670.775695800781,-25.1720428466797,0.00698122708126903,0.999975621700287,0,"Find Toppo's Posters,Crash Diagnostics - Mountains,U3 - Crash Side Quest P3,Save the Water!","49,poster1;49,poster6;46,jasper;40,Find the supplies crate;67,Open the 4th Blast Door;67,Close the 4th Blast Door","U6_Moon,U6_Moon_Quest,U6_MoonBase","0.11.235","TaskCompleteEvent",67,"Condense the Water",NA
"4125","5ce6bb1be4194c2f5ffaf35b",4,"Development","e0e8ba1d-a1a8-492c-a490-549b4a24c221","JG9 UX9",188,"2019-05-23 05:24:11","WindowsPlayer",NA,11,"TaskEvent",0,"0.11.235",0.303247839212418,670.775695800781,-25.1720428466797,0.00698122708126903,0.999975621700287,0,"Find Toppo's Posters,Crash Diagnostics - Mountains,U3 - Crash Side Quest P3,Save the Water!","49,poster1;49,poster6;46,jasper;40,Find the supplies crate;67,Condense the Water","U6_Moon,U6_Moon_Quest,U6_MoonBase","0.11.235","TaskCompleteEvent",67,"Re-open the 4th Blast Door",NA
"4126","5ce6bb1be4194c2f5ffaf35c",4,"Development","e0e8ba1d-a1a8-492c-a490-549b4a24c221","JG9 UX9",188,"2019-05-23 05:24:11","WindowsPlayer",NA,11,"TaskEvent",0,"0.11.235",0.303247839212418,670.775695800781,-25.1720428466797,0.00698122708126903,0.999975621700287,0,"Find Toppo's Posters,Crash Diagnostics - Mountains,U3 - Crash Side Quest P3,Save the Water!","49,poster1;49,poster6;46,jasper;40,Find the supplies crate;67,Condense the Water","U6_Moon,U6_Moon_Quest,U6_MoonBase","0.11.235","TaskProgressEvent",67,"Re-open the 4th Blast Door",1
"4127","5ce6bb64e4194c2f5ffaf3a6",4,"Development","e0e8ba1d-a1a8-492c-a490-549b4a24c221","JG9 UX9",188,"2019-05-23 05:25:00","WindowsPlayer",NA,11,"TaskEvent",0,"0.11.235",0.229318410158157,-0.109674960374832,2.70984315872192,-0.0993199348449707,-0.995055675506592,0,"Find Toppo's Posters,Crash Diagnostics - Mountains,U3 - Crash Side Quest P3,Escape the Moon","49,poster1;49,poster6;46,jasper;40,Find the supplies crate;68,Return to the Teleporter","U6_Moon,U6_Moon_Quest,U6_MoonBase","0.11.235","TaskProgressEvent",68,"Return to the Teleporter",1
"4128","5ce6bb64e4194c2f5ffaf3a7",4,"Development","e0e8ba1d-a1a8-492c-a490-549b4a24c221","JG9 UX9",188,"2019-05-23 05:25:00","WindowsPlayer",NA,11,"TaskEvent",0,"0.11.235",0.229318410158157,-0.109674960374832,2.70984315872192,-0.0993199348449707,-0.995055675506592,0,"Find Toppo's Posters,Crash Diagnostics - Mountains,U3 - Crash Side Quest P3,Escape the Moon","49,poster1;49,poster6;46,jasper;40,Find the supplies crate;68,Return to the Teleporter","U6_Moon,U6_Moon_Quest,U6_MoonBase","0.11.235","TaskCompleteEvent",68,"Return to the Teleporter",NA
"4129","5ce6bb64e4194c2f5ffaf3a8",4,"Development","e0e8ba1d-a1a8-492c-a490-549b4a24c221","JG9 UX9",188,"2019-05-23 05:25:00","WindowsPlayer",NA,11,"TaskEvent",0,"0.11.235",0.229318410158157,-0.109674960374832,2.70984315872192,-0.0993199348449707,-0.995055675506592,0,"Find Toppo's Posters,Crash Diagnostics - Mountains,U3 - Crash Side Quest P3,Escape the Moon","49,poster1;49,poster6;46,jasper;40,Find the supplies crate;68,Return to the Teleporter;68,Talk with Toppo","U6_Moon,U6_Moon_Quest,U6_MoonBase","0.11.235","TaskActiveEvent",68,"Talk with Toppo",NA
"4130","5ce6bbade4194c2f5ffaf403",4,"Development","e0e8ba1d-a1a8-492c-a490-549b4a24c221","JG9 UX9",188,"2019-05-23 05:26:23","WindowsPlayer",NA,11,"TaskEvent",0,"0.11.235",-68.4468002319336,-104.418762207031,58.9669380187988,0.728968799114227,0.684546947479248,0,"Find Toppo's Posters,Crash Diagnostics - Mountains,U3 - Crash Side Quest P3,Escape the Moon","49,poster1;49,poster6;46,jasper;40,Find the supplies crate;68,Talk with Toppo","Player_Base","0.11.235","TaskCompleteEvent",68,"Talk with Toppo",NA
"4131","5ce6bbade4194c2f5ffaf404",4,"Development","e0e8ba1d-a1a8-492c-a490-549b4a24c221","JG9 UX9",188,"2019-05-23 05:26:23","WindowsPlayer",NA,11,"TaskEvent",0,"0.11.235",-68.4468002319336,-104.418762207031,58.9669380187988,0.728968799114227,0.684546947479248,0,"Find Toppo's Posters,Crash Diagnostics - Mountains,U3 - Crash Side Quest P3","49,poster1;49,poster6;46,jasper;40,Find the supplies crate","Player_Base","0.11.235","TaskProgressEvent",68,"Talk with Toppo",1
